priority,set or rise,alt set start,alt rise start,alt set end,alt rise end,max_alt,Sp_ID
-0.5,None,-22.18571094036542,-15.095859807496362,-52.13618335172916,2.8978580039415736,-15.095859807496362,Sp0000-1245
-0.5,None,-8.007825686005924,-1.655458448940449,-33.13346853984407,16.136362195625097,-1.655458448940449,Sp0001+1535
-0.5,None,-15.265838083955027,-8.934976787929827,-43.426820647074685,9.398487725944848,-8.934976787929827,Sp0002+0115
-0.5,None,15.50088808470643,18.38576596344678,2.6512407454354863,28.708604698498977,18.38576596344678,Sp0004+5843
-0.5,None,-24.627731310648166,-19.49418122738152,-54.715299945132834,-2.0600591635164927,-19.49418122738152,Sp0004-2058
-0.5,None,-30.686031790456365,-26.247494787012645,-56.59258321930133,-11.559378421114971,-26.247494787012645,Sp0004-4044
-0.5,None,-14.119783554530454,-9.075976466918632,-42.193606167767804,9.242960808101298,-9.075976466918632,Sp0005+0217
-0.5,None,-24.7605859201643,-20.124608407572254,-54.7923443207575,-2.7693952375686366,-20.124608407572254,Sp0005-2157
-0.5,None,-12.625703383243337,-8.222501033613389,-40.313406517443696,10.048296853298577,-8.222501033613389,Sp0006+0439
-0.5,None,-25.58602570055874,-21.57282752005662,-55.3557906549768,-4.509311018293301,-21.57282752005662,Sp0007-2458
-0.5,None,0.8339886205793005,3.6754534337297717,-21.29304369269234,19.987452779544327,3.6754534337297717,Sp0008+2911
-0.5,None,14.14979204195064,16.18825471732335,-0.21005850372228144,27.480456665478325,16.18825471732335,Sp0008+5453
-0.5,None,-17.760030812363848,-15.052541211327874,-47.40145794899824,3.201266757565847,-15.052541211327874,Sp0010-0746
-0.5,None,-23.307035168885207,-20.447910526501254,-53.39325166537987,-2.918531456708622,-20.447910526501254,Sp0010-2031
-0.5,None,-27.599412660043573,-25.369924624564458,-55.76023663989985,-9.37433208202005,-25.369924624564458,Sp0011-3334
-0.5,None,13.218068501634551,14.35133613955311,-2.295725402655247,26.318809379173633,14.35133613955311,Sp0012+5159
-0.5,None,7.35203481131299,8.5266029458997,-11.897049170237239,23.010577920660403,8.5266029458997,Sp0013+4012
-0.5,None,-23.255130353850255,-22.10851742721718,-53.195914644074996,-4.725774293294869,-22.10851742721718,Sp0013-2235
-0.5,None,-26.74446086078941,-25.71996390154849,-55.07910766620335,-9.562577522386402,-25.71996390154849,Sp0014-3245
-0.5,None,-30.412068696572415,-29.844125990963644,-52.872101696867574,-16.703199236997488,-29.844125990963644,Sp0014-4844
-0.5,None,5.250876792716355,5.555481493597957,-15.570972875924186,20.858990134132174,5.555481493597957,Sp0015+3516
-0.5,None,5.737653775302473,6.144296770237524,-14.772010433561439,21.279994529026407,6.144296770237524,Sp0015+3618
-0.5,None,8.967048643040037,9.397689391572523,-9.659427477049523,23.374720928746605,9.397689391572523,Sp0015+4239
-0.5,None,-28.396459299578083,-28.607339904101334,-54.197197156121646,-13.780374235910873,-28.396459299578083,Sp0017-4054
-0.5,None,-31.31036715036244,-31.75941672773548,-45.719104315597335,-22.719737254662576,-31.31036715036244,Sp0018-6356
-0.5,None,-11.918867970319278,-13.03510934982439,-40.69306889309297,5.281909455012004,-11.918867970319278,Sp0019+0030
-0.5,None,14.320147827489869,13.470375589879827,-1.45378659913482,25.276346592607485,14.320147827489869,Sp0019+5213
-0.5,None,-27.024333597274463,-28.165535574940684,-54.01260773068931,-12.673640339746932,-27.024333597274463,Sp0019-3724
-0.5,None,-21.57700378958943,-23.27607442159582,-51.52472090871466,-5.76437971564522,-21.57700378958943,Sp0020-2155
-0.5,None,-28.14401007964611,-29.726397347014277,-53.228633942586704,-15.20959759898093,-28.14401007964611,Sp0021-4244
-0.5,None,-5.502448933980288,-7.852023791980384,-32.33402638335458,9.991697244229357,-5.502448933980288,Sp0022+1203
-0.5,None,16.040336734634927,13.817046409631084,0.7705577526386401,25.01261585812656,16.040336734634927,Sp0025+5422
-0.5,None,-7.324412140838466,-11.63402257077298,-35.34378457858385,6.476786504856791,-7.324412140838466,Sp0026+0632
-0.5,None,-29.46621827434921,-32.422729618515135,-49.15827222943469,-20.594498967977675,-29.46621827434921,Sp0026-5428
-0.5,None,-29.33319913856146,-32.45287415979046,-49.261279764032345,-20.50053476441675,-29.33319913856146,Sp0027-5401
-0.5,None,1.2291535372312028,-3.376814338091134,-23.481443954537774,13.439197770810006,1.2291535372312028,Sp0028+2249
-0.5,None,-3.6056088374539956,-8.837078521237604,-30.524511178236565,8.882292274791018,-3.6056088374539956,Sp0029+1255
-0.5,None,1.6039038069438616,-3.814829902156094,-23.21586491230696,12.97934832212056,1.6039038069438616,Sp0030+2244
-0.5,None,-6.049738376943883,-12.600098777145163,-34.17750925100262,5.463326731377912,-6.049738376943883,Sp0031+0649
-0.5,None,-25.18883089052487,-30.705959118350602,-51.67523591910855,-15.290774152045664,-25.18883089052487,Sp0031-3840
-0.5,None,-8.22249562517609,-14.936044990961166,-37.05018932367423,3.302717069205642,-8.22249562517609,Sp0032+0219
-0.5,None,5.3275714043061955,-0.49400119253496794,-17.90152203219428,15.416733039099402,5.3275714043061955,Sp0032+2927
-0.5,None,-16.109527360915724,-23.422175565185476,-46.2611227263818,-5.349070706621439,-16.109527360915724,Sp0033-1521
-0.5,None,5.666951035880202,-1.4857749036127257,-17.89155031268129,14.45745561857737,5.666951035880202,Sp0035+2848
-0.5,None,0.5946065391820138,-7.360466353624843,-25.469481688633728,9.81427568492494,0.5946065391820138,Sp0036+1821
-0.5,None,-17.57452517427116,-26.214912826088195,-47.51663700972512,-8.442998136431044,-17.57452517427116,Sp0036-2031
-0.5,None,10.998849291298257,3.93653548186192,-9.780131455227892,18.180549635887186,10.998849291298257,Sp0037+3910
-0.5,None,-0.527534382953236,-11.041004054875497,-27.747187783273013,6.481431745428815,-0.527534382953236,Sp0041+1341
-0.5,None,-10.437390404167125,-21.85443258962688,-40.39863813911705,-3.5187505347575527,-10.437390404167125,Sp0042-0712
-0.5,None,5.064311754347905,-5.390062494007645,-19.919387339142382,10.998384232273363,5.064311754347905,Sp0043+2426
-0.5,None,19.244036325845542,12.44168329671409,3.8673263241133307,22.895716311949293,19.244036325845542,Sp0044+5610
-0.5,None,-4.858101671220139,-17.705306435389485,-33.9253598901856,0.4444022576015199,-4.858101671220139,Sp0046+0252
-0.5,None,-20.975976441920018,-32.774112940934685,-48.463069105511885,-16.519070817405698,-20.975976441920018,Sp0046-3442
-0.5,None,-8.643759277083856,-23.06860710069961,-38.62449182812172,-4.728700172024306,-8.643759277083856,Sp0049-0635
-0.5,None,-12.54781660954128,-27.268997302531904,-42.65896486591473,-9.115175821119385,-12.54781660954128,Sp0050-1538
-0.5,None,-15.45164311742968,-30.23074611124718,-45.06083101462933,-12.524018854910434,-15.45164311742968,Sp0051-2251
-0.5,None,-16.873531831180244,-31.957894097510962,-45.88881164140735,-14.640861631638058,-16.873531831180244,Sp0052-2705
-0.5,None,18.07331102978294,7.620419883330273,-0.0018642658982939114,19.427857523916717,18.07331102978294,Sp0053+4942
-0.5,None,18.2245666059098,7.77887339398024,0.25200573355278755,19.51228802660171,18.2245666059098,Sp0053+5001
-0.5,None,-20.368726132826573,-34.484330011192284,-47.27614249025708,-18.45278058979787,-20.368726132826573,Sp0053-3631
-0.5,None,-17.926297087454753,-33.497360919122464,-46.2104394096069,-16.607424961705302,-17.926297087454753,Sp0055-3052
-0.5,None,-25.552772844337813,-36.48726543660657,-45.19398511187463,-24.57154715266695,-25.552772844337813,Sp0055-5450
-0.5,None,18.417774736230715,6.281042057735326,-0.24775439852155168,18.232804877938182,18.417774736230715,Sp0058+4835
-0.5,None,-6.730765818607943,-25.220439559410398,-36.785640046667275,-6.883380709795901,-6.730765818607943,Sp0058-0651
-0.5,None,21.69057458020208,11.38121328323359,6.239629746768326,21.258315580429212,21.69057458020208,Sp0059+5726
-0.5,None,20.46092035781538,8.448026744516634,3.2118538939625783,19.370903839224834,20.46092035781538,Sp0102+5254
-0.5,None,-18.995747416171692,-36.564032178661606,-45.45702266442831,-20.62809303736431,-18.995747416171692,Sp0102-3737
-0.5,None,-26.464352290055075,-36.60267534565989,-41.67848796108332,-27.26446011614224,-26.464352290055075,Sp0102-6322
-0.5,None,9.942100046537712,-7.842194420274864,-15.344104203720704,7.926091311755531,9.942100046537712,Sp0103+2626
-0.5,None,17.788176907998135,3.621825623026879,-2.2030346203193703,16.203198005838388,17.788176907998135,Sp0103+4509
-0.5,None,-2.860249687322986,-23.187392112073816,-32.57841227624228,-4.991403754233946,-2.860249687322986,Sp0103-0044
-0.5,None,4.9059057792790925,-14.88450196038205,-22.79186399432911,2.2233101244986386,4.9059057792790925,Sp0104+1457
-0.5,None,-25.164324029933585,-37.65602346906294,-42.432007499989076,-27.102225508913012,-25.164324029933585,Sp0106-5933
-0.5,None,9.85921464650077,-9.62477168613303,-15.986199643012135,6.321094380624512,9.85921464650077,Sp0107+2435
-0.5,None,1.8498550473086248,-20.625821293327103,-27.230637265062654,-2.8568502291625397,1.8498550473086248,Sp0109+0625
-0.5,None,12.6281931331515,-6.818664689164718,-12.05717714190239,8.335172039054472,12.6281931331515,Sp0109+2949
-0.5,None,-2.809288068915495,-26.13018754074486,-32.79210011254246,-7.868889454657407,-2.809288068915495,Sp0109-0343
-0.5,None,-22.1250217893448,-38.733108644425165,-44.0063638159994,-25.41753936501754,-22.1250217893448,Sp0109-4954
-0.5,None,-22.483702944362634,-38.69518232713691,-43.88311223712326,-25.66810911252946,-22.483702944362634,Sp0109-5100
-0.5,None,-6.787154552045088,-31.8361986388005,-36.85545369418151,-13.54240844648183,-6.787154552045088,Sp0113-1408
-0.5,None,-25.230937584310233,-37.84964052401637,-39.65424561738886,-29.044405112814797,-25.230937584310233,Sp0116-6455
-0.5,None,8.90988021738052,-15.556850462152061,-18.621814271062682,1.0321478415444165,8.90988021738052,Sp0117+1752
-0.5,None,-5.42398602286533,-32.02220346516261,-35.524328835224416,-13.697506485771763,-5.42398602286533,Sp0117-1247
-0.5,None,-2.280500331877004,-30.44189580097713,-32.43022593530942,-12.126528087502283,-2.280500331877004,Sp0120-0741
-0.5,None,-18.44375862107126,-40.72971461387321,-42.26817483527821,-26.092935467318195,-18.44375862107126,Sp0121-4447
-0.5,None,-17.170503767065597,-41.14857439296735,-41.71538514386058,-26.02326604943409,-17.170503767065597,Sp0123-4240
-0.5,None,28.406157706527992,24.84714908116056,24.851132136913762,26.927804815785493,28.406157706527992,Sp0124+8334
-0.5,None,15.286771472267763,-10.103998662739725,-10.199190345653223,4.855875923532068,15.286771472267763,Sp0125+2847
-0.5,None,9.299516652445007,-19.510968260797526,-19.070691951396835,-2.691626958210393,9.299516652445007,Sp0126+1419
-0.5,None,-11.942903153653003,-40.423141991750974,-39.566379526246756,-23.347074775274816,-11.942903153653003,Sp0127-3140
-0.5,None,4.062825690084939,-26.96457989030765,-25.72003542881504,-9.105306590689532,4.062825690084939,Sp0128+0211
-0.5,None,11.4438633820419,-18.31510409580879,-16.526326717641215,-1.9107554489161884,11.4438633820419,Sp0130+1721
-0.5,None,2.5016805474626933,-29.824662329130252,-27.547889488491993,-11.733588330450086,2.5016805474626933,Sp0130-0211
-0.5,None,-16.8973319624512,-42.395836051775696,-40.60150841682813,-27.703072319676167,-16.8973319624512,Sp0130-4445
-0.5,None,15.670876723081342,-13.328854925220389,-10.73179696692568,1.8813838189875207,15.670876723081342,Sp0132+2552
-0.5,None,-0.511051426565271,-33.62478512371305,-30.65103849496172,-15.309192613929673,-0.511051426565271,Sp0132-0910
-0.5,None,-11.220617531127568,-42.07038393462606,-38.43522713934975,-25.11514300518341,-11.220617531127568,Sp0134-3255
-0.5,None,10.262711309220045,-22.63382677765219,-18.619848170339996,-5.735694588866909,10.262711309220045,Sp0135+1205
-0.5,None,14.104192687269725,-19.86675304260134,-14.013569090135187,-3.7797697301958366,14.104192687269725,Sp0141+1804
-0.5,None,-5.865795900415939,-41.505874183864336,-34.65601190108405,-23.561217694294363,-5.865795900415939,Sp0141-2417
-0.5,None,26.264273747104795,2.509712733852056,7.064245479967339,12.825875418138699,26.264273747104795,Sp0144+5121
-0.5,None,3.0877322891521524,-35.39272110870539,-27.0558050341987,-17.168469238886807,3.0877322891521524,Sp0144-0716
-0.5,None,-21.00825821445372,-42.06479382485963,-36.82656256563426,-32.48019448169973,-21.00825821445372,Sp0148-6209
-0.5,None,29.316791811529676,11.064542792541232,15.520895027273387,18.245016218449855,29.316791811529676,Sp0151+6423
-0.5,None,7.73694997175108,-33.51208522209605,-22.36807559308358,-15.6877625615247,7.73694997175108,Sp0151-0051
-0.5,None,-21.59658368238365,-41.46906098445359,-36.18866928453633,-32.70590130265123,-21.59658368238365,Sp0151-6430
-0.5,None,25.750240295235187,-4.541339714860095,3.336086148814823,7.17998831484998,25.750240295235187,Sp0154+4305
-0.5,None,13.496331089319106,-27.77203036315127,-15.970036768805448,-10.990897910873661,13.496331089319106,Sp0155+0950
-0.5,None,10.977820929839051,-32.02312483555009,-18.98215556710477,-14.628003676476625,10.977820929839051,Sp0156+0331
-0.5,None,30.015752842861787,12.514791394298872,17.36910301135498,18.970005877494792,30.015752842861787,Sp0157+6656
-0.5,None,17.820795499851865,-22.89695576895409,-10.670360207634431,-7.219903387153751,17.820795499851865,Sp0158+1807
-0.5,None,7.2438029494527365,-38.133662566110154,-22.886602422395942,-20.07355429360567,7.2438029494527365,Sp0200-0554
-0.5,None,30.531801125467457,15.050425767624386,19.83157742993619,20.420595180631718,30.531801125467457,Sp0202+7053
-0.5,None,-7.484446667293721,-48.62187736163209,-33.17798262999889,-32.046661616103535,-7.484446667293721,Sp0204-3632
-0.5,None,-9.086612737833224,-48.67316703950448,-33.848600183627156,-32.72344203607911,-9.086612737833224,Sp0204-3945
-0.5,None,17.041745116427347,-27.654290143242616,-12.257822238130421,-11.451670771132175,17.041745116427347,Sp0205+1251
-0.5,None,7.698748003485993,-39.57888877025649,-22.39223225804782,-21.49840040876655,7.698748003485993,Sp0205-0653
-0.5,None,18.063895434958056,-27.388289369878233,-11.154597181593417,-11.385372723451956,18.063895434958056,Sp0207+1355
-0.5,None,-7.400494987376858,-49.22710645032817,-32.80125238016347,-32.789199299038636,-7.400494987376858,Sp0207-3721
-0.5,None,22.960598113729773,-19.21033118046247,-4.430819689263207,-4.926057592928869,22.960598113729773,Sp0208+2542
-0.5,None,-14.241462514242167,-47.92847915091067,-34.267691386064264,-35.33952248538291,-14.241462514242167,Sp0210-5228
-0.5,None,5.146875241518595,-44.517020568489215,-24.42626155840937,-26.192197877080126,5.146875241518595,Sp0211-1427
-0.5,None,23.366303905118635,-20.669257559475014,-4.34107338218955,-6.32510314466678,23.366303905118635,Sp0212+2433
-0.5,None,7.359590431556877,-42.98957688426817,-22.506622096887572,-24.777286896731024,7.359590431556877,Sp0212-1036
-0.5,None,29.53633095846224,-5.622684302117412,7.145298194601102,5.20526758839172,29.53633095846224,Sp0213+4444
-0.5,None,6.037053885345594,-44.72812911344608,-23.574409245802567,-26.422304053569942,6.037053885345594,Sp0213-1343
-0.5,None,-2.547131414739342,-50.26634130272317,-29.47417489396956,-32.73347706749209,-2.547131414739342,Sp0215-3040
-0.5,None,10.978315729743574,-42.18496044992988,-19.066142471900257,-24.266920234433204,10.978315729743574,Sp0218-0617
-0.5,None,-2.409110551096333,-51.09850431653635,-29.055490361833133,-33.66115755226125,-2.409110551096333,Sp0218-3133
-0.5,None,4.125286811267578,-48.39464724090735,-24.7221867047565,-30.07310618744798,4.125286811267578,Sp0219-1938
-0.5,None,0.5339213538489984,-51.36137149687609,-26.89328210595431,-33.44820744124582,0.5339213538489984,Sp0222-2732
-0.5,None,32.999280368281056,7.183702928966519,17.76517144602397,14.068187106781712,32.999280368281056,Sp0225+6229
-0.5,None,32.816169382896014,-2.5235401834228672,12.254148150148902,6.740209811612493,32.816169382896014,Sp0227+5034
-0.5,None,7.400304338655569,-48.839145115749815,-21.740980420566313,-30.511374613889288,7.400304338655569,Sp0227-1624
-0.5,None,-18.219882844374258,-44.74667357518124,-32.337568476405615,-36.49071672815657,-18.219882844374258,Sp0227-6447
-0.5,None,23.83032357785036,-29.06915167067079,-5.396068163646848,-14.040505056249373,23.83032357785036,Sp0228+1639
-0.5,None,-17.41656355247883,-45.61752349897617,-32.19284085230516,-36.90193715643621,-17.41656355247883,Sp0228-6325
-0.5,None,32.88643671914087,-3.8382979097686594,11.72131184439797,5.66147960498613,32.88643671914087,Sp0229+4906
-0.5,None,24.263881122699498,-29.237778630565124,-4.9705971001413705,-14.28512149189045,24.263881122699498,Sp0230+1648
-0.5,None,11.61717453765796,-46.561056680267725,-18.122054089087552,-28.513627405446805,11.61717453765796,Sp0230-0953
-0.5,None,5.4287104385408655,-51.95358632501761,-22.839307367218677,-33.65822753740886,5.4287104385408655,Sp0232-2152
-0.5,None,27.011664176327855,-25.702455264907577,-1.5429996210619452,-11.675962041034726,27.011664176327855,Sp0233+2209
-0.5,None,30.022113947672256,-18.307311610477864,3.319641537819395,-5.804221915206397,30.022113947672256,Sp0233+3134
-0.5,None,34.127661582051005,4.7058338140574225,17.669769458999163,11.849681862170755,34.127661582051005,Sp0234+6012
-0.5,None,9.262979872139919,-52.05789092772103,-19.508808336355543,-33.731978260104256,9.262979872139919,Sp0239-1735
-0.5,None,22.364235856558107,-37.66330486954699,-7.693830177615872,-21.661789338098384,22.364235856558107,Sp0240+0727
-0.5,None,35.07667200942982,-0.2965363748169312,16.014828592003962,7.747174112880975,35.07667200942982,Sp0241+5444
-0.5,None,-10.126253942744562,-52.44900066415202,-29.452056856666005,-40.18865240165037,-10.126253942744562,Sp0242-5232
-0.5,None,35.050803818741805,-6.129035852373466,13.153724672468686,3.1316693967144835,35.050803818741805,Sp0243+4755
-0.5,None,-0.32751470355318296,-56.643625994711094,-25.24082340218361,-39.777277203101384,-0.32751470355318296,Sp0244-3548
-0.5,None,27.6458497555259,-32.0786648940915,-1.8509479911006246,-17.616085753659938,27.6458497555259,Sp0246+1625
-0.5,None,32.28075843126045,-22.400223395680147,4.663809068144237,-9.998912192887193,32.28075843126045,Sp0247+2850
-0.5,None,11.451995911914441,-53.70333462706337,-17.253204518754124,-35.418785343468166,11.451995911914441,Sp0248-1651
-0.5,None,8.868164447592946,-55.83072026151371,-19.02657702461571,-37.500473079539766,8.868164447592946,Sp0249-2147
-0.5,None,21.514577817341248,-44.24041028526422,-8.60809896253303,-27.6256499324678,21.514577817341248,Sp0251+0047
-0.5,None,19.10829126690401,-47.29477981127136,-10.834940251223507,-30.090263072700033,19.10829126690401,Sp0251-0352
-0.5,None,19.10551352889628,-47.29201300782455,-10.837836012443125,-30.087242252799744,19.10551352889628,Sp0251-0352
-0.5,None,21.851087053492133,-44.36522584647963,-8.271018350616345,-27.801850035286666,21.851087053492133,Sp0252+0056
-0.5,None,36.78288850231662,-5.045335540061473,15.629501849039588,3.453968642325796,36.78288850231662,Sp0252+5014
-0.5,None,29.244003895567296,-32.69287685892525,-0.28508449372345357,-18.54349532387191,29.244003895567296,Sp0253+1652
-0.5,None,32.95889286879931,-24.427642612288768,4.915053609431648,-11.978191445296957,32.95889286879931,Sp0253+2713
-0.5,None,8.454389038393337,-57.14433465548272,-19.021701830239166,-38.85295414214121,8.454389038393337,Sp0253-2336
-0.5,None,10.938110604156732,-55.97051346344366,-17.237733639463638,-37.63598752158927,10.938110604156732,Sp0254-1934
-0.5,None,-5.3077212598675345,-56.426625486622186,-26.38822758360555,-42.507038677687575,-5.3077212598675345,Sp0255-4700
-0.5,None,36.9535588353923,-13.232907177878102,12.391073285925351,-3.3287355582832667,36.9535588353923,Sp0257+4111
-0.5,None,37.53302473604578,-3.171345078455385,17.421174392842683,4.6853275060270985,37.53302473604578,Sp0257+5253
-0.5,None,4.69067557315314,-59.331048006038365,-21.054706803162315,-41.64609413869255,4.69067557315314,Sp0257-3105
-0.5,None,32.94648465490155,-28.795189714718827,4.066283234250828,-15.898976454435642,32.94648465490155,Sp0259+2254
-0.5,None,-3.067083179123718,-58.067635408156725,-24.926423782115883,-43.36893327536686,-3.067083179123718,Sp0259-4421
-0.5,None,9.897652433780825,-59.84035780903134,-17.09634419701754,-41.557222245243864,9.897652433780825,Sp0304-2435
-0.5,None,8.809009210433867,-60.651337587951474,-17.67712887714665,-42.48540049586087,8.809009210433867,Sp0306-2647
-0.5,None,2.605173040135064,-60.98756890918967,-21.372201166954675,-44.30485858790194,2.605173040135064,Sp0306-3647
-0.5,None,38.588175578132216,0.011901588591728959,20.40251013442391,6.750749454210304,38.588175578132216,Sp0307+5719
-0.5,None,17.262601133986376,-56.76904565975713,-11.43794425834951,-38.80614104399841,17.262601133986376,Sp0309-1354
-0.5,None,2.9594324386784625,-61.55901807225085,-20.87038769926696,-44.91968740563078,2.9594324386784625,Sp0309-3658
-0.5,None,28.861690607605638,-42.64198396621816,-1.290069672242052,-27.63334966893591,28.861690607605638,Sp0310+0726
-0.5,None,8.825858844364706,-61.76362762834557,-17.27912417703016,-43.673301339373715,8.825858844364706,Sp0310-2756
-0.5,None,6.096013322483259,-62.407056029266855,-18.81919738477524,-44.90842222007146,6.096013322483259,Sp0311-3239
-0.5,None,33.53635712149125,-36.35659705139721,3.7149988944841383,-22.94838117253206,33.53635712149125,Sp0314+1603
-0.5,None,-2.310308148977123,-59.737523423891986,-23.007479695125173,-45.88076046559845,-2.310308148977123,Sp0314-4623
-0.5,None,32.40321426607478,20.831052993916863,27.434140025506544,22.72861491723168,32.40321426607478,Sp0315+8122
-0.5,None,9.385886138033904,-63.297871540196006,-16.314644076780787,-45.265374300236864,9.385886138033904,Sp0316-2848
-0.5,None,41.18328371141153,-8.429445350149482,19.069407264374455,-0.6829454705802269,41.18328371141153,Sp0319+4848
-0.5,None,36.16640304234661,-34.869369640602635,6.521184255993535,-22.26663280732441,36.16640304234661,Sp0320+1854
-0.5,None,24.732038512069106,-53.38419427935042,-4.832244804116573,-36.78060745218492,24.732038512069106,Sp0320-0446
-0.5,None,41.15682718301043,-17.528059358649347,15.426540236578324,-8.220652532310856,41.15682718301043,Sp0321+3847
-0.5,None,1.1047173053440078,-62.605632010804804,-20.377409492845892,-47.785437226111256,1.1047173053440078,Sp0323-4304
-0.5,None,-6.192848363181889,-56.87126455965138,-23.722862569678952,-46.04132645275742,-6.192848363181889,Sp0324-5410
-0.5,None,35.29365056407387,-39.41679438949066,5.273796798895224,-26.234160190204047,35.29365056407387,Sp0325+1412
-0.5,None,25.19445924146029,-55.07374435405365,-4.187046681524619,-38.459322664374916,25.19445924146029,Sp0325-0551
-0.5,None,-23.819921537233153,-35.28634000961131,-28.331005334189378,-33.31665857738287,-23.819921537233153,Sp0325-8159
-0.5,None,37.582974127081584,-35.211693225208336,7.918391297850552,-22.96428299369525,37.582974127081584,Sp0326+1919
-0.5,None,13.613345124350529,-64.61594444008037,-12.711511945115811,-46.29277398669172,13.613345124350529,Sp0326-2443
-0.5,None,1.8005026063916072,-63.25859487851808,-19.735837727618442,-48.321303981421856,1.8005026063916072,Sp0326-4236
-0.5,None,34.79392640145987,-42.102038162604806,4.6656547441850575,-28.601776391330795,34.79392640145987,Sp0328+1129
-0.5,None,41.87392036040729,-23.33645196191852,14.457119709011131,-13.467502674017434,41.87392036040729,Sp0329+3304
-0.5,None,42.011526950912625,-24.66873548775712,14.26345923695096,-14.682554900615468,42.011526950912625,Sp0330+3146
-0.5,None,29.250164098279637,-51.97347576259355,-0.5464739358427981,-36.45200320804642,29.250164098279637,Sp0330-0025
-0.5,None,10.557532916507942,-66.61572516811545,-14.179333364333434,-48.763505307172004,10.557532916507942,Sp0331-3042
-0.5,None,15.57177780394452,-65.52636957318228,-10.868181431580018,-47.18569887747555,15.57177780394452,Sp0332-2317
-0.5,None,43.59695459797461,-19.64792440545348,17.32824046256017,-10.771492193945951,43.59695459797461,Sp0334+3740
-0.5,None,34.21773940327064,-46.85525382103774,4.096067876604362,-32.90696339858331,34.21773940327064,Sp0335+0658
-0.5,None,-5.018337957031672,-58.06246929973262,-21.939239863848858,-47.820429607568656,-5.018337957031672,Sp0338-5435
-0.5,None,42.29547127606784,-31.66323105840589,13.151205631295579,-21.047696280015767,42.29547127606784,Sp0339+2457
-0.5,None,8.562985609883393,-67.86399790149352,-14.61766975515065,-50.934785882053916,8.562985609883393,Sp0339-3525
-0.5,None,7.684318892226698,-67.66326922276194,-15.079188939407892,-51.10444935367558,7.684318892226698,Sp0340-3649
-0.5,None,44.88572314037542,-10.915519708621412,22.102727690025937,-3.896207450384864,44.88572314037542,Sp0341+4741
-0.5,None,45.078472109762004,-12.06462653672491,21.799770099055664,-4.887865262687552,45.078472109762004,Sp0342+4629
-0.5,None,32.97102613615754,-52.7946615439332,3.2050991593467577,-38.189480933501216,32.97102613615754,Sp0344+0111
-0.5,None,43.76147278056445,-31.567922160403743,14.649696673066652,-21.39258738717221,43.76147278056445,Sp0345+2540
-0.5,None,42.14005670475638,2.768016214891236,26.605711565421263,7.3760152071431575,42.14005670475638,Sp0346+6236
-0.5,None,31.41032494600663,-55.901954239111504,1.9900946977626872,-40.71613392829955,31.41032494600663,Sp0346-0218
-0.5,None,21.55401536608484,-66.71765541678236,-5.428304956362276,-48.78298734555843,21.55401536608484,Sp0347-1814
-0.5,None,39.03257291469081,-44.60901248422547,8.876218981640177,-32.152398030944354,39.03257291469081,Sp0348+1126
-0.5,None,33.21541256188929,-55.47450468655459,3.7258270774267337,-40.813756677599365,33.21541256188929,Sp0351-0052
-0.5,None,22.580371608621057,-67.41778295398773,-4.332409548498951,-49.59628299824253,22.580371608621057,Sp0351-1751
-0.5,None,35.19080350200711,-53.10493313590026,5.441711688315227,-39.1232557939966,35.19080350200711,Sp0352+0210
-0.5,None,-7.471475150883185,-55.182337961515145,-21.836889589743542,-47.40222817527216,-7.471475150883185,Sp0352-5955
-0.5,None,44.890887651959694,-34.51795650535686,15.36129589134156,-24.441878225926263,44.890887651959694,Sp0354+2316
-0.5,None,36.19496063227029,-53.20152743275027,6.453230180672303,-39.520494313265274,36.19496063227029,Sp0355+0237
-0.5,None,42.035670532483095,-42.52663337691679,11.904781135657753,-31.0852931175725,42.035670532483095,Sp0355+1439
-0.5,None,47.96503662579484,-18.31371927924395,22.415879688779352,-10.991926148831103,47.96503662579484,Sp0356+4047
-0.5,None,42.767769350486134,-41.94708534395962,12.652979382834525,-30.761413304953958,42.767769350486134,Sp0357+1529
-0.5,None,27.067646059032914,-65.59474789301625,-0.5855564518551817,-48.78186576081951,27.067646059032914,Sp0357-1249
-0.5,None,46.98231432773485,-31.293728764941132,17.945017335335695,-22.118230892756557,46.98231432773485,Sp0358+2710
-0.5,None,47.504117206729966,-28.558197783960928,18.998666274492713,-19.797971662353802,47.504117206729966,Sp0358+3003
-0.5,None,23.148360869766737,-69.90601882460555,-3.1752459349292854,-52.038524283641955,23.148360869766737,Sp0400-1913
-0.5,None,47.938979782639294,-29.95007248561467,19.155673175360246,-21.190890408225197,47.938979782639294,Sp0401+2849
-0.5,None,48.668580386410135,-16.04105314465147,24.05054146821254,-9.318278941910993,48.668580386410135,Sp0401+4327
-0.5,None,47.69641723293772,-32.47439013284113,18.466620957426436,-23.4220420527717,47.69641723293772,Sp0403+2616
-0.5,None,49.40081020751817,-18.12873998446029,24.01582579133067,-11.296749517255991,49.40081020751817,Sp0404+4127
-0.5,None,26.666470393964424,-69.31330532155421,-0.09476622392899821,-52.19746751798106,26.666470393964424,Sp0407-1552
-0.5,None,41.525575328059,-50.15083094514308,11.553963722819029,-38.28245349414979,41.525575328059,Sp0408+0742
-0.5,None,27.630704263464512,-68.88761212132721,0.7140094196400503,-52.040637113145145,27.630704263464512,Sp0408-1450
-0.5,None,33.65909016000116,-62.368917952894115,5.221084529650639,-47.60837819235833,33.65909016000116,Sp0409-0605
-0.5,None,44.678916695304,-45.458704889012246,14.529021509237715,-34.7584892356025,44.678916695304,Sp0410+1304
-0.5,None,27.89557089492661,-69.36393185549245,1.0848795092491705,-52.56360472416697,27.89557089492661,Sp0410-1459
-0.5,None,51.34572728724589,-22.777972141784414,24.442114330513057,-15.889959326040575,51.34572728724589,Sp0413+3709
-0.5,None,-5.2985591216578865,-56.944430315637334,-18.979055393255745,-50.07298582728694,-5.2985591216578865,Sp0416-5935
-0.5,None,47.667135277804405,-42.72075229907813,17.5242053497462,-33.1054398707397,47.667135277804405,Sp0417+1634
-0.5,None,33.94277142256775,-65.09921974400083,6.059636315481092,-50.38918863464826,33.94277142256775,Sp0417-0800
-0.5,None,24.409580649447665,-74.61636576517336,-0.7005503090536017,-56.70171363768619,24.409580649447665,Sp0417-2129
-0.5,None,52.17655350877434,-17.837744871319032,27.099239120572957,-11.961592290029543,52.17655350877434,Sp0419+4233
-0.5,None,-7.693242753123085,-53.978004714156505,-19.85612856101044,-48.40445918933688,-7.693242753123085,Sp0421-6306
-0.5,None,13.878780031025318,-75.78921801277724,-7.223221419731004,-59.58987839093036,13.878780031025318,Sp0422-3606
-0.5,None,37.5964346279733,-62.612621462656264,9.264630937838616,-49.299597673026916,37.5964346279733,Sp0423-0414
-0.5,None,51.89428174000013,-36.07217571930485,22.157785005784095,-28.136690984792597,51.89428174000013,Sp0424+2402
-0.5,None,43.00280952251899,-55.67977628837682,13.626708705699007,-44.37130915713889,43.00280952251899,Sp0426+0336
-0.5,None,46.182847940143304,-50.672852183492544,16.301587990467226,-40.48913970051913,46.182847940143304,Sp0427+0859
-0.5,None,8.274225447187549,-71.35828205475332,-10.11646235638451,-59.145772491369144,8.274225447187549,Sp0429-4405
-0.5,None,-10.162348643435143,-50.75129234105171,-20.602601431196,-46.49887908742279,-10.162348643435143,Sp0429-6649
-0.5,None,35.75654749777555,-67.48456716143161,8.476474352765239,-53.51649853174762,35.75654749777555,Sp0430-0849
-0.5,None,47.79364147690298,-0.5549164865652649,31.65618183516808,2.7966539936052706,47.79364147690298,Sp0431+6035
-0.5,None,37.57370272862534,-65.76166470404354,9.947762183890063,-52.53933244473497,37.57370272862534,Sp0432-0639
-0.5,None,49.99246004591411,-4.545465413935468,31.66885011138391,-0.8587155676709264,49.99246004591411,Sp0433+5635
-0.5,None,18.457768890563084,-79.60776453294605,-3.140500210703619,-62.1498081602405,18.457768890563084,Sp0433-3210
-0.5,None,53.775939570585805,-12.930680781389528,31.14494936413168,-8.53857947662427,53.775939570585805,Sp0436+4810
-0.5,None,25.629906893736162,-79.51985960128614,1.9526145249201807,-61.560588731712656,25.629906893736162,Sp0436-2338
-0.5,None,25.732399161469406,-80.06040124612734,2.2266009621365743,-62.09094987399586,25.732399161469406,Sp0439-2353
-0.5,None,-4.810093846549619,-56.576219312952205,-17.049898907628513,-51.34164822437522,-4.810093846549619,Sp0439-6105
-0.5,None,39.76703719660877,-65.44512006420692,12.199611951299332,-53.25267617304624,39.76703719660877,Sp0440-0530
-0.5,None,33.88177221570464,-73.2905716262121,8.14797067159939,-58.668049916134585,33.88177221570464,Sp0442-1356
-0.5,None,19.704584201210583,-81.46201945779262,-1.4338797388462186,-64.08390660650394,19.704584201210583,Sp0443-3202
-0.5,None,15.846683211158052,-78.80495916420045,-3.838734208261992,-63.91597001467504,15.846683211158052,Sp0444-3655
-0.5,None,50.349040991937514,-51.19976205559948,20.633378429397986,-42.751353178035004,50.349040991937514,Sp0445+0938
-0.5,None,40.22422731951778,-66.36038859989121,12.945273016157351,-54.50488059328457,40.22422731951778,Sp0445-0602
-0.5,None,21.05552189128488,-82.45228234543083,-0.2596105027113551,-64.66936149530795,21.05552189128488,Sp0445-3048
-0.5,None,16.131841735422437,-79.09100277932188,-3.5658722725691416,-64.13487457511577,16.131841735422437,Sp0445-3642
-0.5,None,2.1430368553282393,-64.23087959245748,-12.467023362019026,-57.07260539692191,2.1430368553282393,Sp0445-5321
-0.5,None,53.3386705070806,-46.41955903215722,23.274290419268624,-38.94129570217739,53.3386705070806,Sp0447+1436
-0.5,None,57.82597340124155,-32.87835123786145,28.461850608758024,-27.130494457030935,57.82597340124155,Sp0447+2819
-0.5,None,8.07809535377734,-70.75974162416891,-8.550739557199618,-61.16608854731673,8.07809535377734,Sp0448-4636
-0.5,None,54.28585849640147,-9.768489218458695,33.549499704534654,-6.30342178963624,54.28585849640147,Sp0449+5138
-0.5,None,43.436941988366414,-63.210493609879045,15.609451255654971,-52.699806094673995,43.436941988366414,Sp0449-0228
-0.5,None,47.56963286121539,-57.905834465037806,18.832896582733238,-48.844125508117465,47.56963286121539,Sp0451+0305
-0.5,None,18.975188516157623,-81.77353367808075,-1.157439943378782,-65.62726020828478,18.975188516157623,Sp0451-3402
-0.5,None,-1.6459343921702703,-59.63300932778508,-14.335039273669937,-54.386074953981705,-1.6459343921702703,Sp0451-5818
-0.5,None,57.107436378102214,-40.74174040312388,26.97112379419481,-34.56732419934372,57.107436378102214,Sp0453+2033
-0.5,None,32.560501213687644,-78.05227288895142,8.334517050713565,-63.008044972908294,32.560501213687644,Sp0453-1751
-0.5,None,5.889263097663628,-68.04804353872127,-9.453083334115602,-60.27516629152673,5.889263097663628,Sp0454-4945
-0.5,None,54.528282894877826,-8.64136971707014,34.562484597786884,-5.5633710832169045,54.528282894877826,Sp0455+5252
-0.5,None,25.364157932354836,-84.72078020105778,3.6013826200553933,-66.4173790916597,25.364157932354836,Sp0455-2701
-0.5,None,39.45027259465851,-70.49417976060563,13.395327552018509,-58.838667110973496,39.45027259465851,Sp0456-0932
-0.5,None,60.07436477239369,-25.11476334551912,32.61056151106151,-20.80649707228975,60.07436477239369,Sp0457+3622
-0.5,None,49.568587535928394,-57.86467948529307,21.027172664271532,-49.884229790246195,49.568587535928394,Sp0500+0330
-0.5,None,50.43289264951978,-56.69880283234582,21.70138955853452,-48.98044235437742,50.43289264951978,Sp0500+0442
-0.5,None,26.310942221887075,-86.49283578998897,5.073039176305127,-68.2468729695853,26.310942221887075,Sp0503-2705
-0.5,None,53.80113924597295,-52.93875545678033,24.57779636941299,-46.36039323987351,53.80113924597295,Sp0505+0836
-0.5,None,6.730172832585333,-68.25224862944725,-7.867537513407771,-61.75929613022882,6.730172832585333,Sp0506-4956
-0.5,None,62.67280897988856,-28.31180213789976,34.22597450837568,-24.554597942787712,62.67280897988856,Sp0508+3319
-0.5,None,35.57937150065873,-78.25093721150112,11.976500521623825,-65.65591200786015,35.57937150065873,Sp0508-1647
-0.5,None,62.57350214723226,-34.410077924807794,32.857950409315315,-30.282844015155824,62.57350214723226,Sp0510+2714
-0.5,None,10.467187040358052,-72.15050934004864,-5.021741047874619,-64.74343028966726,10.467187040358052,Sp0511-4606
-0.5,None,10.343167985285318,-71.96218704536649,-5.04747423077614,-64.71540218450727,10.343167985285318,Sp0511-4618
-0.5,None,28.024126455002765,-87.57128000732878,7.143902651959536,-70.05531988178434,28.024126455002765,Sp0512-2617
-0.5,None,24.89290051054626,-87.91220777416518,4.925862417223774,-70.3013739255881,24.89290051054626,Sp0512-2949
-0.5,None,49.26415809666139,2.740890384429372,36.43326691576367,4.249709587282346,49.26415809666139,Sp0515+6424
-0.5,None,54.86354516302132,-5.004427051763661,37.629442549587665,-3.1467626014277665,54.86354516302132,Sp0516+5640
-0.5,None,26.882597835651197,-89.8394372388766,6.89215516757783,-71.50032392727167,26.882597835651197,Sp0517-2816
-0.5,None,21.955217654743148,-84.49300606348234,3.440409635091267,-71.11740178320969,21.955217654743148,Sp0517-3349
-0.5,None,63.808700849414706,-37.08227969862004,33.766540421461436,-33.420399929114886,63.808700849414706,Sp0518+2435
-0.5,None,39.97421494697268,14.772305609165292,33.76351231936086,15.506027279531768,39.97421494697268,Sp0520+7626
-0.5,None,54.9071494498712,-56.352022281572175,26.79796556624203,-51.3569511325051,54.9071494498712,Sp0522+0518
-0.5,None,65.17403314205086,-26.10482030054184,37.371110558139314,-23.42598419921476,65.17403314205086,Sp0522+3534
-0.5,None,54.549780113094556,-3.772739244180837,38.21719029972645,-2.1995532746344124,54.549780113094556,Sp0522+5754
-0.5,None,50.89044311389458,-61.714496826522726,23.939182224623096,-55.88702212513395,50.89044311389458,Sp0522-0002
-0.5,None,61.786613527553406,-15.279333927386286,38.92492056601976,-13.25239839560806,61.786613527553406,Sp0523+4623
-0.5,None,39.82749979178313,-75.6877838864592,16.47203808489553,-66.8893017351247,39.82749979178313,Sp0523-1403
-0.5,None,64.18605930637837,-40.610658798497845,34.03628389654809,-37.301547428178054,64.18605930637837,Sp0525+2102
-0.5,None,7.697262121378686,-67.81891195924923,-5.590754094321842,-63.66986269001925,7.697262121378686,Sp0526-5026
-0.5,None,62.06338851546125,-14.444041854630873,39.76796345502033,-12.719047842960265,62.06338851546125,Sp0528+4712
-0.5,None,35.40843647520738,-81.34369286180561,14.083623424259343,-71.63214999199296,35.40843647520738,Sp0529-2002
-0.5,None,62.51292606455676,-46.526704085623514,32.887932899633746,-43.324297693016604,62.51292606455676,Sp0530+1503
-0.5,None,51.50633544455006,1.2426827005238412,38.367516172841135,2.2955415327753115,51.50633544455006,Sp0530+6253
-0.5,None,54.16422007318467,-59.26468028751248,27.131874232200296,-55.06339254016099,54.16422007318467,Sp0531+0215
-0.5,None,55.9439315154719,-57.188463247764865,28.493855378007343,-53.404441397560035,55.9439315154719,Sp0532+0418
-0.5,None,-21.042028098510894,-36.33901538635847,-24.1637207175418,-35.910240668017536,-21.042028098510894,Sp0532-8157
-0.5,None,55.35306698443188,-58.09304436375134,28.15327649880837,-54.29902621117633,55.35306698443188,Sp0533+0323
-0.5,None,66.89546042276025,-23.916046672239723,39.92034860334925,-22.102108690895278,66.89546042276025,Sp0533+3740
-0.5,None,60.53971274459816,-10.70151819377572,40.54478587821477,-9.392549961850285,60.53971274459816,Sp0533+5054
-0.5,None,40.24047982796539,-76.3476323785922,17.99311865439026,-69.69404429081862,40.24047982796539,Sp0534-1511
-0.5,None,45.19052990312782,-70.79719114902778,21.448830604313002,-65.54765379094863,45.19052990312782,Sp0535-0931
-0.5,None,46.5182711500209,-69.47182883955283,22.58525250379027,-64.84037971012978,46.5182711500209,Sp0537-0816
-0.5,None,66.96393166713712,-20.86564811320535,41.42449221030543,-19.55616650615268,66.96393166713712,Sp0539+4038
-0.5,None,63.561323618217436,-14.31719781284605,41.608678151120536,-13.19151891007532,63.561323618217436,Sp0539+4712
-0.5,None,59.85365948749505,-8.64659767650098,41.28395436221525,-7.689612508417999,59.85365948749505,Sp0539+5253
-0.5,None,52.920790925894366,-62.200597570283904,27.197657185386223,-58.914559764305395,52.920790925894366,Sp0539-0059
-0.5,None,11.510443109029293,-70.76293578375903,-1.9359787297188142,-67.48720231283066,11.510443109029293,Sp0539-4708
-0.5,None,59.683864716709834,-54.45100666252031,32.246840596140935,-52.43534660097071,59.683864716709834,Sp0544+0639
-0.5,None,44.87763696780807,-71.81762508925308,22.24936335216407,-68.17789202318015,44.87763696780807,Sp0544-1109
-0.5,None,43.14391954833238,-73.68169872096675,21.093854746379897,-69.8177664833875,43.14391954833238,Sp0544-1309
-0.5,None,32.812035801863175,-83.15993314885755,13.791677476208864,-76.51955093362224,32.812035801863175,Sp0544-2433
-0.5,None,55.491972209459306,-60.58108577677192,30.3636588671823,-59.36581079945254,55.491972209459306,Sp0552-0002
-0.5,None,-4.576909291843346,-53.05332009413104,-12.464791236086977,-52.57014704154416,-4.576909291843346,Sp0552-6452
-0.5,None,68.05109759972173,-44.65569037023695,38.8115860313526,-44.1621402747387,68.05109759972173,Sp0555+1608
-0.5,None,5.843003875033285,-63.412821111192045,-4.759966105587076,-62.84255407599768,5.843003875033285,Sp0555-5402
-0.5,None,62.546817685623864,-52.529082031061044,35.34830029302669,-52.019797571407445,62.546817685623864,Sp0556+0802
-0.5,None,20.68725551187469,-77.05850749089832,6.295295310367596,-76.06064945253934,20.68725551187469,Sp0556-3832
-0.5,None,69.00879700750767,-43.58833437433224,39.624686070357576,-43.305517386388956,69.00879700750767,Sp0557+1708
-0.5,None,65.80886034422683,-49.102800923257625,37.99920528170905,-49.254842608078086,65.80886034422683,Sp0601+1115
-0.5,None,71.56367081536322,-21.72612448158304,45.75691886833668,-21.90720981307082,71.56367081536322,Sp0602+3910
-0.5,None,-20.177114023281412,-36.67576960593706,-22.954149896065676,-36.68540258838668,-20.177114023281412,Sp0603-8127
-0.5,None,73.12677980410291,-38.15297503932237,43.09381708236582,-38.59753903423211,73.12677980410291,Sp0604+2219
-0.5,None,74.68884659722046,-31.521211456343675,44.923394466056564,-31.918836200365636,74.68884659722046,Sp0604+2906
-0.5,None,74.14018078926432,-27.36036612894671,45.6008183532627,-27.700198240576494,74.14018078926432,Sp0604+3322
-0.5,None,35.323689103239424,-78.61735972165641,17.889735177597647,-80.50426174221677,35.323689103239424,Sp0605-2342
-0.5,None,38.207648419994605,-76.8230433326962,20.106121212195657,-78.89646751029687,38.207648419994605,Sp0606-2044
-0.5,None,74.5478509241261,-35.88147248388366,44.397424049203536,-36.573666566521425,74.5478509241261,Sp0607+2429
-0.5,None,68.08526435557995,-15.001836423655586,46.54114762118792,-15.46269907873751,68.08526435557995,Sp0607+4550
-0.5,None,66.51293522405959,-49.17525711319527,39.26920812588592,-50.18045626691714,66.51293522405959,Sp0608+1041
-0.5,None,22.271661761365905,-75.82458329737318,8.706177516782354,-78.42134430928384,22.271661761365905,Sp0609-3739
-0.5,None,26.074564087852504,-77.59442341594665,11.672053718690362,-81.32606190403283,26.074564087852504,Sp0610-3346
-0.5,None,75.64622926515881,-26.97478221544798,47.1686620695745,-27.879168564269193,75.64622926515881,Sp0611+3325
-0.5,None,48.92799749063736,7.121314842537123,40.50943446370805,6.764435713805848,48.92799749063736,Sp0611+6818
-0.5,None,9.295275852711926,-65.09605142170658,-0.9701548115399528,-66.40495037897408,9.295275852711926,Sp0611-5109
-0.5,None,73.8630635583385,-21.85707101752118,48.0689893043823,-22.84695258174906,73.8630635583385,Sp0614+3833
-0.5,None,69.08177036984227,-14.966881963765527,47.81119556948962,-15.844390244931958,69.08177036984227,Sp0614+4536
-0.5,None,39.20038625816989,-75.05374533210447,21.764867292832374,-79.82273225186017,39.20038625816989,Sp0614-2019
-0.5,None,57.446332237376375,-59.46762814324435,34.59383189429189,-62.019502010305814,57.446332237376375,Sp0615-0100
-0.5,None,59.11444401248412,-3.3175844047217904,45.3853739229419,-4.05383098985908,59.11444401248412,Sp0616+5729
-0.5,None,14.530720326632823,-69.04846045069915,3.403959399059601,-71.59375751064886,14.530720326632823,Sp0616-4557
-0.5,None,7.9498933110037955,-63.02293243390144,-1.385441355025807,-65.09644771286861,7.9498933110037955,Sp0619-5249
-0.5,None,72.61466656431716,-43.188987538607826,44.51855533685557,-45.52162178611861,72.61466656431716,Sp0621+1555
-0.5,None,44.09600203815309,-70.65467961636122,26.329433434645022,-76.74019913526668,44.09600203815309,Sp0622-1548
-0.5,None,37.916465190401844,-74.37977784166134,21.785301074254797,-82.45337066176043,37.916465190401844,Sp0622-2211
-0.5,None,78.48285243007707,-33.00289683249386,48.33319073513214,-35.00867410820093,78.48285243007707,Sp0623+2631
-0.5,None,64.85570316661136,-8.783832111211746,48.13927679840994,-10.000074838223991,64.85570316661136,Sp0623+5137
-0.5,None,-7.441801755728028,-48.56802063406677,-13.015876945079441,-49.54020902367375,-7.441801755728028,Sp0623-6838
-0.5,None,51.126381975032636,5.600076742874539,42.54951915081599,4.7834397288486015,51.126381975032636,Sp0624+6626
-0.5,None,15.427500195459201,-68.51319047179359,4.840274739263799,-72.56801292517821,15.427500195459201,Sp0624-4521
-0.5,None,49.29031319815564,-66.3872917243065,30.35478829837128,-71.86458339380299,49.29031319815564,Sp0625-1034
-0.5,None,60.05568679154847,-56.75122137619163,37.75098746057273,-60.79302673616614,60.05568679154847,Sp0626+0041
-0.5,None,77.91605605080272,-24.751225749906776,50.38626184349136,-26.707514080090906,77.91605605080272,Sp0626+3454
-0.5,None,41.771781572384754,-71.04349401671863,25.57161454165323,-80.00479237404382,41.771781572384754,Sp0630-1840
-0.5,None,35.12002866138758,21.740681220491194,33.14960637817957,21.374033494199395,35.12002866138758,Sp0632+8305
-0.5,None,50.160950461109195,-64.96318351534252,31.903075876713647,-71.73080083817987,50.160950461109195,Sp0632-1009
-0.5,None,10.926714514822,-64.0477598053842,1.926525097428539,-68.02080026881995,10.926714514822,Sp0632-5010
-0.5,None,37.14422131337699,-71.14120320204441,23.364833030770974,-85.58008708879194,37.14422131337699,Sp0640-2352
-0.5,None,17.878059756214373,-67.59292347572459,8.238495296842796,-74.8983447863824,17.878059756214373,Sp0641-4322
-0.5,None,58.38796792693995,-57.09780351615967,39.201381517193376,-64.10699389667163,58.38796792693995,Sp0643-0223
-0.5,None,42.32948344932852,-68.41127256253695,27.67131904606724,-80.44693572173526,42.32948344932852,Sp0643-1843
-0.5,None,32.50514471713413,-71.22165665282336,20.205388788479414,-89.36983216596992,32.50514471713413,Sp0644-2841
-0.5,None,-22.768088153509325,-33.520663557649556,-24.150053962900277,-33.89282354115102,-22.768088153509325,Sp0644-8422
-0.5,None,-4.096492407532584,-50.146986531261405,-9.11960380633682,-52.6373392360712,-4.096492407532584,Sp0648-6537
-0.5,None,70.6719183347218,-11.591722279127953,53.84627974638411,-14.50514814697786,70.6719183347218,Sp0652+4710
-0.5,None,45.11533649856632,-65.14748732737722,31.057713180901775,-77.70609325372516,45.11533649856632,Sp0652-1614
-0.5,None,35.815005131744584,-68.9822781599143,23.76312925368378,-86.47008087283893,35.815005131744584,Sp0652-2534
-0.5,None,35.00307629631299,22.191517331777412,33.4915530667903,21.59996329171724,35.00307629631299,Sp0655+8318
-0.5,None,49.556679861843904,8.6571934415229,43.7440847128198,7.002119772503113,49.556679861843904,Sp0656+6841
-0.5,None,78.45328088193486,-38.22708901016269,53.40445089172052,-44.22822691618769,78.45328088193486,Sp0659+1717
-0.5,None,85.28667673350317,-25.031091761838933,57.22386276074088,-29.60158193754692,85.28667673350317,Sp0700+3157
-0.5,None,68.67208080893661,-46.47290604501032,48.942396970014,-54.179107772237046,68.67208080893661,Sp0703+0711
-0.5,None,71.66536371727514,-11.47742678229013,55.82192902806843,-15.024214432259368,71.66536371727514,Sp0703+4632
-0.5,None,33.79360154343139,-66.93181649386894,23.4649006338703,-85.27429308188925,33.79360154343139,Sp0703-2748
-0.5,None,29.334415216628468,-67.10747124880645,19.801991674858897,-83.91157268194843,29.334415216628468,Sp0703-3216
-0.5,None,0.06056829964251496,-52.46922535721045,-4.833714702078193,-56.510886807003274,0.06056829964251496,Sp0703-6134
-0.5,None,64.52603671627507,-49.639976334488935,46.700624315020775,-58.27908631900965,64.52603671627507,Sp0704+0258
-0.5,None,86.75600519778138,-25.900578032757284,57.86017785036544,-30.841403580619637,86.75600519778138,Sp0704+3038
-0.5,None,70.53511185289501,-10.273594143818483,55.71444231229241,-13.824422474371561,70.53511185289501,Sp0705+4742
-0.5,None,83.95694027624236,-32.85613556897556,56.7231964113549,-38.80144509459788,83.95694027624236,Sp0706+2234
-0.5,None,79.22911395543144,-18.15866404586636,58.15082884728154,-22.50494543642929,79.22911395543144,Sp0706+3858
-0.5,None,12.630600380076828,-60.58811688477225,6.168723647000773,-68.67742590034622,12.630600380076828,Sp0707-4900
-0.5,None,-12.8615468378784,-41.642234047647825,-15.465965153674636,-43.609024804813934,-12.8615468378784,Sp0710-7431
-0.5,None,31.633397390511917,-65.42884439516556,22.60111945473986,-83.40465142721673,31.633397390511917,Sp0711-3001
-0.5,None,70.78419076595533,-9.855784567063555,57.04834274022913,-13.842518278629159,70.78419076595533,Sp0713+4732
-0.5,None,81.28769877140537,-19.244048364910178,59.88242484606631,-24.243060937799175,81.28769877140537,Sp0714+3702
-0.5,None,49.90184447852663,-58.02395745136119,38.06523109307628,-71.69263291193914,49.90184447852663,Sp0715-1145
-0.5,None,-4.086301625770742,-48.39673051464185,-7.707372050434037,-52.16011884186827,-4.086301625770742,Sp0715-6544
-0.5,None,55.14704222624125,-54.56715872114538,42.231362266383705,-66.73523582403222,55.14704222624125,Sp0716-0630
-0.5,None,10.789970811515612,-58.00203140222704,5.512434324102803,-66.33381618145431,10.794418777577725,Sp0719-5051
-0.5,None,52.85734992714908,-55.40805014661862,41.02640424872493,-68.55222540669438,52.877944983866314,Sp0720-0846
-0.5,None,81.13918983413446,-33.57470622474151,59.07812479173231,-41.141273105058005,81.28645208837793,Sp0721+1937
-0.5,None,30.54647136819017,-63.17730821909796,22.92180448536077,-80.90921285766939,30.568763116358316,Sp0721-3105
-0.5,None,64.3324594583385,-47.08656763609718,49.77855033418733,-57.53965693050775,64.38927526637843,Sp0722+0243
-0.5,None,60.840484356476495,-0.30966494988021337,53.241692569093104,-3.8275357619844432,60.879704072444135,Sp0723+5727
-0.5,None,46.93930038490172,-57.971326231860864,36.93163344269411,-73.29410286402835,46.988410509414436,Sp0723-1439
-0.5,None,45.34143384675725,-58.93709846045521,35.50299408733051,-74.7286477071126,45.38191954903806,Sp0723-1616
-0.5,None,28.45764773140218,-62.76619308618374,21.3444264253703,-79.78463877556047,28.489792259825414,Sp0723-3309
-0.5,None,-18.603598680036615,-36.49558698336804,-20.026673502630995,-37.83935206957262,-18.59971419378704,Sp0723-8015
-0.5,None,55.239127917983325,4.85011261397518,49.86468819446236,1.7537570026327753,55.30248074382003,Sp0726+6302
-0.5,None,35.390361235891795,-60.890888005452695,28.03404733225168,-79.22067505529412,35.500765911793245,Sp0729-2608
-0.5,None,76.99690088443506,-35.44575311242572,59.371707118076316,-44.28737713234538,77.53298506747515,Sp0730+1553
-0.5,None,41.25934006404881,-58.29256890136318,33.6220638734787,-75.74883240209341,41.46899023241846,Sp0733-2010
-0.5,None,18.011788327496305,-58.947732836110994,13.177577714322691,-71.52570552012132,18.143334873551627,Sp0734-4330
-0.5,None,56.52701624399849,4.076287970542178,51.52869386753325,0.5514547372889887,56.706631369388155,Sp0735+6137
-0.5,None,82.79939395504945,-28.6029604313166,63.66896036924099,-36.81633133172259,84.8606685066472,Sp0737+2313
-0.5,None,35.933968426355676,-58.942461223836,29.564304792949635,-77.2609749189528,36.21202997035175,Sp0737-2526
-0.5,None,12.018475445940206,-55.95144971196229,8.192094695522652,-66.18455821018554,12.200091542274746,Sp0739-4926
-0.5,None,75.4516590448359,-34.78660158022688,60.84262362838412,-44.476339070942664,76.6838957221364,Sp0740+1502
-0.5,None,43.82555360228087,-55.743606492762474,36.81144043380428,-72.76603139307407,44.235783994780085,Sp0740-1724
-0.5,None,66.2876939301854,-41.66027144230552,55.3101584079781,-53.23919259461885,67.17301345267477,Sp0741+0531
-0.5,None,77.69367533193261,-32.56096464993254,62.378097797738654,-41.907036296204474,79.28713107167002,Sp0741+1738
-0.5,None,57.04179168445896,-48.34099663139551,48.02145666953829,-61.96013615379851,57.64972970336674,Sp0741-0359
-0.5,None,53.94471725373211,-50.07958909430659,45.664144733451856,-64.53319301992941,54.53837395533877,Sp0741-0706
-0.5,None,32.625272138518376,-58.232708817645154,27.38037313570469,-76.44894970041683,33.03797629208514,Sp0743-2836
-0.5,None,62.91935117380479,-42.717532983829095,54.15290873009942,-55.39242716751579,64.10988517354704,Sp0748+0228
-0.5,None,56.2672190751229,4.956452554791393,52.84511707931624,0.8773056585679818,56.826491088966534,Sp0750+6131
-0.5,None,35.430056738483756,-56.004006240852,30.896198856347127,-74.34522108534198,36.13200227996029,Sp0751-2530
-0.5,None,68.47316146325846,-37.18324452847451,59.77544104218897,-48.97431133600739,70.53669708043091,Sp0753+0854
-0.5,None,74.70149590812912,-31.8424877787814,64.25526081381697,-42.36591297334981,77.68331430622008,Sp0754+1603
-0.5,None,36.6662499007207,-54.72494987301868,32.60075036718071,-73.03286121530037,37.56252584279647,Sp0755-2404
-0.5,None,24.28252703504411,-55.68200210609109,21.343225680160703,-72.03843900444232,25.054471149185495,Sp0757-3635
-0.5,None,47.440751984999,-49.76842027848132,42.933829546360215,-66.45858422449102,48.77105217506579,Sp0758-1252
-0.5,None,21.135733151829942,-55.287648235993835,18.453444435230235,-70.50420389495551,21.881220497224817,Sp0758-3945
-0.5,None,62.8645587766713,-40.01648408508741,56.67890100393731,-53.2605834242513,65.03690816952674,Sp0759+0323
-0.5,None,61.893258454624544,0.4111233951521011,58.528077319002726,-4.848628217692084,63.15646173710743,Sp0800+5511
-0.5,None,60.989562793258806,-40.14790056507283,56.177358718639574,-53.99336536645142,63.497609111699205,Sp0804+0151
-0.5,None,62.503877232651945,-39.05674741900152,57.50454102309719,-52.571377837269,65.15333458369949,Sp0804+0330
-0.5,None,55.45268017198162,6.154218585809636,53.47690683762191,1.6814460682834582,56.46124596769925,Sp0804+6153
-0.5,None,67.81798024873281,-4.8281148569390515,64.07798168881115,-11.252341536221463,70.14153149567016,Sp0805+4812
-0.5,None,51.050903728370486,-46.02338616915822,47.56545916793345,-62.120982648905816,53.05097132899301,Sp0805-0835
-0.5,None,28.500617212752637,-54.033360059266485,26.195864136155517,-71.68798997784704,29.66714758730287,Sp0805-3158
-0.5,None,31.667591567195586,-53.32697660519604,29.379433869715783,-71.48272612377204,32.977709926356646,Sp0806-2839
-0.5,None,77.95248862485214,-17.38748082818701,71.35588104298101,-26.19062319252309,86.11474693322259,Sp0807+3213
-0.5,None,29.39081040546711,-53.435626220606444,27.331323448733055,-71.2783488715628,30.6916949827805,Sp0807-3056
-0.5,None,77.89764232258555,-17.51903396022794,71.50987958820086,-26.395464716891393,86.39434056245699,Sp0808+3157
-0.5,None,23.065663623785692,-53.28730618806096,21.48762344169691,-69.55640994153457,24.301970357244258,Sp0809-3720
-0.5,None,61.708136187559475,-37.905862805582856,58.385185399980806,-51.818362380310646,65.04028564453003,Sp0810+0324
-0.5,None,70.84269080626308,-30.359197950098018,66.52499453242176,-42.2567702384673,75.97911379246526,Sp0810+1420
-0.5,None,19.211479347949716,-52.89411649146454,17.815162834822416,-67.81909138827366,20.372979446820953,Sp0810-4115
-0.5,None,74.00098830916077,-26.993671741377412,69.23004177400881,-38.11549717760088,80.55622215466568,Sp0811+1855
-0.5,None,26.770517177787532,-52.73488733177357,25.340991578402114,-70.08926817276317,28.223389367551505,Sp0811-3324
-0.5,None,35.11368937290466,-51.15208645650769,33.51731219079208,-69.49436962114959,36.88628417556336,Sp0812-2444
-0.5,None,8.11074830319566,-49.805286766511536,7.258634988618439,-60.43642772446082,9.097347474296578,Sp0813-5232
-0.5,None,24.064730924005058,-52.244879205370694,23.04448601236005,-68.94434036976304,25.586323613212432,Sp0814-3602
-0.5,None,50.08592486566785,-44.01969374235,48.55254055236421,-60.5305093806539,52.90244295357709,Sp0815-0843
-0.5,None,74.77144735556905,-22.34279740972323,72.88618974915319,-33.14454213078466,85.16154805655496,Sp0818+2333
-0.5,None,71.18844741950224,-26.994170590843297,69.82751931549053,-38.94217260178261,78.60797992214884,Sp0819+1658
-0.5,None,53.302617476472825,-41.09952734152529,52.479335145149236,-57.03803764626422,56.79438046429838,Sp0819-0450
-0.5,None,52.95343564536774,-41.252923541649565,52.183325763725875,-57.26650745081091,56.436785976156074,Sp0819-0511
-0.5,None,68.26520505533104,-5.2423825086766405,67.94028873932622,-12.781011877616098,72.82907216026871,Sp0821+4532
-0.5,None,65.95700809580522,-30.734320318377346,66.04682586377879,-44.02029653855679,72.20859168338703,Sp0823+1034
-0.5,None,74.04058218944326,-20.918966680377174,74.23100981739016,-31.83490185587828,86.08862660987626,Sp0823+2428
-0.5,None,54.995771808052815,7.166800990731618,55.02412993728911,2.0138164688687095,56.93826274894056,Sp0823+6125
-0.5,None,72.47764701911085,-23.012108658919363,73.27625227925627,-34.541159874466324,82.87556360856904,Sp0825+2115
-0.5,None,28.568409880698603,-49.425448171263625,28.87793328882195,-67.27298981333644,30.955804494579173,Sp0826-3040
-0.5,None,67.92945231429967,-5.005153783505843,68.97256393349129,-12.862504990441106,73.33065624283918,Sp0827+4502
-0.5,None,7.838556480386754,-47.89702636194854,8.080687243768995,-59.09987061045046,9.353895100297747,Sp0827-5216
-0.5,None,73.81640802264738,-17.00046792144342,76.00425834762845,-27.440557325346635,89.46615764447013,Sp0828+2853
-0.5,None,44.806958237090505,-43.4206616947099,45.698921054419806,-60.98319850874957,48.47406481879099,Sp0828-1309
-0.5,None,43.00099402302262,-44.275526475915036,43.85592280527023,-62.08110766217062,46.51485905527902,Sp0828-1506
-0.5,None,68.1543925967902,-26.81407842108341,70.16064529479418,-39.61666229251423,76.56804092523518,Sp0829+1456
-0.5,None,73.26343038471092,-18.318086377317773,76.11079466146255,-29.176177543034918,88.34510391098411,Sp0829+2646
-0.5,None,54.15953846520834,-37.845032536278374,55.512635773591,-53.77325400184679,58.979321319557066,Sp0829-0238
-0.5,None,64.26540080228018,-30.010516885711244,66.44096074876582,-43.78299187473904,71.40787246638155,Sp0830+0947
-0.5,None,55.63658077384453,-36.65652194351032,57.2264316839123,-52.298427867494574,60.78191379982932,Sp0830-0050
-0.5,None,64.51297155145383,-29.331832808023837,67.16068547454584,-43.0601062198516,72.0520380609972,Sp0831+1025
-0.5,None,32.97983290024453,-47.195805031395906,34.09453915677444,-65.49222811089341,36.035690539013274,Sp0831-2535
-0.5,None,54.864047162,-36.65764288174912,56.84188514725875,-52.47925219314324,60.14873329181002,Sp0832-0128
-0.5,None,54.72235546067001,-36.626447271347374,56.79513238704762,-52.481775734100914,60.04934432130002,Sp0832-0134
-0.5,None,7.514903968897959,-46.86202358670636,8.31733543032424,-58.265641742378975,9.335899822937721,Sp0833-5217
-0.5,None,6.2670975220144545,-46.560628788827756,7.020151093817974,-57.464058430899975,8.01457843483972,Sp0833-5336
-0.5,None,63.9762820388754,-28.646134536452053,67.70503555577349,-42.52942250174441,72.11805438198446,Sp0835+1029
-0.5,None,48.43035136761709,-39.57726638585389,50.839819569980904,-56.622260000125586,53.30213359109211,Sp0835-0819
-0.5,None,67.96893372831926,-22.458508271726625,74.52724501141381,-35.23881837223701,80.02946762024355,Sp0840+1824
-0.5,None,63.90575153971253,-0.909707954236421,67.62160183936112,-8.782535536761921,69.90784156207559,Sp0840+4827
-0.5,None,55.77910834615006,6.949244065114606,57.96885657829808,0.8645305454917261,59.18399005647178,Sp0840+5911
-0.5,None,70.14108013734378,-9.82410234521781,76.71438308811959,-19.70609242188315,82.1748407243157,Sp0841+3611
-0.5,None,62.500465654249524,-27.161614475230525,68.72126396744805,-41.429078392073144,72.0283591539133,Sp0843+1024
-0.5,None,58.12262975643809,-30.677906462483683,63.59192183931709,-45.94216307439197,66.19628596981951,Sp0844+0434
-0.5,None,28.408893621534123,-45.35102628463174,31.081514601096803,-63.30372085056911,32.217217534520564,Sp0844-2924
-0.5,None,40.693656205826294,-40.307268782658326,44.75596612513707,-58.3816547627301,46.078074861088176,Sp0847-1532
-0.5,None,2.419659459788468,-43.58364698993068,4.184062424433318,-53.680812961427485,4.68560692012464,Sp0848-5656
-0.5,None,55.60500494954672,-31.000396915344673,61.992021098904985,-46.809692109381814,63.952543247019136,Sp0849+0220
-0.5,None,68.94380507844768,-11.773457355515161,80.55318051665975,-22.874116603231272,86.92049444838379,Sp0850+3126
-0.5,None,50.89262061826096,-33.90642660246234,56.733630580718064,-50.607136254490946,58.309513608416886,Sp0850-0318
-0.5,None,39.609454224867584,20.406606516367358,40.70350727350979,17.51676701311234,40.91716265241096,Sp0851+7727
-0.5,None,68.08184188057997,-15.484446286493833,80.75649687233849,-27.60730483335694,87.30648487176056,Sp0852+2540
-0.5,None,50.24999724761367,-33.274248598538556,56.79871486085346,-50.09293680389056,58.12754341891302,Sp0853-0329
-0.5,None,31.74602317254375,-42.117778127447366,36.037404967475126,-60.39284821306648,36.83645876412741,Sp0853-2446
-0.5,None,31.17196999158307,-41.82413165131452,35.6924793598891,-60.07362015234706,36.40529383375179,Sp0855-2512
-0.5,None,55.93419378331069,7.093462246584121,60.61449369941107,0.10691950189829572,61.22814823833554,Sp0857+5708
-0.5,None,60.38634897301966,-23.236329593806,71.72296213154694,-37.94244553742334,73.37645222300414,Sp0859+1145
-0.5,None,50.82615777992434,11.707754795005377,54.30635424492816,5.89459050699227,54.6814577036856,Sp0859+6341
-0.5,None,65.22897531475954,-16.689089285191002,80.28235846828099,-29.792871514736294,83.43855601387396,Sp0900+2150
-0.5,None,-9.925091221477794,-38.07009616250016,-8.222550349970176,-44.022159984707436,-8.059207124370122,Sp0901-6940
-0.5,None,52.14490723419613,-29.299544113601055,61.25451054144864,-45.783336552910185,62.16797375684966,Sp0902+0033
18.71001600194571,None,45.86499744366584,15.867927370979276,48.49463521020282,11.174274333229661,48.71001600194571,Sp0902+6939
-0.5,None,55.68177102537856,-26.15443756237732,66.27917208301818,-41.9337550585892,67.28747059080872,Sp0903+0540
31.990276867604983,None,55.715352468065824,7.361626335160293,61.6094262114786,-0.01056195668905893,61.99027686760498,Sp0905+5623
-0.5,None,46.22177430690881,-31.959605733023825,54.85410047873565,-49.39244916261817,55.42015873471518,Sp0906-0611
-1.919685671919126,None,22.69041737682887,-41.47974870041606,27.774128338239514,-58.75708061350466,28.080314328080874,Sp0906-3332
-3.2097768707322416,None,21.530546536237683,-41.68027040983035,26.493193057952187,-58.726247633272465,26.79022312926776,Sp0906-3449
-4.192409488696665,None,20.62907036633218,-41.778135830974335,25.521898516517286,-58.63259799716754,25.807590511303335,Sp0906-3548
-0.5,None,13.96524058689309,-42.269741696795194,18.23319875860903,-57.323633274619766,18.465907413206846,Sp0907-4308
-0.5,None,56.79715155469847,-23.48305068807974,69.42830610227293,-38.97724547398378,70.22110130248912,Sp0908+0836
-0.5,None,60.439176030679505,-19.53274255597622,75.53521847516298,-34.065704733494584,76.596653196589,Sp0908+1459
37.84215462216879,None,59.090039589380744,3.7608853786763907,67.40886095170053,-4.781040672894278,67.84215462216879,Sp0908+5032
-0.5,None,62.376045465031275,-16.386285265214436,79.91294915943075,-30.219357076125895,81.29443238120123,Sp0909+1940
14.359966882032609,None,41.90178521278001,19.15862672698029,44.28495872173958,15.225287659719326,44.35996688203261,Sp0911+7401
-0.5,None,63.30888966255528,-12.842779360973452,84.13049160501666,-26.022739000671532,86.01477402679113,Sp0912+2425
24.058498524072604,None,44.11156012302875,-31.12909024775876,53.764481707893076,-48.814616143921754,54.058498524072604,Sp0913-0733
-0.5,None,-6.411857718855506,-38.401232725175795,-3.7041404854344178,-46.10503229171328,-3.634705177405444,Sp0914-6514
53.27912934691176,None,61.71392209910338,-13.96598941990038,82.37665087475065,-27.726146596442252,83.27912934691176,Sp0916+2139
20.26291986262534,None,40.493544813901345,-32.036889835058275,50.089197694552105,-50.07997173081653,50.26291986262534,Sp0916-1121
31.871800980567727,None,48.969907670839454,-25.748734194216382,61.72094708767545,-42.705599198329764,61.87180098056773,Sp0919+0016
28.086726942465482,None,51.558755832319605,11.454304863729122,58.037660650016434,4.386989952377225,58.08672694246548,Sp0921+6017
10.530546431194836,None,31.886480050415635,-34.98004939579665,40.458752926556414,-53.305319516839226,40.530546431194836,Sp0921-2104
-0.5,None,-19.89792184056884,-32.70839913290017,-18.580343125238613,-35.57328457801371,-18.56754937794639,Sp0922-8010
55.28316112942436,None,60.82031944236289,-11.47312252837526,84.86995478163867,-25.165645290964665,85.28316112942436,Sp0923+2340
8.599214977824737,None,30.03498338192663,-35.243681057050345,38.54947777833958,-53.50887862933561,38.59921497782474,Sp0923-2300
4.1543662687062195,None,26.215941946973178,-36.5057081981497,34.11308248864832,-54.48373436776311,34.15436626870622,Sp0923-2727
-0.5,None,-8.367611310543566,-36.98423699475695,-5.33124346079491,-44.27839018261334,-5.315545387812327,Sp0924-6655
48.671525373045995,None,57.8828822381825,-15.023840740734913,78.58946601811887,-29.82838408981403,78.671525373046,Sp0925+1704
58.14704144725749,None,61.38475009483103,-6.975727115597131,87.7923658586126,-19.714908518260966,88.1470414472575,Sp0925+3007
35.22076728727879,None,55.37415876678658,7.527030554068746,65.20106766750763,-1.0942024785972306,65.22076728727879,Sp0926+5309
45.871691368080775,None,59.53721432737977,1.1699117760018787,75.85203881745012,-9.516003516765192,75.87169136808077,Sp0928+4230
37.07442456034042,None,50.32454989973068,-20.4758419023138,67.08206523469563,-37.065592325102976,67.07442456034042,Sp0931+0528
59.35948641834561,None,59.98666847505916,-7.3541959399301,89.60083081944057,-20.627958110280026,89.35948641834561,Sp0931+2802
51.72916141883812,None,60.14056188595515,-2.0297180269440616,81.74685879937556,-13.8616625668254,81.72916141883812,Sp0931+3638
14.309751174658402,None,33.63437831437076,-31.35102271234558,44.31230229853231,-49.6894669897494,44.3097511746584,Sp0931-1717
15.558334615734125,None,34.27687777050098,-30.315148393206936,45.5575280003271,-48.64189186532349,45.558334615734125,Sp0933-1602
5.443050457394527,None,25.664175958754395,-33.26226949413892,35.43311727721489,-51.282953154030864,35.44305045739453,Sp0936-2609
-2.1676340350596845,None,19.334282978593894,-35.30941590021226,27.823716684361056,-52.42366314576103,27.832365964940315,Sp0936-3346
3.7974978481860617,None,24.090966947697698,-33.38903626994924,33.78002268001345,-51.256903015449794,33.79749784818606,Sp0938-2748
58.62261650183055,None,58.439249668524475,-4.912672164248607,87.92381152864353,-18.190324811676152,88.62261650183055,Sp0939+2943
48.545774482635,None,58.17208002087022,1.1372303541076856,78.45385498629331,-10.398059779970934,78.545774482635,Sp0939+3950
55.13740641218136,None,58.28927190249779,-2.495719015264732,84.75844204849746,-15.244516180168512,85.13740641218136,Sp0941+3315
55.44197567415796,None,56.51230672862477,-7.738020736924148,84.85591026810204,-22.069553002635907,85.44197567415796,Sp0942+2351
-0.5,None,4.3660259767238045,-36.411874040995215,10.776572889958244,-49.4190674404182,10.809706123559382,Sp0942-5047
29.10020980945926,None,42.752694275581796,-22.001432249306998,58.98405999367191,-39.66531331766026,59.10020980945926,Sp0943-0229
-0.5,None,14.59387407034926,-34.98571387295051,22.988068327972222,-51.189764656101794,23.03689914573535,Sp0943-3833
22.755489103907593,None,46.12685902538623,16.65079985639053,52.7058364973949,10.193108329723131,52.75548910390759,Sp0944+6537
0.1907499902888823,None,20.458543278523592,-33.26984914140461,30.129236048017678,-50.69223156081476,30.190749990288882,Sp0944-3124
34.013718114783785,None,45.24242741199982,-18.654758646204638,63.75250660307266,-35.9227825197159,64.01371811478379,Sp0947+0224
39.71076249584901,None,48.32936121163447,-15.310561657603579,69.3183670159142,-31.986432814788834,69.71076249584901,Sp0949+0806
-0.5,None,-6.744219782053758,-34.82589865619482,-1.772344565173064,-43.76312918865888,-1.6986621352583529,Sp0951-6317
21.68412898366016,None,36.00059189398643,-23.621301284039827,51.380030894768076,-41.83636937056829,51.68412898366016,Sp0952-0955
12.424115285994972,None,28.40880763789186,-26.52711977628962,42.06305450540563,-44.822982786762864,42.42411528599497,Sp0956-1910
-0.5,None,13.499387867255095,-32.49971973463236,23.176478961125305,-48.729636818351715,23.4037226604568,Sp0956-3811
58.00210953512446,None,54.04270436033305,-3.6236257710778244,84.13145195321037,-17.980592787101052,88.00210953512446,Sp0957+2627
21.77806307971376,None,34.709171247243695,-21.842608090827326,51.18701991159406,-40.091750068109945,51.77806307971376,Sp1000-0949
57.47104494149676,None,52.72006902146739,-2.8814254328664926,82.79068828445536,-17.475707698234984,87.47104494149676,Sp1002+2556
24.568128496845418,None,45.633348883212705,17.375053091484094,54.23287374144157,10.118131679452173,54.56812849684542,Sp1002+6349
30.510599063942323,None,40.01633261715682,-17.045203571345933,59.58906497532676,-34.84130076585629,60.51059906394232,Sp1003-0105
18.294184498765432,None,31.463835846970262,-22.392376562358262,47.565323747322125,-40.72785719624802,48.29418449876543,Sp1004-1318
-1.9895909640008753,None,16.124932158439737,-29.677570454991372,27.540597850915496,-46.66157688686701,28.010409035999125,Sp1004-3335
19.563791071839283,None,32.26446717371067,-21.708784260087658,48.783952346309285,-40.02904707915823,49.56379107183928,Sp1005-1202
14.708282085130506,None,28.559601998031603,-23.487944464871376,43.95826803011599,-41.81102096025114,44.708282085130506,Sp1006-1653
54.961436214842266,None,52.46866590986084,2.3926383054129947,80.60903105915763,-11.189744344631379,84.96143621484227,Sp1009+3324
51.917453970809476,None,49.09399439211046,-4.196434721105066,77.91612358145913,-19.84324848444105,81.91745397080948,Sp1011+2019
456.4726186728258,None,51.83419005646437,7.700813421718193,73.6297762547996,-4.2689291863210315,75.64726186728258,Sp1011+4245
7.7382811524750394,None,17.270931330663963,-27.355205170380355,30.020797133447907,-44.673989335866594,30.773828115247504,Sp1012-3049
53.038159110440944,None,51.68751498672381,4.1857007272092375,78.80733084941427,-9.189401456759215,83.03815911044094,Sp1013+3520
-0.5,None,-20.069045782330807,-30.89848390319455,-17.27682409921849,-34.65614738371228,-17.117415162262496,Sp1013-7842
59.41794100674335,None,50.10032996853002,0.7736885911470716,80.18580653407703,-13.904162910835527,89.41794100674335,Sp1016+2751
389.2198065968363,None,42.06377426427652,-9.784693415302286,66.3696213148155,-27.06310984737208,68.92198065968363,Sp1017+0719
24.309569536406812,None,17.54991349216234,-25.40916972702375,31.3619912775569,-42.87879340874498,32.43095695364068,Sp1018-2909
140.66528089909752,None,38.41466601678112,23.339207058883485,43.65101961307765,18.521255990833474,44.06652808990975,Sp1019+7419
44.73754772921829,None,19.006590293427394,-24.61781710234225,33.338955304796066,-42.30109600468404,34.47375477292183,Sp1019-2707
374.78840731351295,None,48.48632234035916,13.36784347335968,65.6250833283755,2.7581719480477305,67.4788407313513,Sp1021+5055
108.57725914534825,None,23.327089260697882,-21.778242189124892,39.44354196471814,-39.92194821330044,40.857725914534825,Sp1021-2044
336.0709612062488,None,38.162560806310246,-11.43760260828066,61.05361419200279,-29.2202466317352,63.60709612062488,Sp1022+0200
471.57173585034,None,49.898736059711574,8.712782709766554,73.572032406302,-3.845821479532005,77.157173585034,Sp1022+4114
299.70582803812164,None,45.91336799064479,17.037469101569183,58.69673704566233,8.072401577190904,59.970582803812164,Sp1022+5825
-0.5,None,-9.408090930167088,-30.68809395131939,-2.517708560521649,-39.86224903191267,-1.8596729917331567,Sp1028-6327
480.4339714001324,None,43.74939885225483,-2.6286498748083877,72.20763364392782,-19.15216566567632,78.04339714001324,Sp1029+1626
366.0566286361943,None,37.7140793581689,-7.742772344115708,62.611768801948024,-25.42113748560685,66.60566286361943,Sp1032+0501
479.20839714676447,None,47.93860964942692,10.063064495602644,72.65935609332936,-2.9095129666418136,77.92083971467645,Sp1032+4027
-0.5,None,6.081626616280453,-26.7201727937399,18.107158691341944,-41.94158135234022,19.44299511388243,Sp1032-4208
446.4496451863549,None,41.45569240364592,-3.523233156927367,69.08177987148152,-20.491195363349508,74.64496451863549,Sp1033+1303
567.225764795068,None,45.35633610938408,2.9791553661395747,75.51130396762761,-12.554752204656983,86.7225764795068,Sp1035+2507
-0.5,None,1.1632937517330653,-27.624697209110032,12.019441097715323,-41.38016634441524,13.313843513058575,Sp1035-4816
-31.009833353266956,None,10.912471662000977,-23.652853851320803,25.08360310348782,-40.22743330128038,26.899016664673304,Sp1036-3441
-0.5,None,3.694124653001395,-26.545977180490826,15.502961614638382,-41.187812796766764,16.969591625980424,Sp1036-4437
581.8516123415897,None,46.072049822412076,5.887548377712854,75.6463820826632,-8.947584370383078,88.18516123415897,Sp1037+3011
467.9833172093683,None,40.95617665174215,-1.0803010178399255,69.54244400066564,-17.931873046778687,76.79833172093683,Sp1039+1512
302.33532165311203,None,32.65502885000332,-9.246128065546669,56.14535981924762,-27.37578270400358,60.2335321653112,Sp1039-0121
297.5256376630575,None,31.182542193977266,-8.186082487633792,55.03385929037179,-26.370204589228244,59.752563766305755,Sp1045-0149
54.638597940697124,None,15.667347448935418,-18.87718806965678,32.7213287856407,-36.465193261313246,35.46385979406971,Sp1045-2607
437.14312477800405,None,45.30724119552488,14.218400665969313,68.01862350705545,1.7323413824569438,73.7143124778004,Sp1046+4441
155.56681064011016,None,22.135894131361663,-14.341732146353099,42.02653707567714,-32.574766177225975,45.556681064011016,Sp1046-1602
-0.5,None,-6.307575864363729,-27.647107371726154,3.1783607052789646,-38.93403443607966,4.6156135281579225,Sp1046-5658
121.86922511068445,None,35.89370940048753,25.629311783378654,41.30034213858482,21.086292364082997,42.186922511068445,Sp1047+7613
133.25608053427558,None,20.573346939989545,-15.183225442503717,39.90664582121087,-33.32162145844478,43.32560805342756,Sp1047-1815
327.9149020909615,None,32.1989069980508,-6.010832720674191,57.22590557368177,-24.083138214276993,62.79149020909615,Sp1048+0111
202.55983580759434,None,24.901090279939066,-11.979531421065476,46.21781193653037,-30.312206786129373,50.255983580759434,Sp1048-1120
121.65786727215483,None,19.667249738493627,-15.507380841919781,38.75915176614122,-33.581628289337196,42.16578672721548,Sp1048-1925
-0.5,None,5.593166471625862,-23.192742700385274,19.41539705957462,-38.74914362544239,21.656401813047033,Sp1048-3956
-0.5,None,-3.594890787009481,-26.62209666384936,7.013954642225382,-39.0898702125907,8.686641917999383,Sp1048-5254
366.31131884099574,None,34.170569686074046,-4.086007562845244,60.36201642207714,-21.942660819371373,66.63113188409957,Sp1049+0502
392.71902158645435,None,44.22429210429309,16.753994574719314,64.39684341234339,5.092815331770592,69.27190215864543,Sp1050+4907
-0.5,None,1.5195625142863085,-24.37014255248718,14.18656633811756,-38.77252780424292,16.305812430933287,Sp1050-4517
321.8210599426409,None,42.90780414858448,19.639164188311675,58.80275121216266,9.572203207050762,62.18210599426409,Sp1051+5613
-31.674879831739062,None,8.304747754468991,-20.287909764256057,23.923129176929365,-36.69637834225818,26.832512016826094,Sp1054-3445
397.3364155842836,None,34.27298542452553,-1.1216656216215886,61.740996755665314,-18.834866495179163,69.73364155842836,Sp1055+0808
385.9937998939168,None,33.571363497890474,-1.515718379856632,60.774415805895956,-19.315337457265297,68.59937998939168,Sp1056+0700
157.83960457373794,None,20.092309053699296,-11.682967098480443,41.0804150499555,-29.875114563526626,45.783960457373794,Sp1058-1548
103.70988375913797,None,16.44665189261829,-13.822859964666064,36.05718710410173,-31.710089975469334,40.3709883759138,Sp1059-2113
384.44204621124754,None,42.585759898322124,18.51791118930383,62.706791667176645,6.838559839045893,68.44420462112475,Sp1100+4957
232.60922136378298,None,39.313990531455346,23.75443049824946,50.659000240541175,15.822014987933292,53.2609221363783,Sp1101+6508
515.623444567339,None,37.46583126680771,6.280772802968842,67.46924924655164,-10.452409864162007,81.5623444567339,Sp1104+1959
-0.5,None,-12.838667705968854,-26.736896384048958,-4.376972379289243,-35.73644588448824,-2.6136023669145985,Sp1104-6412
360.65774221655147,None,30.184905246151498,-0.584133039923476,57.255418624142436,-18.62044851546549,66.06577422165515,Sp1106+0428
354.1569583984432,None,41.30493821904969,20.519929457475918,59.88404118059184,9.406477521507307,65.41569583984432,Sp1106+5259
165.4271424680107,None,17.981880481350366,-8.419009568226828,40.247705658191165,-26.577944196309446,46.54271424680107,Sp1112-1502
431.37843762344517,None,40.399452624682496,18.9389424614095,63.7248892675423,5.9882022432583115,73.13784376234452,Sp1114+4516
591.274911449766,None,37.803607792401735,12.6501175060567,67.40975610855067,-3.133893093792772,89.1274911449766,Sp1115+2902
70.91126441030987,None,11.585011395888383,-11.987838428201403,31.555747333669473,-29.47407130703397,37.09112644103099,Sp1115-2429
-0.5,None,-15.787931322330245,-26.258538824982338,-7.874542655345139,-34.154905689578904,-5.938372939282235,Sp1115-6731
122.31241032843194,None,14.522494942755262,-9.432039001060252,35.963885368776126,-27.325904248659548,42.231241032843194,Sp1116-1921
399.30447976806363,None,29.143142806909292,4.192336994764855,57.68436556378136,-13.73774161991275,69.93044797680636,Sp1119+0820
183.62995687976778,None,17.225053276714927,-5.545620708916588,40.6476748799743,-23.73284283011321,48.36299568797678,Sp1121-1313
353.0277812147037,None,26.393186591167336,2.532006632282084,54.045723437252605,-15.638970316964263,65.30277812147037,Sp1122+0343
-0.5,None,1.1064801995934772,-16.76806254425482,17.604668510353747,-32.1122170716365,22.31802019275522,Sp1122-3916
-0.5,None,-15.15421996606985,-25.170378355594924,-6.341663900559337,-33.70421944251358,-3.9667477587380056,Sp1122-6533
502.74794127565485,None,37.880201579302096,18.021451052387842,64.76969677988387,3.519169096215704,80.27479412756549,Sp1124+3808
-0.5,None,-1.0457607225659835,-17.559744755719493,14.77152921472996,-32.311259788759,19.368285055818408,Sp1124-4213
447.3166673600403,None,7.997467972754809,-10.892103051236768,28.07330178750157,-27.993491335828537,34.4731666736004,Sp1126-2706
2463.0080391830197,None,36.95861627826117,26.118804430579644,50.099978375868986,17.47502312118029,54.6300803918302,Sp1127+6346
3327.172124287266,None,24.082588064299564,2.8852167449510064,51.546127341480265,-15.37788543052719,63.27172124287266,Sp1128+0141
143.24536668642855,None,13.644940128729703,-6.10349997140806,36.429458396946025,-24.051494020293184,44.32453666864286,Sp1128-1715
-0.5,None,-11.381996507034481,-22.260154381918856,0.14235237673059925,-33.07812232774861,3.5929519530609784,Sp1130-5759
-0.5,None,-15.444348208499619,-24.084089857106104,-6.020327086865849,-32.842972851452316,-3.1794318510167745,Sp1131-6446
4223.661387175366,None,27.225037887886817,8.229317223749712,56.54657767443774,-9.676314319171615,72.23661387175366,Sp1133+1039
3196.5067466372675,None,21.95327353413103,3.7600545393791163,49.42603128246781,-14.550535635560994,61.96506746637267,Sp1134+0022
2917.6901556180383,None,20.605130000878617,2.3403433552192086,47.44462904384746,-15.998375713610873,59.17690155618038,Sp1134-0224
2366.7386136555906,None,17.19645307399804,0.18112388162068924,42.86134997345791,-18.107799444365504,53.667386136555905,Sp1136-0755
1703.9839612569217,None,13.188517127762546,-2.6477953282257594,37.31823583189547,-20.681263699980118,47.03983961256922,Sp1138-1432
2841.2731605050467,None,19.098084700571903,3.117893249537579,46.00987236612668,-15.22238214195103,58.41273160505047,Sp1139-0310
904.8691337130748,None,7.953346095031985,-5.7433566632482425,30.24737238747814,-23.159347990569035,39.04869133713075,Sp1141-2232
3581.047410737723,None,21.920440369196058,7.544579166730838,50.47428234346828,-10.708982275203107,65.81047410737723,Sp1143+0413
2768.0430424748556,None,35.41512086019612,27.48639074273802,50.848341455915254,17.791046413436653,57.68043042474856,Sp1144+6043
5385.159568593245,None,32.808122107573645,20.83740694543834,60.901984298847296,5.3515386067908,83.85159568593245,Sp1146+3431
5842.445194180087,None,4.774723250867466,-5.8361500285980705,26.66891358777593,-22.84107001658116,35.84244519418009,Sp1148-2544
-0.5,None,-3.64672703107141,-12.421309090941651,14.30661692883067,-27.249536355488466,21.374985989845637,Sp1149-4012
274.9014748570637,None,2.700068147857078,-6.981272345255358,23.875035521887984,-23.592263486300514,32.74901474857064,Sp1150-2850
-722.32032114659,None,1.197778376423755,-8.434708777340198,21.57094460405018,-24.670928031967957,29.92776796788534,Sp1150-3139
5618.053947604122,None,28.522713221320192,18.435354611151787,58.43260426773858,1.5132014398390656,86.18053947604122,Sp1152+2438
1419.4638987014755,None,32.73402023709796,29.448580119174935,40.79600161696809,23.853081246036947,44.194638987014756,Sp1152+7412
3858.364625052664,None,21.040477511888565,11.04499981816559,50.29141117416344,-7.165706643844536,68.58364625052664,Sp1153+0659
3318.503993459278,None,18.305934502780886,8.66001176075101,46.73183037280316,-9.669595212512206,63.18503993459278,Sp1154+0135
3758.5753941083767,None,20.129526703354315,11.025232559895473,49.286071918436456,-7.224663747146504,67.58575394108377,Sp1155+0559
917.0594641424628,None,5.358740052327926,-2.8584179534537317,28.516913924965888,-20.135097571116006,39.17059464142463,Sp1155-2224
-0.5,None,-3.033950108319589,-10.146595488441614,16.052766380917518,-25.38863644332907,24.127239138666916,Sp1155-3727
-0.5,None,-9.561677769006565,-14.94766105908538,6.273749004149282,-27.881531392743767,12.840157431955088,Sp1157-4844
4548.391722466134,None,23.125428850649463,15.163772420367756,53.13679982981139,-2.74807658924229,75.48391722466134,Sp1158+1354
4851.282916738754,None,31.61492010897567,24.913875745948307,57.85771580747092,10.153946532952428,78.51282916738754,Sp1158+3953
582.2601265386552,None,3.062754512566157,-4.046280510594684,25.48999612203576,-20.937379406034978,35.82260126538655,Sp1158-2545
3254.1364375921275,None,16.88618441840513,9.46902350033419,45.356727021756555,-8.869684483049763,62.541364375921276,Sp1159+0057
-0.5,None,-11.929681464149878,-16.47045240483979,2.699422180439116,-28.410934847279073,8.79795131807954,Sp1159-5247
5239.938835503461,None,25.44920396281087,18.552365808062806,55.5607174710795,1.1471997876132087,82.3993883550346,Sp1200+2048
5560.529833262186,None,29.34818865587016,23.166321382198202,57.793998048026545,7.190937899545429,85.60529833262186,Sp1201+3248
4763.255773225947,None,31.24439051752255,25.718411668109063,57.14043838026983,11.08118268881796,77.63255773225947,Sp1201+4046
1935.6810355280081,None,9.691899008587534,3.4452702053488626,35.61417650930401,-14.552798462281771,49.35681035528008,Sp1201-1213
204.00923141739327,None,0.2622989136627395,-5.177820698608825,21.905326909507426,-21.544542599295994,32.04009231417393,Sp1201-2932
4632.748283263908,None,31.27715109491496,26.304032750119465,56.65523424548017,11.898508215898293,76.32748283263908,Sp1202+4204
2510.1923181143848,None,12.537714450005323,6.458687677271542,39.718800804640175,-11.778364414777077,55.101923181143846,Sp1202-0629
3184.39496089011,None,15.603284408401432,10.085632828348409,44.08594123364807,-8.254536964346805,61.8439496089011,Sp1203+0015
5614.3201899608985,None,28.495186337630518,23.637594824977523,57.05353777818851,7.528083495597712,86.14320189960898,Sp1204+3212
361.11369114009403,None,0.4137909313719149,-3.66332035720793,22.689700399885513,-20.182845639610406,33.61113691140094,Sp1205-2758
-0.5,None,-6.045475492919821,-9.265881286863852,13.043419976123019,-23.9555600345795,21.963408664503376,Sp1206-3937
-0.5,None,-6.325940617296521,-9.662618533969527,12.54413355329997,-24.236395628081016,21.30122910056373,Sp1206-4017
1304.9555384004002,None,31.5644583309357,30.396667388964886,39.28676180614313,25.142854215726047,43.049555384004,Sp1207+7521
1211.7419404769194,None,31.42104198368793,30.328497588952363,38.628973140435264,25.39601605759269,42.117419404769194,Sp1207+7617
37284.11557327073,None,17.028376866304143,13.853749977027181,46.42336696385788,-4.4457771265408965,67.28411557327073,Sp1209+0542
42586.23286457312,None,19.23225389912865,16.500627623635186,49.15440543988832,-1.6412978795329851,72.58623286457312,Sp1210+1100
35684.999194480864,None,15.80869784197778,13.57021987099968,45.04642310894717,-4.757166104322027,65.68499919448087,Sp1211+0406
18505.585570713905,None,7.143710475412599,5.149398260250601,33.33440922227285,-12.719146514116009,48.505585570713905,Sp1211-1304
49397.69535503778,None,28.628605936186315,27.41728899111684,55.13099738392402,12.289199111796828,79.39769535503778,Sp1213+3900
27041.486808301037,None,11.243820859575363,9.716162330392224,39.18001159209344,-8.534850977800517,57.04148680830104,Sp1213-0432
32428.775779244497,None,13.28581306519016,12.978020172752975,42.17749104502151,-5.3579125781922325,62.428775779244496,Sp1215+0050
31250.235193395354,None,31.262336133099563,31.147612437068027,49.40936784351171,20.13886705919929,61.250235193395355,Sp1216+5709
32174.966063590873,None,12.813004439946168,13.204086670246499,41.70666024470747,-5.12841360815948,62.17496606359087,Sp1217+0035
25745.864575763895,None,9.315560523818508,10.348648490762375,37.21503559944325,-7.834108130204663,55.745864575763896,Sp1218-0550
55150.50146079469,None,25.672085720986015,27.09701744458678,53.827029876407245,10.933263790042757,85.15050146079469,Sp1220+3315
34539.320631538474,None,13.076921386914783,15.212291577487507,42.36991709052166,-3.12792573840331,64.53932063153847,Sp1221+0257
40540.56268618413,None,15.959905896723226,17.922629831159668,45.838778049541254,-0.33784328241181816,70.54056268618413,Sp1221+0857
-0.5,None,-11.56328776535265,-9.971597181178524,6.409377311987225,-23.19690721349018,15.774891021106352,Sp1221-4548
22606.166451537534,None,6.6963528894717275,9.791873319608117,34.18754539627551,-8.220001752622174,52.60616645153753,Sp1223-0858
3623.4707379149995,None,-2.9962686065300406,-0.22562127799673692,20.224513344336184,-16.478561027963593,33.623470737915,Sp1223-2757
18943.95129749008,None,4.635387878315209,8.10047139659065,31.44968496105093,-9.680302405878885,48.94395129749008,Sp1224-1238
17541.747641077043,None,3.7295345110413223,7.557258061248156,30.292731464309416,-10.113561411381953,47.541747641077045,Sp1225-1402
7317.717698777841,None,-1.9832046082806898,2.6100110932900282,22.38020455672074,-14.03850123328424,37.31771769877784,Sp1228-2415
39459.21322020762,None,13.554277234844486,19.343909013984877,43.443289414160496,1.0351457195655998,69.45921322020762,Sp1229+0752
21724.154970694293,None,4.451836618480624,11.109545630092274,32.06412066948575,-6.784741223593024,51.72415497069429,Sp1232-0951
-0.5,None,-22.640858882794184,-20.041649632573936,-12.728064199747346,-27.101974144759573,-7.343630588167615,Sp1232-6856
-0.5,None,-15.314976406962286,-10.720979063611244,1.6868990147073424,-22.762583561077243,11.253911192810307,Sp1233-5020
52714.22171740656,None,17.756614908674294,26.50694694346711,47.65392436253124,8.779147754331797,82.71422171740656,Sp1237+2107
33149.263786168296,None,27.80764373444317,34.27024238722278,47.19034907915149,22.55885841646978,63.1492637861683,Sp1239+5515
-0.5,None,-24.53924540195044,-21.412002354114797,-16.25791192317521,-27.121677589837308,-11.487758795760634,Sp1239-7304
-295.639557832498,None,-8.317790681641906,0.8646308598375491,14.711121797914716,-14.521513470943692,29.704360442167502,Sp1241-3152
47943.80741922797,None,22.885609250270257,33.99433156949664,48.639588491888645,18.73513866921732,77.94380741922797,Sp1246+4027
-7.086995673441621,None,-9.07008430196093,1.7908833721985045,14.220471563139977,-13.54428952851801,29.929130043265584,Sp1246-3139
49433.619923465914,None,22.248697805991895,33.880888267570725,48.485725767011616,18.33448325884884,79.43361992346591,Sp1247+3857
35483.84367523133,None,25.860191854508606,35.716473804817554,46.430511142838625,23.304076040853868,65.48384367523133,Sp1249+5255
52903.22496792278,None,-7.1368889076177515,5.424395597080523,17.643025620879232,-10.622032773938118,35.29032249679228,Sp1249-2617
29767.01117543793,None,4.503800769685264,19.07415957993316,33.77249712066699,0.9048708735392437,59.76701117543793,Sp1250-0149
42067.11732737857,None,23.82979189984684,35.66763444103123,47.333403898678576,21.600505926934105,72.06711732737857,Sp1251+4620
57028.07911806643,None,16.31200144753978,31.34228510916802,45.581587555507646,13.863570410409512,87.02807911806643,Sp1252+2528
-23.64261802272729,None,-10.250084672964583,2.7040706160377144,13.245438037825693,-12.492762564487407,29.763573819772727,Sp1252-3149
47827.013036777,None,21.76638918175509,35.217704380990035,47.41622439295722,19.91550613682895,77.827013036777,Sp1253+4034
-0.5,None,-20.751544640360912,-11.957217898988686,-5.423636315881897,-22.01950757672657,4.43270398738883,Sp1253-5709
30208.7376007143,None,3.6647658462061785,20.327963453695915,33.065713374497896,2.1680722604773166,60.2087376007143,Sp1254-0122
186346.9248241597,None,-2.1322583251495852,14.318360724865489,25.665737391902866,-3.093726904139408,48.63469248241597,Sp1256-1257
-0.5,None,-13.985864238609247,-0.43037368649355373,7.867901121678419,-14.440331223198074,23.217169101504854,Sp1256-3822
-0.5,None,-16.52370915205471,-3.2494993107821046,3.809201599216579,-16.227817027172,17.98199675144022,Sp1259-4336
507925.2489107327,None,11.906998827212716,30.941324623536055,41.771854661836315,12.910894566914187,80.79252489107327,Sp1300+1912
164184.33074427725,None,-4.439925725538961,14.230252584771119,23.140108146186847,-2.8961187419045094,46.418433074427725,Sp1301-1510
480.2546871872387,None,28.42194257856302,31.00810817270879,32.093459982820555,28.71344086251588,34.80254687187239,Sp1304+8336
523427.4564306999,None,11.547697600004119,32.60591363091331,41.23278886487431,14.640618824110629,82.34274564306999,Sp1305+2046
500561.0077179681,None,18.620514803594208,37.357896960582565,44.82298706924638,21.516717196945613,80.0561007717968,Sp1306+3820
-0.5,None,-22.708428948259535,-10.53203960859629,-7.0069504988225075,-20.264661681382144,4.145468541778613,Sp1307-5726
390227.2581965744,None,4.860119039668874,27.62180688107575,34.97824529891383,9.290280576346756,69.02272581965744,Sp1308+0725
35753.50403486151,None,22.991946835326,38.619298497827934,43.65022179453889,26.035867600101486,65.7535040348615,Sp1308+5239
8082.31408060449,None,-9.850915839965932,10.703852374888353,16.312921826950085,-5.339433083445296,38.08231408060449,Sp1309-2330
-0.5,None,-22.13113067352824,-8.586090712464143,-5.267443468269523,-18.950326122206576,6.946685601350447,Sp1309-5438
518945.5998467622,None,16.91942312620493,38.11605848869089,43.58440302305375,21.903638047720413,81.89455998467622,Sp1311+3629
449280.18414809555,None,19.540138519531066,38.96775137433141,43.965852203655366,24.100013489673966,74.92801841480956,Sp1311+4328
490976.0859533982,None,8.685086031227147,32.84090594409555,38.58226632482361,14.663430272264263,79.09760859533982,Sp1312+1731
-0.5,None,-23.429126278111692,-10.264843209264596,-7.73296884761432,-19.814468890203475,3.7597121914343687,Sp1312-5750
558703.3876565812,None,14.640552600790063,38.08565723141704,42.26336073374501,21.231487748229437,85.87033876565812,Sp1315+3232
4762.191309012181,None,-12.564690925028836,9.74711931057259,13.063023353328425,-5.7154259413137725,34.76219130901218,Sp1315-2649
398400.1694682135,None,20.380209061150698,40.12501502826981,42.7669543685989,26.421003666296063,69.84001694682135,Sp1317+4833
15034.219786285192,None,26.788391953813438,35.46206546167298,36.46781223299887,29.577549449682692,45.03421978628519,Sp1318+7322
524796.3263504294,None,8.61527519085948,35.76329753773064,38.140282523016374,17.717929473158293,82.47963263504295,Sp1319+2053
357450.60924269934,None,0.6102094165690907,28.701379970835376,30.680386931726943,10.473394239603635,65.74506092426994,Sp1320+0409
415577.43703522877,None,3.3755051665856155,31.48493558563211,33.52473056812203,13.14725475928839,71.55774370352287,Sp1320+0957
457692.80682491756,None,17.735148276915098,40.51976535865911,42.34104481980998,25.410509341897058,75.76928068249175,Sp1320+4238
-0.5,None,-18.499125547247036,2.5457348557685244,3.9925225983526547,-10.778773606129157,22.31929698561424,Sp1320-3916
241835.67722563347,None,-5.027700197268721,22.619986190153114,24.165471336777475,5.068419285404439,54.183567722563346,Sp1321-0724
580547.6224329759,None,12.013009902528298,39.35216014778501,40.00580322572334,22.123924072755333,88.05476224329759,Sp1323+3014
368761.00474312383,None,0.17477046469947927,30.227473369946548,30.29651351369335,11.983014767656543,66.87610047431238,Sp1325+0517
4102.196817384012,None,-15.025769572159913,11.180336165766882,10.809933945830709,-3.94395230595445,34.10219681738401,Sp1326-2729
-46.46819223929654,None,-18.477944674213177,5.440308364454699,5.113304814419026,-8.27576402859643,25.353180776070346,Sp1326-3614
334216.25746387226,None,-1.9838348132808838,28.959535234981058,28.030707894817212,10.864990418832612,63.42162574638723,Sp1327+0149
-0.5,None,-20.958856736435973,2.1469020988536704,1.0730808899177242,-10.493805643288244,19.807616515916468,Sp1329-4147
515514.09766651486,None,5.978682291334154,37.77387964537336,35.48147075614566,19.623329737927293,81.55140976665149,Sp1330+1958
529373.1734785773,None,13.061459019992936,41.666912244819095,39.71274607685283,25.1274322737807,82.93731734785773,Sp1330+3526
267000.3879509492,None,-5.720688316030699,25.804632637074217,23.86304888121351,8.159154123107392,56.70003879509492,Sp1330-0453
542644.4333613047,None,12.257515753243128,41.71760796932768,39.22641917912477,24.96177661030426,84.26444333613047,Sp1331+3407
303143.37010609603,None,-4.407165581051022,28.194684540766747,25.47221339031055,10.311884730078264,60.314337010609606,Sp1331-0116
-0.5,None,-27.288804407939455,-13.198950096824266,-14.283983024380555,-20.540266285034814,-3.619589638197044,Sp1331-6513
370196.9719669802,None,-1.4415210713415805,31.956186984523086,28.701737357452902,13.742329654610552,67.01969719669802,Sp1332+0525
473004.1560292301,None,3.5872975838800754,36.5375804808816,33.450298956024376,18.23382485977938,77.30041560292301,Sp1332+1542
269092.80588665395,None,-6.146397544650055,26.404558173921643,23.486038952176912,8.77231489268252,56.909280588665396,Sp1332-0441
293287.43256407476,None,-5.301518170656782,28.05116749124645,24.531992041274734,10.254757549619141,59.32874325640748,Sp1333-0216
-0.5,None,-27.226561251895124,-11.476837106624366,-13.128990788522568,-19.34311336913837,-1.3615878931652179,Sp1334-6257
506676.76469065115,None,12.901035599277805,43.21420461952295,38.80876731406371,27.019556521095488,80.66767646906511,Sp1336+3743
405399.43055232696,None,17.13069396174827,43.37303146582449,39.57037138876323,29.419608532533097,70.5399430552327,Sp1336+4751
387579.6325862102,None,17.735385417209297,43.329009140999986,39.44819808855549,29.84727651325689,68.75796325862102,Sp1337+4938
467268.95999960223,None,14.310239707181388,43.795364575387346,38.96310500742117,28.37154271642192,76.72689599996022,Sp1338+4140
129498.0196986814,None,-13.854303748285814,19.077407341993045,14.111148853939364,3.0125121932920913,42.94980196986814,Sp1338-1838
136796.19929571828,None,-13.698434925245662,19.684923532512343,14.407002832987587,3.543558036668952,43.67961992957183,Sp1339-1755
332191.20477097924,None,19.266388292840325,43.1146448458905,38.521506438283126,31.237286854542614,63.219120477097924,Sp1341+5510
17514.185422163388,None,-19.483820088620853,12.468858628145773,6.345457950693582,-1.8568309197108408,31.75141854221634,Sp1343-2950
352883.16024701373,None,17.800385672035702,44.23153371169061,37.92504191170557,31.740285911239454,65.28831602470137,Sp1346+5306
151882.70928050202,None,-14.453764428660634,21.85517468538778,14.036266418044981,5.667118355516367,45.1882709280502,Sp1346-1624
-2251.537505966077,None,-20.79750821259013,11.554618052364205,4.637303478733619,-2.3723598094350167,29.774846249403392,Sp1346-3149
354913.0369201184,None,-5.644161838411257,34.55890580906589,24.506090149600748,16.516797634702048,65.49130369201184,Sp1348+0353
285150.06429726724,None,-8.821764736849028,30.512932206586264,21.09187311098454,12.951677560412346,58.515006429726725,Sp1348-0304
-0.5,None,-24.58352748632111,4.275642810385189,-2.137288852224152,-7.724127715076869,19.13661516926238,Sp1348-4227
-0.5,None,-27.553807489039855,-4.187693766267752,-9.426005139531116,-13.743602377658876,7.2123993244685645,Sp1348-5423
584357.7061284644,None,5.260774089008317,44.21435749957382,33.46559954478855,26.425658339351564,88.43577061284644,Sp1350+2650
-0.5,None,-27.219090328741473,-1.1697963673939864,-7.532526071821877,-11.45611241568404,10.986411750358252,Sp1351-5036
376464.6737599584,None,15.696091823369406,45.884292252188025,36.709482516654866,32.7145909671636,67.64646737599584,Sp1354+5044
133847.4572381953,None,-17.417098604607578,22.469309409013942,11.014374063224485,6.754468422506431,43.38474572381953,Sp1356-1812
169539.21864961265,None,-16.126754080743055,25.05504291709819,12.829309146685242,8.898510572609691,46.953921864961266,Sp1357-1438
100230.35528228953,None,-19.154527590613615,20.450109724567085,8.760346121134564,5.247406824210099,40.02303552822895,Sp1357-2134
-0.5,None,-26.119569637801163,7.121600159225367,-2.7390691573411274,-4.897032693101917,21.017774854758187,Sp1359-4034
-0.5,None,-29.368915939334983,-4.7883226113727995,-11.911886469064056,-13.60146807444766,4.994186610945861,Sp1359-5636
407236.69446515245,None,13.469241178631773,47.33510898207029,35.60031067357774,33.30809319453924,70.72366944651525,Sp1400+4739
462082.05681294727,None,10.6920995951759,48.11083567628308,34.73876992707487,32.70461748417145,76.20820568129473,Sp1401+4211
251005.4606968351,None,-13.541947303641638,31.246660690029522,16.283975732712623,14.239758411911692,55.10054606968351,Sp1402-0630
582662.8050855157,None,4.433788749202627,47.68397142785908,31.731405981642663,30.158416001096658,88.26628050855157,Sp1403+3007
392717.34488457185,None,-7.1239794504567415,39.7921455648432,22.944759828758635,21.66653364417623,69.27173448845718,Sp1404+0740
4557.088294814626,None,26.807092657723597,32.31593438733854,30.49454502546971,30.315661678074886,34.557088294814626,Sp1405+8350
568247.7358418389,None,4.638132813025853,48.48186386863624,31.567333683449075,31.113908429831337,86.82477358418389,Sp1406+3131
-0.5,None,-30.887896289362832,-14.130076099895682,-19.653531818356495,-19.674632528206565,-8.348500972071374,Sp1406-6957
-0.5,None,-28.48168034234848,5.0538609912803345,-6.198165825638668,-5.983180975693723,17.00257927397735,Sp1407-4436
-0.5,None,-30.202058907313145,-1.3029457265384943,-11.082633227619757,-10.616895743527008,8.47974083151411,Sp1408-5307
297176.38041730324,None,-13.03644461880428,35.58859300614711,17.062897629376227,18.24435097980502,59.717638041730325,Sp1409-0153
-23597.10784435798,None,-25.921965248525158,13.247727052253241,-0.401729232279285,0.33810305568535187,27.640289215564202,Sp1409-3357
444932.21780003567,None,10.100744584025305,49.603125072741925,33.38232934704659,34.5937138927667,74.49322178000357,Sp1410+4354
-0.5,None,-30.0264187585313,1.2484665337180307,-9.6376001300869,-8.640844401616274,11.573455268355348,Sp1410-5001
487807.53653141443,None,7.840817938276323,50.02897068299306,32.49213683933661,34.025593305692944,78.78075365314145,Sp1411+3936
481383.681674081,None,-4.331415938160869,45.6723846876734,25.012006714133392,27.333715652097776,78.1383681674081,Sp1412+1633
554610.9546438275,None,-0.492452947650945,48.20366190621307,27.827261270791467,30.071282676253777,85.46109546438275,Sp1412+2354
310093.49872045725,None,-12.940872908694011,36.8558644590513,17.194745438184377,19.426046794819356,61.009349872045725,Sp1412-0035
266403.4711080571,None,-15.424701822974054,34.49695609990317,14.583549626211635,17.550461158103445,56.64034711080571,Sp1413-0457
417787.70274329075,None,10.744605919537781,50.00855858234869,32.96725173310008,35.716877152348886,71.77877027432908,Sp1415+4636
454115.62132506265,None,-6.5817933270627496,45.37619621382031,22.988250370408245,27.078450807464513,75.41156213250626,Sp1416+1348
-402.99478660445516,None,-28.264342291221222,13.249063161874991,-2.94162477548716,0.9337794384728199,25.97005213395545,Sp1418-3538
500679.49515968905,None,-5.1768668909493645,48.4183235140544,23.796203632872388,30.082257961360977,80.0679495159689,Sp1421+1827
153026.5127830098,None,-22.078361720000416,28.107888362989417,7.075147710042982,12.805646366781975,45.30265127830098,Sp1421-1618
20123.16344842539,None,-27.04465636357873,18.272985678741723,-0.1586499872964275,5.034874799292719,32.01231634484254,Sp1421-2935
400701.4939915435,None,-10.727467964732936,44.18393472403339,19.181010926836777,26.1612468417794,70.07014939915435,Sp1422+0827
366172.75745860185,None,12.266915596573922,49.923295467632656,32.345611027157915,37.20090714190961,66.61727574586018,Sp1423+5146
234917.36178656176,None,-18.9087369406158,34.14829662500666,11.001905383642415,17.78250320663271,53.491736178656176,Sp1423-0806
-363.56894623669154,None,-29.296673755877354,14.30330911694876,-3.7234156624684496,2.1171474774661148,26.364310537633084,Sp1424-3514
140237.57045852684,None,22.64949527136284,39.001330317053345,31.740621369284902,34.02030061863606,44.02375704585268,Sp1425+7422
-0.5,None,-29.939483631699215,13.199459188266895,-4.775861219512689,1.3309855723175412,24.769323837060956,Sp1425-3650
455456.29417714395,None,-8.919974238861581,47.96284428176173,20.485499797028442,29.701422128639962,75.5456294177144,Sp1428+1356
552104.449367385,None,1.4576910211980947,53.416503860800375,27.46574469494972,36.159195085753716,85.2104449367385,Sp1428+3310
289985.64558500535,None,15.445441911601595,47.61412102750226,32.13092623201104,37.49262140512702,58.99856455850053,Sp1428+5923
248666.182240215,None,-19.44860142383675,36.04997251232859,10.570753263388365,19.640562098521276,54.8666182240215,Sp1428-0644
415479.7958874545,None,8.786394131924247,52.3314573318967,30.60395347932164,38.1555078803406,71.54797958874545,Sp1429+4650
286647.8436666542,None,15.381743140179125,47.690139864682095,31.879671109280142,37.71306316694605,58.66478436666542,Sp1430+5943
3652.4718142182164,None,-29.498278915243674,18.2952021194294,-2.7678053279929618,5.660920630098177,30.36524718142182,Sp1430-3114
111185.55642304862,None,-25.98372100015673,26.679921136680356,2.7856556468485394,12.32970544548864,41.11855564230486,Sp1431-2029
561412.3898314575,None,-4.139296264428135,52.932597151262776,23.64167250732355,34.750503746033615,86.14123898314575,Sp1433+2432
8012.648581951304,None,-27.856148997509255,24.811182968242168,0.48893966646023246,11.068275225236434,38.012648581951304,Sp1434-2335
8060.977088615168,None,-27.884215892208992,24.879511547587146,0.47299131509284875,11.136366172942038,38.06097708861517,Sp1435-2333
592107.5983918057,None,-2.189068041294867,54.528787367332164,24.613031696840558,36.693212516456384,89.21075983918057,Sp1436+2900
-0.5,None,-34.51195324758853,-2.182426187911526,-16.68810067227673,-9.835158283731673,4.254737430657542,Sp1436-5721
242437.88208907063,None,16.86513414522591,46.09695122893257,31.151086784207692,37.78577797449566,54.24378820890706,Sp1438+6408
502700.97808710404,None,-8.542243527265807,52.32744511937504,20.08984194006972,33.991268129378916,80.2700978087104,Sp1439+1839
510984.0007232663,None,-8.172487991717114,52.73902445944075,20.32682276735178,34.400586244022776,81.09840007232663,Sp1439+1929
348885.0079853256,None,-17.77403937148354,45.407237670930606,12.25105604565857,28.12171228235497,64.88850079853256,Sp1443+0316
583002.4361032706,None,-3.0508647570697924,56.42116680971472,23.310981150949328,38.661424999259836,88.30024361032706,Sp1444+3002
112914.61593763188,None,-28.68625687897649,28.724461886366115,0.3164647714868758,14.799552068398992,41.29146159376319,Sp1444-2019
235876.0428592293,None,16.49865016465094,46.37512013362946,30.34540058110519,38.43086719543516,53.58760428592293,Sp1445+6447
320291.14755783894,None,-19.789212206748616,44.07283729896708,10.320712948327884,27.17906688367508,62.029114755783894,Sp1446+0024
-0.5,None,-34.59533210915794,13.165002771866327,-9.849395753213372,2.587134254280698,21.742006950476874,Sp1446-3952
348017.78483542736,None,10.130599426539082,52.626355639798916,28.929116977989725,40.78385472550235,64.80177848354273,Sp1447+5335
-3529.4998475646366,None,-33.06622151256605,19.80533874980681,-6.149586870599051,7.912088767089248,29.647050015243536,Sp1447-3158
490355.0838431252,None,1.3138966309771452,57.673492817438685,25.01792121699448,41.568337817343576,79.03550838431252,Sp1450+3920
371736.8700872751,None,8.399101937337639,54.075881706953794,28.061428611158195,41.470025094149385,67.17368700872751,Sp1450+5112
-0.5,None,-35.09934590356766,15.626759759378247,-9.559348138602564,4.8340232658204645,24.070091305207434,Sp1451-3732
45958.18755273461,None,-13.828681019841959,53.59341404249605,15.124375755093398,35.45472394187891,75.95818755273461,Sp1453+1420
508241.5341680255,None,-0.20509058709535682,58.45741040109297,23.93926533737722,41.94056755989495,80.82415341680255,Sp1453+3733
-0.5,None,-35.74315151494224,-8.354106328803775,-22.07732039689356,-13.796134903716204,-4.459186063103289,Sp1454-6604
578458.3767160275,None,-7.153218290824286,58.15724025494939,19.739215830156063,40.00166561581714,87.84583767160275,Sp1455+2619
50947.116856369095,None,-33.52014325911333,25.46575220994325,-5.283555098562248,13.05161453576395,35.09471168563691,Sp1456-2631
38245.61921885589,None,-33.70360675244736,24.302250838756624,-5.722051914851931,12.059954568283327,33.82456192188559,Sp1456-2747
34558.694188765105,None,-33.94104817445154,24.07227619673216,-6.020599699359024,11.917068854651092,33.45586941887651,Sp1456-2809
430942.18328996876,None,3.8971689028627057,57.45194723979007,25.500632058731178,43.019891713627324,73.09421832899687,Sp1457+4517
59715.91815256025,None,-6.341984892898586,59.296674538035155,19.945898650322615,41.32395475722424,89.71591815256025,Sp1458+2839
37698.9352536273,None,-19.635793317145097,50.242817208869354,10.081574039658564,32.94446580914905,67.6989352536273,Sp1459+0604
51064.55955446147,None,-12.256305237970777,57.346015115422496,15.789567384388471,39.026800237838046,81.06455955446147,Sp1500+1927
460450.1320743279,None,1.6440344135613896,58.86976342051572,24.129206241597174,43.58544881519835,76.04501320743279,Sp1500+4219
54416.18944527821,None,-10.348984617384296,58.61568578309487,17.07985158491873,40.29150726184309,84.4161894452782,Sp1501+2250
-0.5,None,-37.56787200947,14.601821353604345,-12.571693058910244,4.66765298383227,21.56097157133934,Sp1501-4003
7690.284560570553,None,-34.272543549861325,28.540521191439854,-5.478517802865043,16.009762544218958,37.690284560570554,Sp1504-2355
178903.95503331497,None,18.026876411611216,43.917495584119266,28.748330292344594,38.30593872419003,47.8903955033315,Sp1506+7029
15158.286932506442,None,-32.33055692083336,35.161163671988014,-2.603469935331051,21.548103252104518,45.15828693250644,Sp1507-1627
12088.77634609501,None,-33.86456382793496,32.856836117965436,-4.418012442575488,19.824149381373818,42.08877634609501,Sp1509-1932
52048.55446639297,None,-3.5811372070911935,61.912392487945695,20.388039428506016,45.12969834537481,82.04855446639297,Sp1510+3619
28937.741371654327,None,-26.588387633186716,46.28007521662054,3.5119017228870484,30.520089685695,58.937741371654326,Sp1510-0241
19837.300519414213,None,-30.936585457089592,39.29686394882676,-0.8946862717255498,25.020526123698414,49.837300519414214,Sp1510-1147
54296.3269070833,None,-5.369918264222663,62.56883411680337,19.146187669197474,45.318775933515965,84.2963269070833,Sp1512+3403
21076.125236143376,None,-30.861452644279854,40.608860190026434,-0.7645391915823904,26.218057844990962,51.076125236143376,Sp1512-1032
8891.996402949459,None,-35.98395096964944,30.759411365541677,-6.872188440552095,18.46694624546925,38.89199640294946,Sp1513-2243
55280.30431447502,None,-12.224512321666028,61.765038397608215,14.675354615012832,43.43918319088739,85.28030431447502,Sp1514+2341
8715.489125910495,None,-36.227937021347984,30.71125414873525,-7.128990847917078,18.488191195603342,38.715489125910494,Sp1514-2254
395794.48485412984,None,3.7909982654520027,58.7039316816485,23.631085842348977,45.68585389712758,69.57944848541298,Sp1515+4847
31108.1322781029,None,-26.644226736157893,48.80602451288504,3.3408676738774674,32.89199380281148,61.1081322781029,Sp1515-0030
41327.94943706082,None,-21.144540884127597,55.85510393870686,7.959764359429685,38.46118147694054,71.32794943706082,Sp1516+0942
8363.078052992187,None,-36.640697856749824,30.574128025519872,-7.572182848577067,18.474253239895877,38.363078052992186,Sp1516-2315
-0.5,None,-40.657366009446534,5.8782027369970296,-19.699542942395432,-1.5159628667391212,10.157090282018853,Sp1517-5128
-250.54248621214086,None,-40.08013194149109,21.474484591996383,-13.088107538682285,11.31565240051625,27.49457513787859,Sp1519-3407
374823.3922400662,None,4.425427442297349,58.41742337895543,23.310439115057108,46.28409916374481,67.48233922400662,Sp1521+5053
7831.362046544903,None,-38.31133300568745,30.918822861715107,-9.223488223455135,19.241610642124034,37.8313620465449,Sp1523-2347
59486.37336276292,None,-11.162094734214156,65.0250560745842,14.410802321597103,46.90814447808254,89.48637336276292,Sp1524+2812
58887.45733649098,None,-10.274555874911657,65.02797346982322,15.026668196667918,47.03664157335123,88.88745733649098,Sp1524+2925
268245.5504058807,None,11.035079865830705,51.80652153432566,25.54151074980914,43.64737953284184,56.82455504058807,Sp1524+6132
-0.5,None,-41.88006692610376,6.667647368879079,-20.720251698299798,-0.4837888936146475,10.455564192084934,Sp1525-5110
52333.533800384896,None,-16.225742368049808,63.39865591688622,10.913564765675376,45.111584494271746,82.3335338003849,Sp1526+2043
2505.025232478623,None,-41.09345233470483,26.878025176992534,-12.815829238480967,16.382560574192695,32.50502523247862,Sp1529-2907
-0.5,None,-42.33922473894997,4.680676717220019,-22.28918592313027,-1.8680307455283478,7.923746884371148,Sp1530-5342
48307.435200762186,None,-19.705980894446977,62.6863714987733,8.034532109172174,44.72121678808625,78.30743520076219,Sp1531+1641
43961.952845817876,None,-23.134354231644213,61.003030333015595,5.225294634302483,43.64218300250814,73.96195284581788,Sp1534+1219
17319.719756038325,None,-37.42459644993912,40.52968961535492,-7.362141147168724,27.85272255777125,47.319719756038324,Sp1534-1418
-0.5,None,-43.501329241701015,9.025157801897574,-21.427703028635847,1.9241528616110932,12.402575159141351,Sp1534-4914
58320.594883043326,None,-11.916920190860983,67.77549034106842,12.801559273791204,49.813544660729384,88.32059488304333,Sp1536+2959
-0.5,None,-44.27834461575486,17.81474636152804,-18.6663677141064,9.413571774602488,21.730652779114838,Sp1537-3954
137429.0207893624,None,18.628044310047542,42.0274767688934,26.782508448182895,38.33790640871983,43.74290207893624,Sp1539+7437
26288.35935763153,None,-34.25342495938448,48.74970743715114,-4.205108287293131,34.70891298277081,56.28835935763153,Sp1539-0520
44578.80738191547,None,-2.8166638884072417,64.9917700343864,17.823615919196147,50.71886808041176,74.57880738191547,Sp1540+4347
5408.02810758614,None,-42.78332964042007,30.57599742334571,-13.828500769300266,20.20282911494221,35.40802810758614,Sp1540-2613
55310.88051159813,None,-11.040124702213099,69.35086124004427,12.585609602179453,51.88511444318484,85.31088051159813,Sp1544+3301
36125.67176083033,None,2.63873062923976,60.44207186381838,20.202205741982066,49.543490400478056,66.12567176083033,Sp1545+5214
8716.024733815339,None,-42.95668950890647,34.06924766633218,-13.478276249945928,23.44807749100422,38.71602473381534,Sp1545-2255
-0.5,None,-40.68030759562014,-6.128642880040244,-27.091425757037207,-10.237837025414294,-4.495576819751851,Sp1545-6608
-0.5,None,-44.274087891440495,3.829528690009399,-25.079175109275475,-1.8208907497343785,6.061670393216522,Sp1546-5534
18349.826749699936,None,-39.65779958596843,42.86659150048751,-9.52251758197438,30.689873051063874,48.349826749699936,Sp1547-1317
7241.819972171072,None,-43.86281313788251,32.92618313963944,-14.54749823875329,22.66681389631122,37.24181997217107,Sp1547-2423
15035.763526985975,None,-41.44346204111278,40.11375712846042,-11.410731127739236,28.62578159396829,45.035763526985974,Sp1548-1636
-0.5,None,-46.656043924809914,18.692322485018614,-20.892124188549936,10.898996709856787,21.721735454765188,Sp1549-3954
33660.67341205721,None,3.756724395131764,59.27132371605903,20.17713309001717,49.56112433515038,63.66067341205721,Sp1551+5442
23409.96367374512,None,11.227595353835278,50.866559885982745,23.56794627543291,44.67605842164412,53.40996367374512,Sp1551+6457
45648.12454925918,None,-25.502836357228638,65.56676576355146,2.0708429366610077,48.40154056078128,75.64812454925918,Sp1553+1400
48301.11518612951,None,-23.851794516926493,67.29290100749012,3.204792080596282,49.698416943326514,78.30111518612951,Sp1554+1639
41534.391097114,None,-28.57415641393843,63.15455426802998,-0.3638944005693422,46.854998029520644,71.534391097114,Sp1555+0954
21702.410214620486,None,-39.88265724790053,46.75900452514149,-9.756304358672036,34.464320982139704,51.702410214620485,Sp1555-0956
49510.14833292379,None,-23.64704160965905,68.67075204032383,3.0481508172692893,50.9609172421664,79.51014833292379,Sp1557+1752
29119.600797969993,None,6.510978329969166,56.12817439999719,20.97316729196779,48.32229298338624,59.119600797969994,Sp1557+5914
9207.00928028905,None,-45.87001440935663,35.783206712541734,-16.195459493944803,25.920111377821293,39.20700928028905,Sp1559-2226
8740.25073061238,None,-46.01283177298388,35.348427785195284,-16.388140698010545,25.559404340290254,38.74025073061238,Sp1559-2254
-4460.871038549747,None,-48.28564218684038,26.808278730973164,-20.192128350894613,18.47265711734564,29.553912896145025,Sp1600-3205
-0.5,None,-48.28714696357666,13.849511333487994,-24.57077447994768,7.394959357998452,15.922007333704624,Sp1600-4543
25650.720599336637,None,8.692103072615437,53.464268790892206,21.613082443577206,47.00528648658323,55.65072059933664,Sp1602+6242
3583.10995218438,None,-47.970638687390355,30.74264642736247,-19.042266392078226,21.923074392577433,33.58310995218438,Sp1602-2803
-3286.607669939915,None,-49.02470281876439,24.257743405224943,-21.61120921109609,16.446065972610995,26.713392330060085,Sp1602-3455
40786.9548695421,None,-30.76919331056708,64.08289038606159,-2.689004116787618,48.35403323903399,70.7869548695421,Sp1604+0908
5116.26282100418,None,-23.9305154792693,71.23112371781825,2.109478162332985,53.426677539182634,81.1626282100418,Sp1605+1931
26938.75168236071,None,-39.781967522751245,52.79867868662201,-10.017243060725404,40.29412051721294,56.93875168236071,Sp1607-0442
16442.162407262957,None,-44.96224877389222,43.20837504505028,-14.818902696068314,32.67330786480645,46.442162407262956,Sp1607-1512
5157.9786241076945,None,-24.02091543818755,71.95463783046297,1.8257107678522941,54.12539860481557,81.57978624107695,Sp1608+1957
26920.39324167223,None,-39.89669884103347,52.840271349189415,-10.136799692185814,40.37412912649713,56.92039324167223,Sp1608-0443
5655.355481491604,None,-20.512613684261478,74.10429081820416,4.155462187014545,55.781610095671326,86.55355481491604,Sp1609+2457
2879.033114848893,None,-40.15389921922576,55.21589048999611,-10.659029016297978,42.818513344812104,58.79033114848893,Sp1614-0251
3742.263504059949,None,-35.06812533583008,62.96772712497951,-6.757787426398635,48.692008110614594,67.42263504059949,Sp1615+0546
5235.814660436175,None,-13.143424236773313,74.66619946787158,8.31458433560217,58.27606011361745,82.35814660436175,Sp1615+3558
-0.5,None,-48.97172817539585,7.040325992178938,-28.847820532694584,2.2983317574940836,8.125844539402832,Sp1616-5331
3248.3181356151777,None,-38.946234930829924,59.086030194355125,-9.996150600270761,46.25586104879838,62.483181356151775,Sp1619+0050
2736.806978872697,None,-42.20220926635866,54.518692823712605,-12.655944143136061,42.87714181551652,57.36806978872697,Sp1620-0416
2770.948623307298,None,-42.202095172560085,54.92084968184446,-12.706569809645632,43.28476139126301,57.70948623307298,Sp1621-0356
-0.5,None,-52.806649010458024,23.108727670569962,-25.850955170883754,16.64870524643532,24.45911843649934,Sp1621-3711
-0.5,None,-40.61787320524148,-10.662861399943175,-30.7294495282737,-13.042010856850617,-10.202832381061917,Sp1621-7151
3876.670253231772,None,-3.2500425663114396,66.22950056596137,13.679226224292965,56.06397624921742,68.76670253231772,Sp1622+4934
2651.77925230076,None,-43.42184960426667,54.045372748014564,-13.843359483381048,42.86463029255382,56.5177925230076,Sp1623-0508
1367.4724063224885,None,-49.5753437927443,41.82021997362223,-19.453021474396596,32.88765602570212,43.674724063224886,Sp1623-1758
1395.0291605515438,None,-49.92465036273607,42.224991352749115,-19.790393565606824,33.406763637016255,43.95029160551544,Sp1625-1742
5285.276398282129,None,-25.89795520894992,76.12018227167049,-1.0995220865834268,58.432520690477105,82.85276398282129,Sp1626+2113
5679.818262219143,None,-22.938838137414997,77.97497133018155,0.8617182706767265,59.694937814510034,86.79818262219143,Sp1626+2512
2499.183404731276,None,-44.696024877888306,52.788387085908916,-14.999371274135317,42.07663689530885,54.99183404731276,Sp1626-0639
72631.7219056326,None,21.537539778900577,36.99583165535641,25.915299237871384,35.57076540973162,37.26317219056326,Sp1627+8105
722.2636230752855,None,-52.55143874702624,35.82729195861251,-22.841431123632855,28.126777535354687,37.222636230752855,Sp1627-2425
1032.3475475149585,None,-52.26114355734371,38.99225056037264,-22.26003076906126,31.06669365823689,40.323475475149586,Sp1630-2120
5588.348219964017,None,-17.894754554047704,78.97341563677047,3.771736014197565,61.57744137494728,85.88348219964017,Sp1631+3227
5322.994552238207,None,-16.002918759426954,78.16947868262335,4.842210266222454,61.83134568910844,83.22994552238207,Sp1632+3505
2512.1182246018416,None,-46.05233074663813,53.44851495126621,-16.470303681289376,43.30448625470398,55.121182246018414,Sp1632-0631
-0.5,None,-43.69875695557361,-6.823457306485629,-31.900919690014057,-9.315668656750027,-6.4837457346730725,Sp1633-6808
-0.5,None,-38.603683914733935,-14.453900757669274,-31.176090592414802,-16.12757735889177,-14.22614741366995,Sp1633-7553
3227.645310828863,None,-42.609279084582546,60.62601025279689,-14.09648126426349,49.41094438628661,62.27645310828863,Sp1637+0037
-308.73705570031154,None,-56.51153070970166,26.250780073226853,-28.67602614965849,20.620447093292604,26.912629442996884,Sp1639-3444
-319.2103947385981,None,-56.77730612545476,26.189008393239348,-28.9616213373979,20.65361968887065,26.80789605261402,Sp1640-3451
-0.5,None,-57.10972597591884,24.219929943469584,-29.904380411563636,19.02914299510596,24.749841994365493,Sp1642-3654
5816.538950773295,None,-21.604273486919837,82.53005609509984,-0.06126818795523251,64.5313269388643,88.16538950773295,Sp1645+3004
1832.8196313778008,None,-52.25552342805939,47.57607631884511,-22.24973426909693,39.712968803721125,48.32819631377801,Sp1645-1319
5802.530165831136,None,-21.56911570641844,82.71872286867965,-0.14569239027528466,64.78190853880244,88.02530165831136,Sp1646+3016
3800.6514283988736,None,-4.756913000633595,67.15001887533326,10.808206137373112,58.93048075962097,68.00651428398874,Sp1646+5019
3145.619866253169,None,-45.136025250355324,60.56165176050138,-16.800301875693474,50.5971522815759,61.45619866253169,Sp1648-0012
244.68473075110424,None,-58.091046513972564,32.00839754951211,-28.882771746844544,26.404685901056293,32.44684730751104,Sp1648-2913
3641.1541627397723,None,-41.834840144424305,65.40168570622987,-14.451850835361292,54.32094905818234,66.41154162739772,Sp1649+0444
5980.237853612177,None,-23.456214570762214,83.48610619806564,-1.669404059176492,65.18530287899748,89.80237853612176,Sp1649+2822
-0.5,None,-49.87608075077367,1.0644803737298334,-34.0573182989784,-1.5830050050287015,1.2317708259976472,Sp1650-6026
2580.956938293256,None,5.13418578706956,55.54997729219625,16.299151928768257,51.436531097381156,55.80956938293256,Sp1653+6231
5054.781772006519,None,-16.23245378456255,79.30856030899243,2.6193224645997346,65.71112002523013,80.54781772006518,Sp1654+3747
2327.118311988962,None,-51.702163463440705,52.86352499654163,-22.300979840632998,45.20821846064893,53.27118311988962,Sp1655-0823
1728.279162178724,None,-55.11203975329593,46.96013742931209,-25.127548710023913,40.2661033558397,47.28279162178724,Sp1656-1422
4256.274486972314,None,-38.65708280427681,71.89698843989201,-12.991220337132825,60.0002799360968,72.56274486972313,Sp1657+1054
2199.3323596017563,None,-52.743893710420956,51.654286150549495,-23.212799777596185,44.35205577187468,51.99332359601756,Sp1657-0940
3727.101262975728,None,-5.14768236293581,66.95606570576093,9.541073219068474,60.07534345842544,67.27101262975728,Sp1658+5103
1788.264089449565,None,11.734443535228303,47.773271130237,19.885617717131705,45.34658936266492,47.88264089449565,Sp1658+7027
530.7991411324418,None,-18.9200575080163,82.00440632602303,0.344190836427239,67.25790372739188,83.07991411324419,Sp1659+3515
954.5695030447619,None,-59.14750242560089,39.363709640856825,-29.048264842664025,33.9506313976736,39.54569503044762,Sp1700-2207
1041.6684207350634,None,-59.003526808285244,40.24512420018004,-28.872094518358935,34.79536502394908,40.416684207350634,Sp1701-2115
-0.5,None,-53.90436037191689,5.8993021681931666,-35.69337841022699,3.363344181054664,5.959722368924859,Sp1702-5542
2639.2820333791997,None,-51.75861096168105,56.256507965473844,-23.079556796454963,49.206809654169405,56.392820333791995,Sp1705-0516
2251.364786199862,None,-54.17667893528247,52.390120565097476,-24.882325043672285,45.916148644335465,52.51364786199862,Sp1705-0909
-0.5,None,-54.86726430288137,6.939152059423913,-36.16562917300158,4.4764235235816185,6.979531083255307,Sp1705-5441
1842.8887433549178,None,-56.721920959514236,48.337718860363424,-26.946784790226403,42.51874260637485,48.42888743354918,Sp1706-1314
453.03828161533346,None,-12.90742449331415,75.13014118710116,3.680303052103251,65.93826583323784,75.30382816153335,Sp1707+4301
236.71548231951945,None,6.243394626344997,53.62144140162433,16.122123840621406,50.65946471736653,53.671548231951945,Sp1707+6439
2569.832986273593,None,-52.5094158186894,55.5973428347588,-23.757560487509945,48.83830740998933,55.69832986273593,Sp1707-0558
-0.5,None,-60.70431442638944,18.59324178443162,-35.920484092533464,15.49086543092665,18.625542336599825,Sp1708-4302
-0.5,None,-42.81279495844345,-10.777111552039008,-34.26366361761846,-11.968022074109236,-10.769486708459263,Sp1709-7226
478.4381806336954,None,-15.519699950377989,77.7598086455296,1.5329068697000028,67.83248249978153,77.84381806336954,Sp1711+4028
2655.1785237809363,None,-52.96956101644686,56.52549632616124,-24.54208349161502,50.2796258740511,56.55178523780936,Sp1712-0507
438.6265098393277,None,-40.049680799575704,73.82849971285292,-15.593642299427044,63.86707778747089,73.86265098393277,Sp1713+1211
-0.5,None,-62.62122565454829,21.80188998012059,-36.46474100120939,18.816993490111447,21.808368143304296,Sp1713-3952
384.7456174336737,None,-44.47637758684196,68.46038961672936,-18.736725110131637,60.17524943566186,68.47456174336737,Sp1714+0648
579.3665574082886,None,-24.761608407187264,87.83273245938763,-5.114837019643568,70.90945945106085,87.93665574082885,Sp1714+3019
164.13260853202422,None,-59.47523675908256,46.41248626793152,-29.607031692627135,41.647572364392246,46.413260853202424,Sp1715-1515
271.22294550529176,None,2.6093224608866286,57.122294550529176,13.160512577098782,54.215243485795476,57.122294550529176,Sp1717+6112
228.85130513091588,None,6.468322758868972,52.88513051309159,15.69103509780525,50.55291836884829,52.88513051309159,Sp1717+6526
-0.5,None,-32.81843994608966,-23.145743154349198,-30.584656231179068,-23.437941807365796,-23.145743154349198,Sp1717-8449
-0.5,None,-63.05892344181944,20.154101968692583,-37.67270394809806,17.593741520637128,20.154101968692583,Sp1718-4131
-0.5,None,-60.943639277662,15.054967473471581,-38.104884476601995,12.77022421613317,15.054967473471581,Sp1718-4637
-0.5,None,-60.520104889389856,14.077232075330507,-38.21538927236266,11.865770464728609,14.077232075330507,Sp1719-4736
435.51785219914734,None,-12.410447839003522,73.55178521991473,2.879873446961981,66.88558410046059,73.55178521991473,Sp1720+4446
508.644507730496,None,-19.278133592797527,80.8644507730496,-2.132022459742704,71.16756379454777,80.8644507730496,Sp1723+3724
273.6581857916075,None,-54.784616536523075,57.365818579160745,-27.05156977809712,52.7041392898807,57.365818579160745,Sp1726-0415
40.14361103781141,None,-66.21986890846487,34.01436110378114,-36.449322608310176,31.239377847870507,34.01436110378114,Sp1726-2737
304.07479162244385,None,-52.78566078176641,60.407479162244385,-25.840036168096702,55.59161504253752,60.407479162244385,Sp1727-0111
402.1599411411944,None,-44.957284695226534,70.21599411411944,-20.504605204491664,63.78142827004366,70.21599411411944,Sp1728+0839
129.95364100112937,None,15.018155615017971,42.99536410011294,20.54520025760808,42.097234938398906,42.99536410011294,Sp1728+7518
499.5391009520789,None,-19.196657084071465,79.95391009520789,-2.6866979920966854,72.02990523399218,79.95391009520789,Sp1729+3805
267.53065305965725,None,2.355742145557857,56.75306530596573,12.289556415741064,54.61657151125449,56.75306530596573,Sp1729+6131
476.7230303759793,None,-38.79242062635073,77.67230303759793,-16.55716280668276,69.72056770964292,77.67230303759793,Sp1731+1619
570.0259209224477,None,-29.07551254940002,87.00259209224477,-9.812379798620746,74.38087090011012,87.00259209224477,Sp1731+2721
565.1213232813886,None,-26.70861857491874,86.51213232813886,-8.243959160759077,74.71622475779992,86.51213232813886,Sp1732+3004
561.9977289637204,None,-30.214464380485097,86.19977289637204,-10.77154167176081,74.53225184392589,86.19977289637204,Sp1733+2615
552.9910343411073,None,-25.292277987339386,85.29910343411072,-7.351668875426513,74.78370741732921,85.29910343411072,Sp1733+3144
146.19536184238015,None,-64.15172877240289,44.619536184238015,-34.34928031082912,41.873906621184815,44.619536184238015,Sp1733-1654
196.35849911448105,None,-61.419881252459184,49.635849911448105,-32.411100134932305,46.658333147510305,49.635849911448105,Sp1734-1151
43.620166483496874,None,-67.84239405881439,34.36201664834969,-37.964269911008685,32.201137260127176,34.36201664834969,Sp1734-2711
37.79133824678354,None,-68.09599344192785,33.779133824678354,-38.28846034908102,31.708621370746908,33.779133824678354,Sp1735-2745
-0.5,None,-63.67445158993096,15.392671323661983,-41.023445747036675,14.040730692947985,15.392671323661983,Sp1735-4611
408.65365687403244,None,-11.467188760088028,70.86536568740324,2.0822815648371837,67.374640962585,70.86536568740324,Sp1737+4705
542.4230413661809,None,-32.046006132605775,84.24230413661809,-12.740923841460848,75.60557377403039,84.24230413661809,Sp1739+2454
325.1417606647562,None,-3.715292665786371,62.51417606647562,7.390635171368518,60.540561444312885,62.51417606647562,Sp1739+5532
405.75438528430016,None,-45.88125994081351,70.57543852843001,-22.66653860408391,66.63841952179446,70.57543852843001,Sp1741+0940
486.51573331642066,None,-38.24235587524144,78.65157333164207,-17.59245939953146,73.4976568149009,78.65157333164207,Sp1743+1832
510.91039584580517,None,-35.598952764377366,81.09103958458051,-15.714627002704875,75.11642165747486,81.09103958458051,Sp1743+2127
292.8488569379165,None,-0.8963938158589481,59.28488569379165,9.123470380127847,57.91381932546915,59.28488569379165,Sp1743+5844
28479.84875834044,None,24.124278423402128,32.847984875834044,25.856562045253952,32.67799368847365,32.847984875834044,Sp1743+8526
-0.5,None,-55.989855654254264,2.9464522516117584,-41.0019844041783,2.3231331866659066,2.9464522516117584,Sp1744-5834
145.29198420061425,None,-66.4366864720258,44.52919842006143,-36.86827523827583,43.005962104170294,44.52919842006143,Sp1745-1640
538.5362032594281,None,-28.866273260604657,83.85362032594281,-11.221348126627005,77.79029953609141,83.85362032594281,Sp1746+2903
49.16030815090035,None,-20.950993821028806,79.16030815090035,-5.470877145270484,75.07034937310823,79.16030815090035,Sp1746+3731
371.5494712520609,None,-8.714459356794105,67.15494712520609,3.3572639946397507,65.33737418457535,67.15494712520609,Sp1746+5034
50.962476223858076,None,-35.058561123720594,80.96247622385808,-16.02532558122677,76.99199718300218,80.96247622385808,Sp1749+2241
42.735160328589544,None,-14.75737082846449,72.73516032858954,-1.3546383428442772,70.84894142906947,72.73516032858954,Sp1750+4424
49.456704217184864,None,-22.622037871336282,79.45670421718486,-7.2554633406919775,76.80391554692334,79.45670421718486,Sp1751+3610
1.280037127504933,None,-72.12290182850873,31.280037127504933,-42.56767322047028,30.719182645100247,31.280037127504933,Sp1752-2949
-0.5,None,-66.84475549481068,16.49476246790817,-43.93976519308173,16.06935492418555,16.49476246790817,Sp1752-4446
-0.5,None,-40.6559729423272,-15.153763837769814,-35.38595494512512,-15.263065323064422,-15.153763837769814,Sp1752-7642
7.805359475240699,None,-71.00372270017753,37.8053594752407,-40.86395907155483,37.18286624135484,37.8053594752407,Sp1753-2312
-0.5,None,-50.320217216113086,-4.5554524841439346,-39.920515125829596,-4.7309272776670035,-4.5554524841439346,Sp1753-6559
23.728899718506646,None,3.7912534696926223,53.728899718506646,11.778116864323863,53.355526215725625,53.728899718506646,Sp1754+6408
28.96202044000495,None,-57.13107184851049,58.96202044000495,-31.79444953696617,58.251898288609986,58.96202044000495,Sp1755-0126
10.123054162681314,None,-70.72820150711391,40.12305416268131,-40.78616109574502,39.7957342406988,40.12305416268131,Sp1756-2042
3.8306049126406307,None,-72.60077363492367,33.83060491264063,-42.59676539838626,33.501473746730994,33.83060491264063,Sp1756-2707
1.4224148251562205,None,-72.84616605160458,31.42241482515622,-43.21880777805062,31.12905331580682,31.42241482515622,Sp1756-2933
-0.5,None,-67.05625021741977,15.874349120207857,-44.62956562568371,15.68821811854298,15.874349120207857,Sp1756-4518
41.04960588248245,None,-45.848938191332806,71.04960588248245,-24.49757978051655,70.4520727241528,71.04960588248245,Sp1757+1142
17.721764329403598,None,-66.3369286913326,47.7217643294036,-37.916766077513905,47.43555164430549,47.7217643294036,Sp1757-1253
2.800694114587877,None,-73.23186485825038,32.80069411458788,-43.33458716857232,32.67444877924882,32.80069411458788,Sp1758-2804
1.798555422768775,None,-73.4111801579284,31.798555422768775,-43.675351715582714,31.718525867865775,31.798555422768775,Sp1758-2904
32.450950181637175,None,-54.256509747751025,62.450950181637175,-30.457591492791458,62.41419273933174,62.450950181637175,Sp1759+0235
14.573665519988118,None,-68.82862828892863,44.57366551998812,-39.76665821011033,44.574974813257214,44.57366551998812,Sp1800-1559
13.294134613949318,None,13.722530748065497,43.29413461394932,18.516633801701058,43.293718733173655,43.29413461394932,Sp1801+7442
2.360446379130593,None,-73.86087832580917,32.36044637913059,-43.99922397642191,32.462771004805255,32.36044637913059,Sp1801-2825
16.190516615556824,None,-68.03958484965511,46.190516615556824,-39.47931205812885,46.4209366972731,46.190516615556824,Sp1802-1412
14.524379397239407,None,-69.40002344784745,44.52437939723941,-40.49890217632668,44.916311802880195,44.52437939723941,Sp1803-1550
0.21560956413287968,None,-74.28156340903595,30.21560956413288,-44.842298357137935,30.464599678903014,30.21560956413288,Sp1803-3031
14.03325987569189,None,-69.87677245750004,44.03325987569189,-40.906850049342424,44.53273883090995,44.03325987569189,Sp1804-1616
-1.3214061219675841,None,-74.53522056921076,28.678593878032416,-45.51966104586709,29.072988110108582,28.678593878032416,Sp1804-3200
2.58664319183427,None,-74.81853786128603,32.58664319183427,-44.869328179771564,33.068474982620636,32.58664319183427,Sp1805-2758
49.41919051764823,None,-30.03790209414868,79.41919051764823,-14.209558058628515,82.18821031627138,79.41919051764823,Sp1806+2923
36.20701138285837,None,-10.005953375941223,66.20701138285837,0.7556354292284704,67.05350511946244,66.20701138285837,Sp1807+5015
23.337854144451207,None,-62.89606332522282,53.33785414445121,-36.89956894420167,54.278815128047924,53.33785414445121,Sp1807-0625
5.415734724396621,None,-74.65237034974837,35.41573472439662,-44.500482843143395,36.08637388125921,35.41573472439662,Sp1807-2459
47.34151190240097,None,-24.390341677019,77.34151190240097,-10.15933837405213,79.9032719503244,77.34151190240097,Sp1808+3523
2.738355743492747,None,-75.49965158939243,32.73835574349275,-45.494210863869036,33.49639650951061,32.73835574349275,Sp1808-2739
47.43193238948649,None,-36.31185763077312,77.43193238948649,-19.0873040984731,80.90463786782927,77.43193238948649,Sp1809+2259
2.11981200013345,None,-75.67197872595155,32.11981200013345,-45.745579481555424,32.91280834487971,32.11981200013345,Sp1809-2816
33.9130190101037,None,-52.95127128257058,63.9130190101037,-31.147232381863773,66.16461240485597,63.9130190101037,Sp1812+0531
4.36881609591763,None,-76.25308589134212,34.36881609591763,-46.10246494029092,35.59681315617906,34.36881609591763,Sp1813-2542
14.031621368388798,None,-71.19467031436314,44.0316213683888,-42.82232919158217,45.61532437396507,44.0316213683888,Sp1814-1536
9.42495051949502,None,-74.21682093136573,39.42495051949502,-44.61780613953332,40.84173634480339,39.42495051949502,Sp1814-2025
-0.5,None,-69.21207078839008,15.234838328323153,-47.74610229365648,16.084429920708573,15.234838328323153,Sp1814-4522
7.231364849365647,None,-75.55020879613394,37.23136484936565,-45.60317527152062,38.69788591995737,37.23136484936565,Sp1815-2237
37.34342994361842,None,-48.95743086113386,67.34342994361842,-29.074005717523296,71.08391051354707,67.34342994361842,Sp1817+1017
42.18256505628915,None,-19.48480383187813,72.18256505628915,-7.54253064417987,76.45995324058713,72.18256505628915,Sp1819+4101
21.138562042366793,None,4.929406408696522,51.13856204236679,11.266201556648076,52.11190879659356,51.13856204236679,Sp1819+6600
-0.5,None,-58.93017668105427,2.820736647912053,-45.67054876230327,3.6897697165181214,2.820736647912053,Sp1819-5754
39.731362975210004,None,-45.536761091355515,69.73136297521,-27.22327658466296,75.15891937002354,69.73136297521,Sp1821+1414
-0.5,None,-56.13108483200474,-0.2683364681354179,-44.699396331267465,0.5959815557821345,-0.2683364681354179,Sp1821-6101
42.75246765179146,None,-21.237954232471733,72.75246765179146,-9.176984391949928,78.22297963665464,72.75246765179146,Sp1822+3921
42.02936011005902,None,-20.10135340786884,72.02936011005902,-8.315354478681893,77.13721421469502,72.02936011005902,Sp1822+4032
14.214716099879944,None,11.94781993791355,44.214716099879944,16.380299117894204,44.95755523256478,44.214716099879944,Sp1824+7316
23.036601897509996,None,-63.877534459242874,53.036601897509996,-39.912932183777365,56.448687631895545,53.036601897509996,Sp1824-0500
-5.233905083076518,None,-77.36801809827898,24.766094916923482,-49.85532247410628,26.525922917252146,24.766094916923482,Sp1824-3503
-5.495810065171991,None,-77.25161868454451,24.50418993482801,-49.88918126125096,26.260267585879387,24.50418993482801,Sp1824-3519
33.77878784717217,None,-9.563609004603878,63.77878784717217,-0.30607132924055497,66.69984477239872,63.77878784717217,Sp1825+5122
-0.5,None,-71.03078264713552,45.58144919743217,-44.41932677182451,48.708615264606976,45.58144919743217,Sp1827-1251
-0.5,None,-57.54982455806684,58.93585308030742,-36.57620199357473,63.813216195291716,58.93585308030742,Sp1829+0215
-0.5,None,-52.13191834851858,63.61862501070204,-32.95587077483945,69.47093440824013,63.61862501070204,Sp1829+0757
-0.5,None,-34.59074114700846,74.08110604982538,-20.13867401696295,86.40423443907885,74.08110604982538,Sp1829+2600
-0.5,None,-72.75847048462082,43.75302641010567,-45.61942578597081,46.95831472081426,43.75302641010567,Sp1829-1439
-0.5,None,-53.1146699673774,-4.009185110494799,-44.11572722671004,-2.893909495548062,-4.009185110494799,Sp1831-6435
-0.5,None,-38.298824289518606,72.08445283787488,-23.43090265117549,83.83628300400395,72.08445283787488,Sp1833+2225
-0.5,None,-79.79392095820438,25.247471256223292,-51.89895563701499,27.80235427871563,25.247471256223292,Sp1834-3353
-0.5,None,-55.70697655124674,60.07011948438982,-36.2644715292473,66.34626084010914,60.07011948438982,Sp1835+0440
-0.5,None,-27.978901075733123,72.83006683077814,-15.711135073548736,85.08617893241968,72.83006683077814,Sp1835+3259
-0.5,None,-79.52332692021028,23.92323874296576,-52.46896657449904,26.588695973866407,23.92323874296576,Sp1836-3507
-0.5,None,-44.80950858560671,67.9712665208575,-28.7986935023043,77.64602450316417,67.9712665208575,Sp1837+1558
-0.5,None,-69.1324881311261,11.731814931987053,-51.19987033246253,13.791169575607764,11.731814931987053,Sp1837-4755
-0.5,None,-31.199920201694678,72.28592379377505,-18.65669260008508,88.31915359485063,72.28592379377505,Sp1839+2952
-0.5,None,-16.814646653530552,67.24518346164781,-7.2204828547838735,73.86240653114952,67.24518346164781,Sp1839+4424
-0.5,None,6.38054130543383,48.53052773853207,11.280409232580237,50.42223028031088,48.53052773853207,Sp1842+6751
-0.5,None,-77.33198615131674,19.816436611076174,-53.47839047226555,22.622693275092704,19.816436611076174,Sp1842-3905
-0.5,None,-66.29398123754939,8.34192382283859,-50.966858212117174,10.479019420310058,8.34192382283859,Sp1842-5114
-0.5,None,-49.43044379677783,64.02125639832742,-32.955602716282414,73.24929209925611,64.02125639832742,Sp1843+1132
-0.5,None,-34.30897159267075,71.19006223136375,-21.52543174278105,88.54175267364073,71.19006223136375,Sp1843+2651
-0.5,None,-20.61802282798986,68.71502791027396,-10.63736776428016,77.60873155994464,68.71502791027396,Sp1843+4040
-0.5,None,-63.52575198884408,52.70576698225585,-42.48555950584534,58.79620727549544,52.70576698225585,Sp1843-0255
-0.5,None,-53.774792645975495,60.583430264280786,-36.31424834975205,68.90332152824716,60.583430264280786,Sp1845+0711
-0.5,None,-22.43304162332024,69.17261130078775,-12.287693667925527,79.37261972392751,69.17261130078775,Sp1845+3853
-0.5,None,-54.06426627415093,-3.8390048151904224,-45.673340477838885,-2.2412231099150484,-3.8390048151904224,Sp1845-6357
-0.5,None,-81.72120828802277,23.905803655198714,-54.66036307803058,27.380792065607594,23.905803655198714,Sp1847-3419
-0.5,None,-82.97851752935317,33.255914917036,-53.53084971056297,37.694488814146595,33.255914917036,Sp1849-2359
-0.5,None,-1.9506687031848788,54.99703338079822,4.020432349305762,58.662730623002496,54.99703338079822,Sp1851+5935
-0.5,None,-8.569175769289803,59.92685858193096,-1.5374516051740277,65.25723962189848,59.92685858193096,Sp1852+5257
-0.5,None,-76.52515475315901,17.13251548788312,-55.45335954820523,20.535411683925403,17.13251548788312,Sp1853-4107
-0.5,None,22.846375336611406,33.32546023635853,24.074255529186626,33.779236848242896,33.32546023635853,Sp1854+8429
-0.5,None,-61.0498950792919,2.2223087985207,-50.266707316198286,4.602578958384936,2.2223087985207,Sp1854-5704
-0.5,None,2.3493868176440804,51.09899047799755,7.268383921942117,54.26107707087246,51.09899047799755,Sp1856+6356
-0.5,None,-69.57632840679992,46.40154569831009,-48.223641997531715,53.18458244699249,46.40154569831009,Sp1856-0822
-0.5,None,-49.454545464143166,61.72718289149158,-34.988282716682875,73.32277445028704,61.72718289149158,Sp1857+1200
-0.5,None,-84.66920106424213,32.08247268352501,-55.56116435215417,37.22059517041635,32.08247268352501,Sp1858-2420
-0.5,None,-49.710555670275276,61.3050374627835,-35.39644343545635,73.02740575523289,61.3050374627835,Sp1859+1146
-0.5,None,-43.7077436305461,-14.22606150047607,-39.965594555303106,-12.909018346909608,-14.22606150047607,Sp1859-7435
-0.5,None,-36.976515679558176,66.22837713616872,-26.1017275928879,83.91560793922666,66.22837713616872,Sp1903+2437
-0.5,None,-27.23323729674907,66.92920753603329,-18.051981765929987,82.4086729423308,66.92920753603329,Sp1903+3422
-0.5,None,-26.25661294457175,66.81109999524715,-17.221405204770974,81.63933887856076,66.81109999524715,Sp1903+3521
-0.5,None,-43.93422094588565,63.38744735590858,-31.81107496960902,78.15516250155059,63.38744735590858,Sp1905+1740
-0.5,None,-71.49893427311328,11.182527049747524,-56.01930859872394,14.798415214326473,11.182527049747524,Sp1905-4644
-0.5,None,-21.459825148445375,64.84609399481981,-13.575712618699306,77.0568189652878,64.84609399481981,Sp1906+4011
-0.5,None,-66.83016335684025,47.612477260833316,-48.39481443357649,55.9713881362237,47.612477260833316,Sp1906-0515
-0.5,None,-59.831752391775154,0.34650847795193884,-50.84544196191213,3.101003284644677,0.34650847795193884,Sp1906-5828
-0.5,None,-39.001459728428834,64.53993941238805,-28.390394840606348,81.72935237138843,64.53993941238805,Sp1908+2238
-0.5,None,-45.15899575426171,61.80051305330698,-33.45585007961066,76.58151211692561,61.80051305330698,Sp1909+1629
-0.5,None,-81.20672898842867,35.1216372218454,-56.3302678366775,41.64619783024184,35.1216372218454,Sp1909-1937
-0.5,None,-46.5744050448877,60.96785793974325,-34.64747199206272,75.25790375864827,60.96785793974325,Sp1910+1504
-0.5,None,-44.612311197846864,61.99645893139482,-33.07164504903458,77.02738388571123,61.99645893139482,Sp1910+1702
-0.5,None,-5.090890256272706,55.54970922937118,0.1208088277981902,61.27350527858336,55.54970922937118,Sp1910+5634
-0.5,None,-64.3537227686842,48.47736576915329,-48.20571050190447,58.11423573555577,48.47736576915329,Sp1913-0241
-0.5,None,6.475975260470233,46.666787333908275,9.865929060288858,49.854681463895695,46.666787333908275,Sp1914+6808
-0.5,None,-88.1909537951598,25.349596366403123,-60.01249652936621,31.07197499471047,25.349596366403123,Sp1914-3008
-0.5,None,-60.80022188004296,50.722527942423696,-46.24623953406662,61.39292223593469,50.722527942423696,Sp1916+0051
-0.5,None,-56.511721851687156,53.62163651886526,-43.27713041638998,65.43208384493826,53.62163651886526,Sp1916+0509
-0.5,None,-86.90749454872062,23.86399917177232,-61.16178376178464,29.811502165016947,23.86399917177232,Sp1919-3115
-0.5,None,-37.21374159289571,62.366379983725,-28.497257727204417,80.44158895882357,62.366379983725,Sp1921+2425
-0.5,None,-88.22309364952498,25.366303220314173,-61.4705990610311,31.69096731831268,25.366303220314173,Sp1921-2915
-0.5,None,-52.30904319571896,55.024244342120454,-41.18717916525935,68.64588793619014,55.024244342120454,Sp1923+0917
-0.5,None,-84.8130188713661,21.766866836371516,-62.105323676235194,27.790857061707005,21.766866836371516,Sp1923-3308
-0.5,None,-41.52703945568454,60.23360205166128,-32.57016735658057,77.31972187218457,60.23360205166128,Sp1924+2004
-0.5,None,-38.231515061544215,61.31659493129979,-29.810384102053437,79.25013046215498,61.31659493129979,Sp1924+2322
-0.5,None,-66.35482451937297,5.156738013782615,-56.61502624869054,9.273089538149366,5.156738013782615,Sp1924-5154
-0.5,None,-54.564075817636535,53.300528669457655,-43.21067722710976,66.4106801705465,53.300528669457655,Sp1925+0700
-0.5,None,-35.959045544245186,61.32465343074918,-28.20738278370911,79.60988511378342,61.32465343074918,Sp1927+2537
-0.5,None,-69.61997664811173,7.890622005185051,-58.72880365863045,12.487409972287013,7.890622005185051,Sp1927-4833
-0.5,None,-37.91406807283469,60.621389033528125,-30.00581072310472,78.66659765596033,60.621389033528125,Sp1928+2339
-0.5,None,-27.517737179801134,61.72165271919626,-21.069809048484434,78.47916127472271,61.72165271919626,Sp1928+3403
-0.5,None,-74.13704771388832,11.839365814597619,-60.924569203736084,16.991737610296536,11.839365814597619,Sp1928-4356
-0.5,None,-71.1330696270101,9.187456243259057,-59.582061974937176,13.989582654326032,9.187456243259057,Sp1928-4700
-0.5,None,-50.46485432834334,54.819880252357734,-40.715239207341625,69.45686924717786,54.819880252357734,Sp1929+1101
-0.5,None,-66.37533029255624,44.147825399466896,-52.6973670588108,54.82355251426539,44.147825399466896,Sp1929-0458
-0.5,None,-76.51035767698848,35.90613075963938,-59.06102164762422,44.808814635034004,35.90613075963938,Sp1930-1521
-0.5,None,-51.02993118471971,53.768697348096254,-41.72961479585948,68.46744648961916,53.768697348096254,Sp1933+1022
-0.5,None,-41.70780302832293,58.16475078682279,-33.98326572358052,75.50350346710233,58.16475078682279,Sp1933+1944
-0.5,None,-39.62846679352564,58.90325770638694,-32.196366021016026,76.70949089085956,58.90325770638694,Sp1933+2150
-0.5,None,-69.36399125374871,41.14183702529884,-55.477519704337645,51.507207789113416,41.14183702529884,Sp1933-0810
-0.5,None,-66.02086864825161,43.016111998536395,-53.93304146250964,54.28787297597031,43.016111998536395,Sp1936-0455
-0.5,None,-74.73772629718592,36.04666248011022,-59.68373062621523,45.68346913016146,36.04666248011022,Sp1937-1359
-0.5,None,-18.097640370976947,58.19131501840256,-13.692715547736334,71.10057039869517,58.19131501840256,Sp1938+4321
-0.5,None,-74.84839239652317,12.019608500903386,-63.13094603147987,17.862100600985542,12.019608500903386,Sp1939-4239
-0.5,None,-60.1663053765525,-1.0978312787998348,-54.659535988107024,3.0303814903519877,-1.0978312787998348,Sp1939-5750
-0.5,None,-48.58432014160574,53.55190739064766,-40.841775147837375,69.31799319062782,53.55190739064766,Sp1940+1237
-0.5,None,-50.57194590414416,-9.534212313328368,-47.486419045599696,-6.482494074852159,-9.534212313328368,Sp1941-6733
-0.5,None,-41.949429363470195,55.917514085344486,-35.558522292124316,73.42561764415711,55.917514085344486,Sp1942+1913
-0.5,None,-56.559883822974975,-4.410515000468401,-52.372362781498694,-0.5670624075782875,-4.410515000468401,Sp1943-6125
-0.5,None,-6.913795435591183,52.71294192896699,-4.03322013781631,61.35033639174726,52.71294192896699,Sp1945+5428
-0.5,None,-82.70405764420698,25.261051927039215,-66.23097709260304,33.65933210962507,25.261051927039215,Sp1945-2557
-0.5,None,-68.43390978214548,5.974774888779054,-60.933699155082394,11.362948696357838,5.974774888779054,Sp1945-4904
-0.5,None,-71.79095661748332,36.252030312066,-60.3215140138522,47.01132862941753,36.252030312066,Sp1946-1145
-0.5,None,-43.67434244056646,53.676213753887154,-38.08047118875572,70.95942754088428,53.676213753887154,Sp1949+1713
-0.5,None,-36.243073278594196,56.135357495568115,-31.44426376884616,74.45029232483486,56.135357495568115,Sp1949+2445
-0.5,None,-36.35052318245884,55.9354372224425,-31.64389474846237,74.2467539886843,55.9354372224425,Sp1950+2436
-0.5,None,-26.763181413918936,56.61624570111267,-23.170715198925322,73.66491442399835,56.61624570111267,Sp1953+3414
-0.5,None,-42.62955646811627,52.86835309121241,-37.95035509409181,70.44645472561714,52.86835309121241,Sp1954+1801
-0.5,None,-49.590146801617344,49.474162726976914,-44.28220250383177,65.58296309029724,49.474162726976914,Sp1955+1052
-0.5,None,-72.18740540447834,33.725133898905,-62.910174149527904,44.81952257814538,33.725133898905,Sp1955-1316
-0.5,None,-46.532595385270064,-13.434353330709945,-44.92329924225125,-10.539266119191495,-13.434353330709945,Sp1955-7126
-0.5,None,-46.05684814436333,50.98217520400964,-41.30726329602844,67.91200291850025,50.98217520400964,Sp1956+1426
-0.5,None,-75.85360828274209,30.097224527550043,-65.66345205873937,40.45180493868319,30.097224527550043,Sp1956-1754
-0.5,None,-36.49742924503055,54.18787112448543,-32.794895022854284,72.49997326363925,54.18787112448543,Sp1957+2408
-0.5,None,-29.726155866325712,55.01551204798235,-26.736135477624074,72.85887746800334,55.01551204798235,Sp2000+3057
-0.5,None,-53.06334615029091,45.857208945731394,-48.64433816322706,61.3919399363586,45.857208945731394,Sp2001+0647
-0.5,None,-64.33680447342363,38.073992133760456,-58.729721661072034,51.13331248576586,38.073992133760456,Sp2002-0521
-0.5,None,-71.1484531107894,8.067185559538926,-65.99969626456338,14.871534622998032,8.067185559538926,Sp2002-4433
-0.5,None,-62.50530675227721,0.07286552373892533,-59.274019086959946,5.504057074273076,0.07286552373892533,Sp2002-5425
-0.5,None,-71.72509909017207,31.429822651347155,-65.33977798373917,42.9643164283835,31.429822651347155,Sp2004-1416
-0.5,None,-67.0330214342988,35.003812626778725,-61.95786978854674,47.61394024314298,35.003812626778725,Sp2006-0852
-0.5,None,-52.56794098603908,43.95765784513333,-49.8887294245291,59.84572109213972,43.95765784513333,Sp2010+0634
-0.5,None,-46.54000237069211,46.6455609556954,-44.59380059327529,63.777620445543555,46.6455609556954,Sp2012+1246
-0.5,None,-43.05270762624428,48.2801863898076,-41.23068079677805,65.98508779174566,48.2801863898076,Sp2012+1627
-0.5,None,-59.60587823707116,-2.9051658174750834,-58.54789502551634,2.694566655158705,-2.9051658174750834,Sp2015-5645
-0.5,None,-41.93889818796435,47.78475810849214,-40.78585889558139,65.66554555023423,47.78475810849214,Sp2016+1719
-0.5,None,-67.16863748348139,31.854317680766535,-65.07627333891514,44.72751941004435,31.854317680766535,Sp2016-1045
-0.5,None,-57.97303298052912,38.54625959675076,-56.643357279709356,53.46619370562479,38.54625959675076,Sp2018-0007
-0.5,None,-63.860139697233855,34.05300177034263,-62.46685444354259,47.70850293477609,34.05300177034263,Sp2018-0701
-0.5,None,-23.790749991671742,51.20539989307839,-23.36230989507155,67.93095717600336,51.20539989307839,Sp2020+3603
-0.5,None,-36.858615274086425,48.40095640221819,-36.581848041401805,66.70970040760578,48.40095640221819,Sp2021+2216
-0.5,None,-69.77750717038084,6.96597764607211,-69.80948722759776,14.94141165287449,6.96597764607211,Sp2023-4305
-0.5,None,-64.09893643015437,31.681422891866436,-64.78666773262822,45.42515813716842,31.681422891866436,Sp2025-0835
-0.5,None,-52.72706578195642,39.57711953017435,-53.381960585761334,55.742307979245055,39.57711953017435,Sp2026+0439
-0.5,None,-74.28632653195831,16.69201491662342,-75.55768506120442,26.889902503697932,16.69201491662342,Sp2026-2943
-0.5,None,-33.00711420434318,48.23595442447519,-33.501387796441136,66.52317932762938,48.23595442447519,Sp2027+2555
-0.5,None,-56.78903038539754,36.479784660171916,-57.91482180167679,51.85052198337744,36.479784660171916,Sp2028-0010
-0.5,None,-46.617988216872035,41.738698100857654,-48.095576901441454,59.04269625553644,41.738698100857654,Sp2031+1052
-0.5,None,-17.50242186479461,48.79388362594103,-18.33363921019874,63.87291710660491,48.79388362594103,Sp2032+4155
-0.5,None,-47.48971348278276,-13.74469026554659,-48.171847961236786,-9.645696532957013,-13.74469026554659,Sp2032-6918
-0.5,None,-30.227398443707372,47.49465782454108,-31.498535179494585,65.58887394038757,47.49465782454108,Sp2033+2823
-0.5,None,-27.470642733252596,48.04530817266008,-28.65728030376692,65.7715676009263,48.04530817266008,Sp2033+3119
-0.5,None,-48.44738308980163,39.87447232175529,-50.63368524209359,56.90505413162851,39.87447232175529,Sp2034+0827
-0.5,None,-12.398927774322676,47.79125664307146,-13.369704203056427,61.110169715537715,47.79125664307146,Sp2034+4708
-0.5,None,-72.27137691981947,14.300495897343314,-77.3785044591751,24.720284924338607,14.300495897343314,Sp2035-3110
-0.5,None,-67.58714151601916,4.953163799829795,-70.8563823986882,13.356425968094493,4.953163799829795,Sp2035-4349
-0.5,None,-62.50847013163838,29.495243033597184,-66.4608474280691,43.731457464129164,29.495243033597184,Sp2036-0847
-0.5,None,-64.49050995010936,27.584011350373107,-68.8825383980901,41.34857353078109,27.584011350373107,Sp2037-1137
-0.5,None,-68.95718987134656,7.116867858965017,-73.80046319084802,16.223253449155067,7.116867858965017,Sp2038-4020
-0.5,None,-61.37889126135604,-1.6969382495667271,-64.00478517911759,5.432971545437506,-1.6969382495667271,Sp2038-5223
-0.5,None,-25.71958538594992,46.16089571322526,-28.079076708422267,63.686574507234745,46.16089571322526,Sp2042+3225
-0.5,None,-58.66741841833259,30.681322150087194,-63.84688388293566,45.818444405314686,30.681322150087194,Sp2042-0500
-0.5,None,-61.26295745758696,28.700883157949082,-66.78584465195365,43.25628122027058,28.700883157949082,Sp2042-0821
-0.5,None,-41.23761092793957,40.83394620901224,-44.83451203453196,58.85507503582681,40.83394620901224,Sp2044+1517
-0.5,None,-41.756105581294754,39.83327357938271,-45.90194856094284,57.805156852426,39.83327357938271,Sp2047+1421
-0.5,None,-60.209730194188765,27.826099318280086,-67.1850656854436,42.636133457745935,27.826099318280086,Sp2047-0808
-0.5,None,-24.10422928480888,44.98630580469379,-27.18276666214221,62.28913219962682,44.98630580469379,Sp2049+3336
-0.5,None,-65.4769867502535,21.55610942408102,-75.23809453496192,34.954886895439984,21.55610942408102,Sp2049-1716
-0.5,None,-66.77906932908981,20.016232184499398,-76.9666081557676,32.98048220200458,20.016232184499398,Sp2049-1944
-0.5,None,-49.00233101009089,34.35144202861695,-55.11966577878261,51.371216255304866,34.35144202861695,Sp2052+0510
-0.5,None,10.90820458024025,38.21961920218485,9.711004686312792,43.52809974535679,38.21961920218485,Sp2052+7104
-0.5,None,-62.73448113251046,-0.08221583962609401,-68.96077073061127,8.322247787597952,-0.08221583962609401,Sp2052-4758
-0.5,None,-50.62039217474739,-11.713399152957189,-53.33567859986063,-6.239416093621904,-11.713399152957189,Sp2052-6431
-0.5,None,-50.58793295103684,33.0164551356826,-57.22806333007133,49.77426786538368,33.0164551356826,Sp2053+0303
-0.5,None,-24.04663557638664,44.13793252558224,-27.608975621151444,61.48395692441627,44.13793252558224,Sp2053+3319
-0.5,None,-54.595089578244114,28.876570219318808,-63.216287124997514,44.89427973058787,28.876570219318808,Sp2057-0252
-0.5,None,-45.4888487457459,32.85600675991755,-53.63437378899731,50.386829261964614,32.85600675991755,Sp2104+0722
-0.5,None,-25.148071241912422,41.4343399624031,-30.23190678447998,59.10130919905551,41.4343399624031,Sp2104+3100
-0.5,None,-58.8113486597527,23.04186413397519,-71.07565998056077,38.092130102300096,23.04186413397519,Sp2104-1037
-0.5,None,-9.42961910337237,42.43827133953757,-13.114531964583536,55.89852831719295,42.43827133953757,Sp2105+4816
-0.5,None,-61.77842454144682,18.742545227859775,-77.05721432281237,32.90642440895049,18.742545227859775,Sp2106-1650
-0.5,None,-64.0149251501924,3.1190688569028806,-76.56174501003521,13.302813795270907,3.1190688569028806,Sp2106-4044
-0.5,None,-53.148900744683296,26.751777383060173,-64.0681755545051,43.02350089062256,26.751777383060173,Sp2107-0307
-0.5,None,-61.72466921082924,-0.4467007992471096,-72.00904699213719,8.92671700284722,-0.4467007992471096,Sp2107-4544
-0.5,None,-55.709725701551235,-7.373844819230286,-62.439316346182615,0.2769417465810773,-7.373844819230286,Sp2110-5540
-0.5,None,23.473109147188342,31.115422778973617,22.861697992038284,32.618172688081316,31.115422778973617,Sp2112+8427
-0.5,None,-46.64236546961797,28.55895253828044,-57.69311682700063,45.89491447726223,28.55895253828044,Sp2116+0341
-0.5,None,-20.779863592942206,39.33521238515465,-27.05576840146407,56.409722283984294,39.33521238515465,Sp2117+3428
-0.5,None,-60.3259030743274,-1.4287969922492825,-73.07685915447766,8.442546400884682,-1.4287969922492825,Sp2118-4505
-0.5,None,-40.760498097223724,30.806618423582712,-51.14673919273055,48.81087845961885,30.806618423582712,Sp2120+1021
-0.5,None,-61.179159404003336,0.5586336306443312,-76.68238821669759,11.15528641244786,0.5586336306443312,Sp2120-4130
-0.5,None,-27.453959915795355,35.202095382918934,-36.08217876366462,53.312749103300796,35.202095382918934,Sp2126+2531
-0.5,None,-61.34345380627297,5.879456129159949,-86.45646807921176,18.37423970623981,5.879456129159949,Sp2126-3143
-0.5,None,-35.20500247383472,-24.177272672573526,-36.7164595959905,-21.885276465780247,-24.177272672573526,Sp2126-8140
-0.5,None,-34.517338583775974,32.017582987611476,-44.72890342716033,50.342188844239026,32.017582987611476,Sp2127+1652
-0.5,None,-1.1523147494893466,38.546994724977424,-5.722871535810253,49.74169571455442,38.546994724977424,Sp2127+5553
-0.5,None,-59.794661562958616,-0.8579223295178814,-76.10320839110624,9.838651641053577,-0.8579223295178814,Sp2127-4215
-0.5,None,-52.479104051640896,18.817868589144606,-70.36515490720264,34.96249901721424,18.817868589144606,Sp2130-0845
-0.5,None,-36.38516443214104,29.70900940006776,-47.914511860024604,47.9668533723018,29.70900940006776,Sp2132+1341
-0.5,None,-28.46386509140843,33.18178234229988,-38.247860211907685,51.3933172605654,33.18178234229988,Sp2133+2321
-0.5,None,-27.695865582333145,33.09951780486891,-37.54251522501249,51.268348857274,33.09951780486891,Sp2134+2404
-0.5,None,-15.491962560064918,36.763631088398554,-22.96477828070237,52.97247787892861,36.763631088398554,Sp2134+3838
-0.5,None,-59.284757969160744,4.938982098532496,-87.56250080763999,17.938418633974017,4.938982098532496,Sp2135-3040
-0.5,None,-59.50853652645116,4.320758452168842,-86.4299975658831,17.0938989665561,4.320758452168842,Sp2135-3153
-0.5,None,-34.73648086543886,29.092704806658933,-46.75038050429727,47.39939177276015,29.092704806658933,Sp2137+1450
-0.5,None,-45.45391652719245,-17.072250076296353,-50.98752569844972,-11.15247461621778,-17.072250076296353,Sp2137-6723
-0.5,None,-2.9024173616187117,37.13025398814958,-8.649973414126874,49.42082806107636,37.13025398814958,Sp2138+5257
-0.5,None,-14.22725330324684,36.02111564900099,-22.020491044235612,52.0187623609628,36.02111564900099,Sp2139+3934
-0.5,None,-45.69165673185537,21.117086705245573,-62.38114739613327,38.40689095795837,21.117086705245573,Sp2140-0050
-0.5,None,-54.17874550524489,-8.325930463476704,-67.00388318292559,1.1311534764907007,-8.325930463476704,Sp2141-5118
-0.5,None,-33.33499254260704,-25.599165430393388,-34.76436640430151,-23.710918896517253,-25.599165430393388,Sp2143-8337
-0.5,None,-54.470544351588245,10.338084940612521,-79.99045560097105,25.477483884922513,10.338084940612521,Sp2144-1847
-0.5,None,-40.27989573530221,22.04189294818078,-56.57998611473735,39.940131267674275,22.04189294818078,Sp2148+0447
-0.5,None,-38.921200636235625,22.864516219567975,-54.71992611373032,40.887658575199474,22.864516219567975,Sp2148+0639
-0.5,None,-50.034256366784675,-13.02210117482484,-60.15735012025324,-4.768651061472202,-13.02210117482484,Sp2149-5805
-0.5,None,-45.30712116652079,-17.46060400100595,-52.1126974903459,-11.004788738471914,-17.46060400100595,Sp2150-6610
-0.5,None,-25.935609282047245,29.34704785361118,-37.944852305148856,47.47957541066509,29.34704785361118,Sp2151+2328
-0.5,None,-49.875067562188015,13.010145520949354,-72.71801183136873,29.288116853337392,13.010145520949354,Sp2151-1141
-0.5,None,-20.535710224318596,30.85295797227983,-31.553811676181247,48.41204040788649,30.85295797227983,Sp2153+2950
-0.5,None,-54.04176555419148,-6.714033197286698,-72.63964646664702,4.382671627621804,-6.714033197286698,Sp2156-4505
-0.5,None,17.118112080886743,32.35532333527727,14.096018568357279,37.05920165830805,32.35532333527727,Sp2157+7537
-0.5,None,-54.075404433580815,2.9263868322878346,-84.22766048557855,17.151036928424027,2.9263868322878346,Sp2157-2726
-0.5,None,-50.188476989916715,-12.669296523816012,-62.42507473532704,-3.6530330664095976,-12.669296523816012,Sp2157-5534
-0.5,None,3.3531167674551106,34.25474395458985,-2.836964653485461,44.85872770875538,34.25474395458985,Sp2158+5836
-0.5,None,-50.33992268524694,9.340780972130021,-76.09147314858804,25.25201163580869,9.340780972130021,Sp2158-1550
-0.5,None,1.0577676385211328,33.96034107626144,-5.8022706764108305,45.56348269990405,33.96034107626144,Sp2200+5536
-0.5,None,-50.42423155652675,4.992304816270475,-79.12495553579201,20.44047453728976,4.992304816270475,Sp2206-2047
-0.5,None,-52.681026231437585,-6.783981157204743,-74.4324019228998,5.150876161077755,-6.783981157204743,Sp2206-4217
-0.5,None,-52.5723399740581,-4.4164934258339255,-78.29323378257598,8.527551566483634,-4.4164934258339255,Sp2209-3707
-0.5,None,-51.371517679472234,-8.102253517302254,-73.37083910948016,3.9352951006514703,-8.102253517302254,Sp2213-4245
-0.5,None,-48.380726617083624,-14.265098014158859,-62.479743945318056,-4.693892647910166,-14.265098014158859,Sp2213-5451
-0.5,None,-45.59421690458654,7.245292361670991,-71.96268369451516,23.84125125530201,7.245292361670991,Sp2214-1319
-0.5,None,-45.155187167239,5.566796379049932,-72.41877404563122,22.102754214211338,5.566796379049932,Sp2219-1440
-0.5,None,-29.38838907722109,18.037607248921674,-47.885403533847594,36.37405594934024,18.037607248921674,Sp2221+1158
-0.5,None,5.562773250694585,31.099903527427017,-2.03633258436592,41.735612583660725,31.099903527427017,Sp2222+5857
-0.5,None,-46.31721731443636,-16.541141600541074,-59.72653648323917,-7.316522055298756,-16.541141600541074,Sp2222-5719
-0.5,None,7.971149445144888,30.736793319176346,0.7310185994738575,40.502077251873025,30.736793319176346,Sp2226+6139
-0.5,None,-37.6153046023531,-24.035723091377353,-42.82889918007265,-19.34656992795394,-24.035723091377353,Sp2226-7503
-0.5,None,-42.57875812221912,4.266725918972756,-70.0450194464389,21.11814383849419,4.266725918972756,Sp2228-1325
-0.5,None,-39.176582669235756,7.344672481794598,-64.48661681096846,24.844387049701865,7.344672481794598,Sp2229-0650
-0.5,None,-47.88262441573434,-12.916034093622848,-67.87080343485269,-1.3869190981106676,-12.916034093622848,Sp2229-4728
-0.5,None,-48.020203386933765,-6.545474304780015,-76.26441277883885,7.519266835082838,-6.545474304780015,Sp2230-3358
-0.5,None,-29.32668447617023,14.502834517501613,-49.74132428358032,32.82652691582044,14.502834517501613,Sp2232+0909
-0.5,None,-11.873184475301208,24.037700084390988,-25.938584827367297,40.74387917348633,24.037700084390988,Sp2233+3359
-0.5,None,-18.954367122346355,20.361087332719777,-35.52371171501146,38.21472798136603,20.361087332719777,Sp2234+2359
-0.5,None,-46.195611106325565,-3.8421944148127136,-76.26161918850023,11.3419535919931,-3.8421944148127136,Sp2234-2720
-0.5,None,-31.64812373437099,11.46136657013821,-53.87970353059601,29.68351536850015,11.46136657013821,Sp2235+0418
-0.5,None,-22.371563054644326,17.876393204954507,-40.485457679770256,36.04873654722246,17.876393204954507,Sp2235+1840
-0.5,None,-7.44149181179722,24.990878035763515,-20.54521491879159,40.737822608496295,24.990878035763515,Sp2237+3922
-0.5,None,-4.083902481362369,26.140608641095632,-16.1639590530813,40.9406558251898,26.140608641095632,Sp2238+4353
-0.5,None,-6.3343263274499435,24.66988051211733,-19.476735579186297,40.20941286121777,24.66988051211733,Sp2240+4018
-0.5,None,-46.452961172817716,-12.45827454349931,-70.00748895975707,0.24217811444480167,-12.45827454349931,Sp2240-4253
-0.5,None,-43.3155624969585,-19.62138005129881,-56.89636848271455,-10.472072588873946,-19.62138005129881,Sp2241-5915
-0.5,None,-42.66566416639041,-20.38731442710157,-55.082224987471186,-11.757320304247301,-20.38731442710157,Sp2241-6119
-0.5,None,-16.350233075210316,19.221174162262624,-33.290611397300886,36.86395751907449,19.221174162262624,Sp2242+2542
-0.5,None,-43.06362224860708,-19.88944165925988,-56.566783489480464,-10.783761479816981,-19.88944165925988,Sp2243-5932
-0.5,None,-44.637653071260765,-7.543417047793179,-74.03857556604272,7.36754591103709,-7.543417047793179,Sp2244-3045
-0.5,None,6.82903455765826,27.92378171058114,-2.384405708803689,38.94438215350715,27.92378171058114,Sp2245+5750
-0.5,None,-19.573931114699963,15.997992289597057,-38.41312597272514,34.048435030377966,15.997992289597057,Sp2247+1955
-0.5,None,-10.947412538480645,20.358849584351745,-26.808853717321266,37.20759905360401,20.358849584351745,Sp2249+3205
-0.5,None,-42.968886389216664,-19.652120362195546,-58.521752445159066,-9.720023554322447,-19.652120362195546,Sp2250-5640
-0.5,None,-39.157658290825424,-2.625457565039956,-68.6477951939687,14.185180531868163,-2.625457565039956,Sp2252-1730
-0.5,None,-43.91472514666448,-16.690225800388866,-64.8852016133337,-4.741413405665272,-16.690225800388866,Sp2253-4801
-0.5,None,-42.06229129019674,-8.481368970581078,-71.85063096768236,6.9592946245574,-8.481368970581078,Sp2254-2840
-0.5,None,-42.16004484610983,-20.50345864246018,-57.678846038521264,-10.605166599850612,-20.50345864246018,Sp2255-5713
-0.5,None,-29.587064193688512,5.075544465590106,-54.69883933594677,23.267933983792847,5.075544465590106,Sp2256+0031
-0.5,None,15.229344507902734,28.286257770345514,8.500246287453061,35.701641072745595,28.286257770345514,Sp2256+6854
-0.5,None,-43.33070427086974,-14.186045244990371,-68.79992032096614,-0.656367283997499,-14.186045244990371,Sp2257-4030
-0.5,None,-43.21345099326195,-16.856188749893242,-65.22466067785271,-4.517488055644061,-16.856188749893242,Sp2257-4638
-0.5,None,-28.745511350126733,4.9370767479747855,-53.80989225390439,23.164055563541456,4.9370767479747855,Sp2258+0113
-0.5,None,22.62456932668083,28.680173717251357,19.258727673857354,32.111258043444465,28.680173717251357,Sp2259+8013
-0.5,None,-42.19259821345264,-19.97736843289188,-59.61861319133489,-9.317672276500591,-19.97736843289188,Sp2259-5420
-0.5,None,-16.013258025745042,13.064008173609201,-35.94125225642229,30.940143953552827,13.064008173609201,Sp2303+2100
-0.5,None,-30.443070382557593,0.2833072152937747,-57.6622094550055,18.288861437501296,0.2833072152937747,Sp2306-0502
-0.5,None,-41.48878534619172,-19.595713417147543,-61.78381362124129,-7.825069013218222,-19.595713417147543,Sp2306-5008
-0.5,None,-38.88723297813521,-10.502428695014787,-68.78452686769815,5.382509016060344,-10.502428695014787,Sp2308-2722
-0.5,None,-35.35492334810155,-6.654849434950388,-65.2262009362938,10.386987542934193,-6.654849434950388,Sp2310-1759
-0.5,None,16.940519375481827,26.811114523664372,9.76897728961845,33.987631688816464,26.811114523664372,Sp2314+6939
-0.5,None,-35.2626495363901,-9.726300147235248,-65.41002233932235,7.016236278228178,-9.726300147235248,Sp2316-2141
-0.5,None,13.965987183528824,25.499052511420608,5.027136795636228,34.419993205729355,25.499052511420608,Sp2317+6423
-0.5,None,21.397462705883804,27.467468444991834,16.435345746385003,32.172566425752464,27.467468444991834,Sp2319+7645
-0.5,None,-31.117895888161467,-6.875104089016076,-60.58501439303277,10.716749430221547,-6.875104089016076,Sp2321-1326
-0.5,None,-36.86893944409004,-15.168489763582075,-65.89580383367468,0.3808203104249866,-15.168489763582075,Sp2322-3133
-0.5,None,-38.09558988303056,-24.58234807171626,-54.297520936067464,-14.475962387908911,-24.58234807171626,Sp2324-5817
-0.5,None,1.5949123664745641,17.626917037005864,-14.113377823266854,32.23372380663189,17.626917037005864,Sp2325+4251
-0.5,None,-31.47918143061481,-10.148725331644936,-61.49543563012621,7.153829033349809,-10.148725331644936,Sp2327-1741
-0.5,None,-7.575774066617755,10.363241196522308,-27.841476080588112,27.43968776291878,10.363241196522308,Sp2329+2704
-0.5,None,-30.343423208012265,-9.950844292223572,-60.25799858794267,7.518674967099089,-9.950844292223572,Sp2329-1607
-0.5,None,-37.7976201979482,-24.133613572543275,-56.565598704401154,-12.906700789301121,-24.133613572543275,Sp2329-5408
-0.5,None,-37.69595111267361,-22.354096796030266,-60.13597322534355,-9.603887925421152,-22.354096796030266,Sp2330-4736
-0.5,None,-13.790263548325456,4.729991596264503,-37.15837169538864,22.73387129075571,4.729991596264503,Sp2331+1552
-0.5,None,-24.668028351099096,-4.65938120272765,-52.75877311044118,13.540977435261038,-4.65938120272765,Sp2331-0406
-0.5,None,-34.08821166276291,-15.337597844137102,-63.77185997537931,0.8830838117998646,-15.337597844137102,Sp2331-2749
-0.5,None,21.13977498118162,26.317254533848633,15.17432247789483,31.668511739110965,26.317254533848633,Sp2333+7456
-0.5,None,-11.04145138072779,5.7958254213966525,-33.66142806589085,23.531425746843993,5.7958254213966525,Sp2334+1933
-0.5,None,-11.291531842284002,5.002578112035151,-34.26585289309267,22.796281488555177,5.002578112035151,Sp2336+1835
-0.5,None,-9.280580784859676,6.467316095289154,-31.423168842686906,23.990406907700738,6.467316095289154,Sp2336+2153
-0.5,None,4.023601886446563,16.16729951004229,-12.063454750483219,30.38383503124847,16.16729951004229,Sp2337+4405
-0.5,None,-25.8743942657091,-8.575547472021833,-55.11878173346331,9.422535049082482,-8.575547472021833,Sp2337-0933
-0.5,None,15.520372627470728,23.162696462597236,5.534872111960921,32.17112289941316,23.162696462597236,Sp2338+6352
-0.5,None,-30.076185258310417,-13.771302495264898,-60.22936207290922,3.405740682186046,-13.771302495264898,Sp2338-2029
-0.5,None,-36.329966650954375,-23.59719987689464,-59.01941723922667,-10.675421676486177,-23.59719987689464,Sp2338-4726
-0.5,None,-0.9980377715387895,11.997315006485454,-19.751827679241817,27.847917227101636,11.997315006485454,Sp2339+3507
-0.5,None,-31.902604053887774,-18.299806625256124,-61.285862860397984,-2.0604677436392063,-18.299806625256124,Sp2343-2906
-0.5,None,-12.654502500201017,0.6511433789889172,-37.47977367159051,18.71066444631832,0.6511433789889172,Sp2344+1312
-0.5,None,-23.457681480391507,-9.148310389389547,-52.56320022259269,8.98993531405111,-9.148310389389547,Sp2344-0733
-0.5,None,18.38711686613548,23.621937827710013,9.524460039012068,31.291259118791977,23.621937827710013,Sp2345+6758
-0.5,None,-13.180791663092744,-0.629239852224823,-38.53266091309316,17.49906168666315,-0.629239852224823,Sp2346+1129
-0.5,None,-4.28632501412848,6.713972059667482,-25.758467048419664,23.583794479400083,6.713972059667482,Sp2347+2702
-0.5,None,-22.2068621787501,-9.552339942579355,-51.26620858704959,8.640852995948812,-9.552339942579355,Sp2347-0638
-0.5,None,-31.57966324889989,-20.21889991622856,-60.42257570963028,-4.2488533608868115,-20.21889991622856,Sp2348-3134
-0.5,None,-14.18984723380989,-3.1129750708650534,-40.513938792975864,15.121360625029716,-3.1129750708650534,Sp2350+0806
-0.5,None,-1.8155559986484924,7.489899833914708,-22.6707803840421,23.912554526344216,7.489899833914708,Sp2351+3010
-0.5,None,-26.889597573359982,-16.61771145993489,-57.03473646219865,0.7605031887036529,-16.61771145993489,Sp2352-2009
-0.5,None,-21.74603493778548,-11.78136746849782,-51.19971014997188,6.371057262182669,-11.78136746849782,Sp2353-0833
-0.5,None,-1.960540293179081,6.173419785899432,-23.389735180235167,22.730535869629502,6.173419785899432,Sp2354+2849
-0.5,None,-25.913874851502797,-16.55171699765187,-56.067223549428086,0.964141927608217,-16.55171699765187,Sp2354-1852
-0.5,None,-30.893241183842477,-21.944399912563362,-59.27515684035184,-6.141875474718164,-21.944399912563362,Sp2354-3316
-0.5,None,-34.03225982981119,-29.017682397135886,-48.331533095478754,-19.930933001971873,-29.017682397135886,Sp2354-6312
-0.5,None,-31.640063874063358,-24.160982107724383,-58.40621454697584,-9.1707388132162,-24.160982107724383,Sp2356-3827
-0.5,None,4.784502892420564,11.175014871168427,-13.599034112492584,25.902495819173573,11.175014871168427,Sp2357+4011
-0.5,None,14.093042772330639,18.697110273912593,1.1137528629338813,29.434582155041102,18.697110273912593,Sp2357+5727
-0.5,None,-4.035756801255784,2.78728142922199,-27.07200957741324,19.897544362170926,2.78728142922199,Sp2359+2338
-0.5,None,-25.324160214997672,-18.137745219068115,-55.4559865090671,-0.6781529490044447,-18.137745219068115,Sp2359-2007
-0.5,None,-28.80638817784095,-21.599590940207584,-57.97763344133673,-5.193769860030065,-21.599590940207584,Sp2359-2932
