priority,set or rise,alt set start,alt rise start,alt set end,alt rise end,max_alt,Sp_ID
-0.5,None,-73.17949449895573,27.026648378916846,-71.78628257944803,29.02903000798437,27.026648378916846,Sp0000-1245
-0.5,None,-45.55507653512953,42.60183605125374,-44.98001908389105,45.025032766062594,42.60183605125374,Sp0001+1535
-0.5,None,-59.736512346833685,35.33957014426568,-58.935258919161704,37.60573249551054,35.33957014426568,Sp0002+0115
-0.5,None,-2.7380421861212136,44.11361314772853,-2.539847577132448,45.45272806017786,44.11361314772853,Sp0004+5843
-0.5,None,-77.67444496750916,23.285140841762264,-76.10715229718755,25.217591221236763,23.285140841762264,Sp0004-1709
-0.5,None,-81.02841860214701,20.74014282132472,-79.00556519711996,22.591281785529166,20.74014282132472,Sp0004-2058
-0.5,None,-76.88043821306897,6.686455422247113,-75.67525052597102,8.095134371488825,6.686455422247113,Sp0004-4044
-0.5,None,-58.85284257032523,35.30539580049741,-58.14369095617838,37.594938822700456,35.30539580049741,Sp0005+0217
-0.5,None,-81.98693258695707,19.877620482119216,-79.86347178954209,21.71327299924808,19.877620482119216,Sp0005-2157
-0.5,None,-56.56643761602365,36.288773807048074,-55.93389232524805,38.61480992440695,36.288773807048074,Sp0006+0439
-0.5,None,-68.5879231142372,29.18711862708425,-67.65915470693596,31.316521224062555,29.18711862708425,Sp0006-0732
-0.5,None,-84.42284222826756,17.575940617246548,-81.81908440115691,19.35325775521109,17.575940617246548,Sp0007-2458
-0.5,None,-32.226943675267464,45.1347809560132,-31.89823723926896,47.4959492299947,45.1347809560132,Sp0008+2911
-0.5,None,-12.16473785005821,45.705311775624274,-11.951777897942248,47.47476007161287,45.705311775624274,Sp0008+4918
-0.5,None,-6.59532498067912,44.6320955530861,-6.407929017975427,46.15689244867976,44.6320955530861,Sp0008+5453
-0.5,None,-69.00501447487677,28.303201903773232,-68.19003147682855,30.44194256950452,28.303201903773232,Sp0010-0746
-0.5,None,-81.22922449318362,20.1407079879912,-79.51213863847805,22.02651769611987,20.1407079879912,Sp0010-2031
-0.5,None,-2.380792291545717,43.074118435555015,-2.2343090577624265,44.40928092955272,43.074118435555015,Sp0011+5908
-0.5,None,-83.84629581612641,10.929843390648,-81.87900071736728,12.535431581749261,10.929843390648,Sp0011-3334
-0.5,None,-9.531575594927078,44.70619086951619,-9.36050176730458,46.36635039185311,44.70619086951619,Sp0012+5159
-0.5,None,-21.303478544652467,45.57396138487426,-21.085396176985743,47.68065037108388,45.57396138487426,Sp0013+4012
-0.5,None,-66.33741142969598,29.357658275526738,-65.70639083026337,31.55687877984596,29.357658275526738,Sp0013-0457
-0.5,None,-83.49315446380548,18.065081962088364,-81.66826516200145,19.925640036803337,18.065081962088364,Sp0013-2235
-0.5,None,-84.87710623536645,11.045756817304847,-82.87733196568689,12.68451162078154,11.045756817304847,Sp0014-3245
-0.5,None,-69.56130746541487,-0.35185021892987167,-69.10704821791002,0.9109445063679679,-0.35185021892987167,Sp0014-4844
-0.5,None,-26.260890582575588,44.69940096489372,-26.05064098946343,46.94017363859515,44.69940096489372,Sp0015+3516
-0.5,None,-18.874409132276586,45.16769162302231,-18.69005481637253,47.19492056304074,45.16769162302231,Sp0015+4239
-0.5,None,-77.36378286522574,4.887513277869021,-76.64853204328439,6.352149536566036,4.887513277869021,Sp0017-4054
-0.5,None,-54.46711323537728,-11.376029629191425,-54.320847906862596,-10.506385912269925,-11.376029629191425,Sp0018-6356
-0.5,None,-61.01702750080011,31.369622155159202,-60.63383784058058,33.66765353721267,31.369622155159202,Sp0019+0030
-0.5,None,-56.690889438951345,33.61825411041788,-56.359741410382036,35.97125355136079,33.61825411041788,Sp0019+0450
-0.5,None,-9.345915653193705,43.55377391244519,-9.235240719979815,45.21360013200087,43.55377391244519,Sp0019+5213
-0.5,None,-80.89256126885168,6.99614037175528,-80.0235490621424,8.554473974134313,6.99614037175528,Sp0019-3724
-0.5,None,-28.477935892618078,43.42585309152179,-28.31663311652808,45.71166775824716,43.42585309152179,Sp0020+3305
-0.5,None,-83.35600438100053,17.359897592466094,-82.11969105864686,19.263982174126212,17.359897592466094,Sp0020-2155
-0.5,None,-75.63477969873844,3.093122690392931,-75.16097444821655,4.531064999021011,3.093122690392931,Sp0021-4244
-0.5,None,-54.56429442302431,-11.534385571960655,-54.44377671499395,-10.653979800648365,-11.534385571960655,Sp0021-6351
-0.5,None,-49.51327565439426,36.47424358293271,-49.29225093664552,38.89172685082654,36.47424358293271,Sp0022+1203
-0.5,None,-63.54445251287634,28.911699195660393,-63.27911835230229,31.187368534354565,28.911699195660393,Sp0024-0158
-0.5,None,-88.64177061461052,13.201453497741465,-86.31634724597022,15.01356068147674,13.201453497741465,Sp0024-2708
-0.5,None,-7.19946046315311,42.381360411210196,-7.136926799852491,43.95481949529367,42.381360411210196,Sp0025+5422
-0.5,None,-55.041021244552624,32.92029137250931,-54.88669357260279,35.3014305349768,32.92029137250931,Sp0026+0632
-0.5,None,-63.944813868145445,-5.681216776218303,-63.830234659819766,-4.519276268791334,-5.681216776218303,Sp0026-5428
-0.5,None,-39.25347042918843,39.183588463185906,-39.1668855005299,41.60165844637084,39.183588463185906,Sp0027+2219
-0.5,None,-64.39640387854826,-5.423372099858648,-64.28668899801072,-4.24752295867549,-5.423372099858648,Sp0027-5401
-0.5,None,-38.760852720861465,39.25037489870375,-38.68163646520695,41.66520266709184,39.25037489870375,Sp0028+2249
-0.5,None,-48.65582989216406,35.335039269369766,-48.57217860247936,37.76037741767488,35.335039269369766,Sp0029+1255
-0.5,None,-38.825500265023024,38.77729347912006,-38.77801200988283,41.19155025319216,38.77729347912006,Sp0030+2244
-0.5,None,-54.72716881526357,31.929102808200163,-54.691420820302355,34.319227076548664,31.929102808200163,Sp0031+0649
-0.5,None,-79.70423217756095,4.453004417535164,-79.57757519011693,6.033612815546726,4.453004417535164,Sp0031-3840
-0.5,None,-59.23445363026541,29.616443918356026,-59.198104158846306,31.96285672448161,29.616443918356026,Sp0032+0219
-0.5,None,-32.09880325054541,40.23708142548675,-32.083043998560164,42.57792942156637,40.23708142548675,Sp0032+2927
-0.5,None,-76.84501414801412,19.216953735096414,-76.83776280674824,21.299783445254594,19.216953735096414,Sp0033-1521
-0.5,None,-20.723181303134627,41.504793879554775,-20.735565588394987,43.588582177419966,41.504793879554775,Sp0034+4050
-0.5,None,-32.724416972578055,39.3448095533065,-32.75564308278223,41.69253852803867,39.3448095533065,Sp0035+2848
-0.5,None,-43.17015315521293,35.961073639760585,-43.21733753658887,38.3919679173442,35.961073639760585,Sp0036+1821
-0.5,None,-81.78095854977389,15.383357624590206,-82.06036979282645,17.38078821323623,15.383357624590206,Sp0036-2031
-0.5,None,-22.35870390646332,40.7510115756001,-22.406495817243947,42.88099899624509,40.7510115756001,Sp0037+3910
-0.5,None,-47.72651805517248,32.859051203975795,-47.88531055800573,35.290577248885064,32.859051203975795,Sp0041+1341
-0.5,None,-61.94787280110317,-8.477357814087043,-62.07099882737243,-7.314889187925691,-8.477357814087043,Sp0041-5621
-0.5,None,-68.46530139237645,22.214434578081672,-68.7876813987855,24.459918151092047,22.214434578081672,Sp0042-0712
-0.5,None,-36.98799200136615,36.44413451397068,-37.13852403005247,38.83721098806343,36.44413451397068,Sp0043+2426
-0.5,None,-5.320853725677024,39.43873525053836,-5.399836611442511,40.955015163891076,39.43873525053836,Sp0044+5610
-0.5,None,-81.33718600828901,3.950888723356168,-82.25159223616615,5.6530979393018015,3.950888723356168,Sp0045-3604
-0.5,None,-58.362075862968624,26.86057034133176,-58.68021699848466,29.23422285410915,26.86057034133176,Sp0046+0252
-0.5,None,-82.41652568821986,4.700929388980511,-83.57650318131417,6.438099661723748,4.700929388980511,Sp0046-3442
-0.5,None,-67.52291059930656,21.154184912002847,-68.06898644593713,23.424977180047183,21.154184912002847,Sp0049-0635
-0.5,None,-76.09551283488686,15.77715410022511,-77.0069485957818,17.91099026534985,15.77715410022511,Sp0050-1538
-0.5,None,-80.15448589337379,13.136724745165854,-81.42672841457424,15.189296274034785,13.136724745165854,Sp0050-2008
-0.5,None,-42.468805647194294,32.786801586640664,-42.76888089752888,35.212274072508045,32.786801586640664,Sp0051+1844
-0.5,None,-82.14171466499299,11.269965581466629,-83.90693346656812,13.275192476555583,11.269965581466629,Sp0051-2251
-0.5,None,-82.14389371515358,11.201207618443634,-83.93285676497196,13.206208600613985,11.201207618443634,Sp0051-2254
-0.5,None,5.942267482314229,36.392459352299944,5.846183401083518,37.41144648407657,36.392459352299944,Sp0052+6724
-0.5,None,-84.06164523615595,8.407102279729877,-86.9224223160349,10.333100672794448,8.407102279729877,Sp0052-2705
-0.5,None,-56.13136598708866,-13.063724540288387,-56.33639807707648,-12.03708015723625,-13.063724540288387,Sp0052-6201
-0.5,None,-11.637283650601487,38.434731409246176,-11.811793292045152,40.216767491477206,38.434731409246176,Sp0053+4942
-0.5,None,-11.319563569095273,38.40173045812049,-11.49441816592983,40.171936938017495,38.40173045812049,Sp0053+5001
-0.5,None,-80.16047147869226,2.519374639786883,-81.45682072730325,4.240290119325753,2.519374639786883,Sp0053-3631
-0.5,None,-83.37789901089164,5.7231436863547165,-85.97454684688961,7.57764641984172,5.7231436863547165,Sp0055-3052
-0.5,None,-63.09422861414948,-9.019133678354827,-63.451657568750484,-7.768271227502744,-9.019133678354827,Sp0055-5450
-0.5,None,-12.65601574409617,37.5813260729378,-12.880376935006703,39.40467954872392,37.5813260729378,Sp0058+4835
-0.5,None,-67.14864737330187,19.09088351500029,-68.0027882428127,21.378659257658143,19.09088351500029,Sp0058-0651
-0.5,None,-3.863607936089571,37.176779263154465,-4.049686452756267,38.651163252688164,37.176779263154465,Sp0059+5726
-0.5,None,-8.313948335477292,37.09458673127554,-8.541427940652225,38.755741251967315,37.09458673127554,Sp0102+5254
-0.5,None,-78.09605478677389,0.33553389259185834,-79.6624392979981,2.0660090433128637,0.33553389259185834,Sp0102-3737
-0.5,None,-54.57881406924803,-14.776909796008502,-54.86772652476207,-13.766001513612583,-14.776909796008502,Sp0102-6322
-0.5,None,-34.445788708968394,32.81622623115751,-34.869167662146815,35.172622334138346,32.81622623115751,Sp0103+2626
-0.5,None,-15.957650406882694,36.6448696926166,-16.241308808030897,38.58433477927743,36.6448696926166,Sp0103+4509
-0.5,None,-60.97710905950064,21.382740509045156,-61.78363482949387,23.746572573877017,21.382740509045156,Sp0103-0044
-0.5,None,-63.703998944053424,-9.39404441934705,-64.22183772623924,-8.08824369332865,-9.39404441934705,Sp0103-5351
-0.5,None,-45.66465651880539,28.38195980619686,-46.22761953778505,30.813761867378727,28.38195980619686,Sp0104+1457
-0.5,None,-58.141988413133696,-13.02738646247322,-58.55367414561963,-11.88339576233476,-13.02738646247322,Sp0106-5933
-0.5,None,-36.10836051323524,31.43438167218027,-36.60164332492908,33.80849437453417,31.43438167218027,Sp0107+2435
-0.5,None,-53.678909619309394,23.621086853420696,-54.463140471892736,26.040473912849112,23.621086853420696,Sp0109+0625
-0.5,None,-30.873847503826994,32.54719709662237,-31.346691692202082,34.85056344999555,32.54719709662237,Sp0109+2949
-0.5,None,-63.257755270561354,18.41443342366544,-64.32509523607948,20.75900489928718,18.41443342366544,Sp0109-0343
-0.5,None,-67.04606326234229,-7.8447114755259495,-67.82219602885965,-6.407330735238201,-7.8447114755259495,Sp0109-4954
-0.5,None,-66.05005212077184,-8.462064737741224,-66.77464368796312,-7.055912073830114,-8.462064737741224,Sp0109-5100
-0.5,None,-67.56340890235334,-7.746935637006574,-68.4304827213672,-6.279294755906527,-7.746935637006574,Sp0111-4908
-0.5,None,-71.99284523007786,11.950680837931328,-73.72194153750993,14.172789466924351,11.950680837931328,Sp0113-1408
-0.5,None,-52.64734789488252,-16.95895464379597,-53.04096774866333,-15.964125946509155,-16.95895464379597,Sp0116-6455
-0.5,None,-42.12295215191168,26.822604408344002,-42.85319349611491,29.240800614898923,26.822604408344002,Sp0117+1752
-0.5,None,-70.41644163506636,11.985695951136881,-72.14762868143089,14.234955853956661,11.985695951136881,Sp0117-1247
-0.5,None,-65.65205163982202,14.017174367179443,-67.17040548650715,16.33748940364905,14.017174367179443,Sp0120-0741
-0.5,None,-70.38587867928896,-6.620577388425164,-71.73600089019627,-5.0049312263544925,-6.620577388425164,Sp0121-4447
-0.5,None,-71.65795774413426,-5.867617165041828,-73.25039848649713,-4.188322403888143,-5.867617165041828,Sp0123-4240
-0.5,None,7.333572965217055,33.26634694492472,7.087488202666275,34.2717509151877,33.26634694492472,Sp0124+6819
-0.5,None,22.184223144119407,30.203754427535465,22.10406015228283,30.49377396396995,30.203754427535465,Sp0124+8334
-0.5,None,-76.49454908965126,-1.0958832251171295,-79.08328090587003,0.792921384214631,-1.0958832251171295,Sp0124-3355
-0.5,None,-31.108324953855714,28.989338212465373,-31.793463744875382,31.292648976995345,28.989338212465373,Sp0125+2847
-0.5,None,-44.87986664583597,23.314239792006646,-45.82499554903483,25.742221347474104,23.314239792006646,Sp0126+1419
-0.5,None,-76.46370754530203,-0.3777540757025078,-79.29416976634424,1.568924621661637,-0.3777540757025078,Sp0127-3140
-0.5,None,-56.00599001381371,17.385221864159007,-57.29481121363724,19.796834447805946,17.385221864159007,Sp0128+0211
-0.5,None,-41.72175327784744,23.77489194797539,-42.66406461005673,26.18889852316382,23.77489194797539,Sp0130+1721
-0.5,None,-59.65616950897459,14.715106646032805,-61.1513862355,17.100997838154733,14.715106646032805,Sp0130-0211
-0.5,None,-69.31712893893244,-8.006198955539796,-70.85300539037799,-6.360475482576218,-8.006198955539796,Sp0130-4445
-0.5,None,-33.42832732445862,26.38404642021105,-34.25837043037877,28.719585466528947,26.38404642021105,Sp0132+2552
-0.5,None,-65.35092705416898,10.841048305664762,-67.21075983008893,13.164329849602362,10.841048305664762,Sp0132-0910
-0.5,None,-74.81059040931252,-2.266223800102308,-77.5669287365769,-0.3260587473310053,-2.266223800102308,Sp0134-3255
-0.5,None,-46.20068276893449,20.35086851183536,-47.34399703017744,22.781592104312757,20.35086851183536,Sp0135+1205
-0.5,None,-44.095675383038454,-22.51993339108584,-44.42885592140253,-21.797539640487475,-22.51993339108584,Sp0138-7320
-0.5,None,-70.40285501099231,4.83252721451037,-72.95556934917971,7.056347975767093,4.83252721451037,Sp0139-1757
-0.5,None,-40.14881164414497,21.679170017583633,-41.23875025615371,24.081967812098096,21.679170017583633,Sp0141+1804
-0.5,None,-72.82718720074254,1.0499580206016843,-75.76042945844355,3.1773238099915355,1.0499580206016843,Sp0141-2417
-0.5,None,-8.394082649178673,30.489140197298262,-8.97169595297021,32.19657882029349,30.489140197298262,Sp0144+5121
-0.5,None,-61.98002249852782,9.176379859028975,-63.97339889454255,11.53711248166722,9.176379859028975,Sp0144-0716
-0.5,None,-72.07954619177069,-3.5376560804220194,-75.01158756648496,-1.505279904723109,-3.5376560804220194,Sp0148-3024
-0.5,None,-53.662872256354596,-18.800934613704545,-54.43024589565079,-17.640538739957737,-18.800934613704545,Sp0148-6209
-0.5,None,4.293737011754166,30.676355403710023,3.857961555728961,31.866110818460243,30.676355403710023,Sp0151+6423
-0.5,None,-55.77655519837382,10.802529256110429,-57.59874698201713,13.215169717309669,10.802529256110429,Sp0151-0051
-0.5,None,-51.50386175505518,-20.027505760466614,-52.196835436548724,-18.94687877613997,-20.027505760466614,Sp0151-6430
-0.5,None,-15.728306225200136,27.29448621084113,-16.512193352655743,29.253383149574418,27.29448621084113,Sp0154+4305
-0.5,None,-46.19677852224892,15.069902672535257,-47.701382312742574,17.500455696034823,15.069902672535257,Sp0155+0950
-0.5,None,-51.393310861058964,11.761677233851094,-53.12947390697092,14.191872570734462,11.761677233851094,Sp0156+0331
-0.5,None,6.877968113709612,30.223462137047612,6.456266947586981,31.301168221382255,30.223462137047612,Sp0157+6656
-0.5,None,-38.467905974395606,17.968282943913405,-39.79315322664105,20.357667610144652,17.968282943913405,Sp0158+1807
-0.5,None,-58.35022713983135,6.384964251512089,-60.52320192517963,8.775143789112532,6.384964251512089,Sp0200-0554
-0.5,None,-44.88769410295277,13.711953912974073,-46.47914030946323,16.139308324506523,13.711953912974073,Sp0202+1020
-0.5,None,10.751866430641282,29.83018106707176,10.374645666987735,30.729586083435034,29.83018106707176,Sp0202+7053
-0.5,None,-67.94782563548394,-9.416820953554627,-70.5675779142325,-7.473831498755402,-9.416820953554627,Sp0204-3632
-0.5,None,-66.95333027567284,-10.913189944478331,-69.3365340647335,-9.045610575806263,-10.913189944478331,Sp0204-3945
-0.5,None,-42.359364726520816,14.2281731290015,-43.91421308971954,16.64507066662947,14.2281731290015,Sp0205+1251
-0.5,None,-58.32908261111388,4.951483808102837,-60.60319626074349,7.339039240080321,4.951483808102837,Sp0205-0653
-0.5,None,-41.123896785232155,14.147061194454347,-42.681271560594496,16.55707499419723,14.147061194454347,Sp0207+1355
-0.5,None,-67.94001554442526,-6.884672732032628,-70.88769986197684,-4.7954114299114075,-6.884672732032628,Sp0207-2955
-0.5,None,-67.18046219869147,-10.30845911764141,-69.75584634288361,-8.377047422595622,-10.30845911764141,Sp0207-3721
-0.5,None,-30.619798606101533,18.900360006009485,-31.887651841311495,21.19720642240341,18.900360006009485,Sp0208+2542
-0.5,None,-8.577361464948876,26.519960971979543,-9.363010547245917,28.258093087351938,26.519960971979543,Sp0208+4949
-0.5,None,-59.18332311138487,-17.502491273882455,-60.68219821141379,-15.971692176194662,-17.502491273882455,Sp0210-5228
-0.5,None,-62.07765054553594,-0.054843562257896,-64.75313759494018,2.272338541583217,-0.054843562257896,Sp0211-1427
-0.5,None,-43.3609311951647,11.503722225617182,-45.083808889266614,13.926263292480163,11.503722225617182,Sp0212+1032
-0.5,None,-31.254180670463068,17.618094145265278,-32.59394888933286,19.925431190674477,17.618094145265278,Sp0212+2433
-0.5,None,-59.542205099667214,1.5826770140595436,-62.060497634858905,3.948799733826996,1.5826770140595436,Sp0212-1036
-0.5,None,-12.890607401200786,24.363153190750573,-13.814005579724196,26.249945041434923,24.363153190750573,Sp0213+4444
-0.5,None,-61.1693669319028,-0.21614111864664298,-63.83213745920492,2.1223227539963165,-0.21614111864664298,Sp0213-1343
-0.5,None,-54.64210127850064,4.381445885418253,-56.89928863368423,6.794237314208303,4.381445885418253,Sp0214-0357
-0.5,None,-66.37667993764423,-8.636471607928652,-69.30313171832655,-6.544678946800735,-8.636471607928652,Sp0215-3040
-0.5,None,-40.3074686572056,12.055618972748022,-41.98542573870162,14.461605455887097,12.055618972748022,Sp0216+1335
-0.5,None,-64.4570572264631,-4.787951626188417,-67.40746456177807,-2.547517087097465,-4.787951626188417,Sp0216-2200
-0.5,None,-21.036481506698102,20.736813297900994,-22.18287124618428,22.84990707785679,20.736813297900994,Sp0217+3526
-0.5,None,-55.4517514409227,2.2208570210853664,-57.854116191538935,4.62473488285124,2.2208570210853664,Sp0218-0617
-0.5,None,-65.67007084648031,-9.682949579006701,-68.56883268067402,-7.600994662833534,-9.682949579006701,Sp0218-3133
-0.5,None,0.8157154581778864,26.829869278656528,0.13129533968895027,28.21526195431561,26.829869278656528,Sp0219+5912
-0.5,None,-62.88673482831157,-4.296111114579792,-65.78855790486155,-2.0174549824189008,-4.296111114579792,Sp0219-1938
-0.5,None,-24.92416821054727,17.98860205531292,-26.22721618191275,20.189222997227013,17.98860205531292,Sp0222+3033
-0.5,None,-64.42683121535892,-8.673344027320518,-67.41029998667433,-6.508108102272798,-8.673344027320518,Sp0222-2732
-0.5,None,-64.37031528886179,-12.764340144900899,-67.0281025509436,-10.785818039619565,-12.764340144900899,Sp0222-3651
-0.5,None,3.972774262271195,26.750749630524776,3.322413970462405,28.00588332501533,26.750749630524776,Sp0225+6229
-0.5,None,-6.59392807242354,23.699113643446587,-7.509566951056858,25.387605750653695,23.699113643446587,Sp0227+5034
-0.5,None,-59.8032637307003,-4.3764415461837105,-62.639943497611114,-2.0472027089917484,-4.3764415461837105,Sp0227-1624
-0.5,None,-48.99273541685836,-23.733393366731065,-49.92504775950535,-22.607007311248765,-23.733393366731065,Sp0227-6447
-0.5,None,-46.99624145930629,4.708761464080343,-49.140747199113996,7.1419293757448346,4.708761464080343,Sp0228+0310
-0.5,None,-36.12897379068498,10.785773082362544,-37.858223033344615,13.159092017848973,10.785773082362544,Sp0228+1639
-0.5,None,-49.888103722466795,-23.502583111019817,-50.899001451150035,-22.320832695916554,-23.502583111019817,Sp0228-6325
-0.5,None,-7.79725119098673,23.05569521850644,-8.754713836411762,24.78876769886984,23.05569521850644,Sp0229+4906
-0.5,None,-35.779209436303724,10.485838537383417,-37.5226647261828,12.856124322664327,10.485838537383417,Sp0230+1648
-0.5,None,-55.52333724838012,-2.0546407829787237,-58.16144981628547,0.3366561319056945,-2.0546407829787237,Sp0230-0953
-0.5,None,-60.94574973564511,-7.973705467526622,-63.91602787171198,-5.703287903700361,-7.973705467526622,Sp0232-2152
-0.5,None,-30.905463339651877,12.187164967547393,-32.53473829192318,14.497092386127981,12.187164967547393,Sp0233+2209
-0.5,None,-22.89608700164554,16.212909943531443,-24.282729272224916,18.37719921652091,16.212909943531443,Sp0233+3134
-0.5,None,2.4097702312761293,25.23689780558593,1.6604435158313091,26.574645317396694,25.23689780558593,Sp0234+6012
-0.5,None,5.134437346601378,25.81243764080329,4.4495671026513675,27.029744156624105,25.81243764080329,Sp0235+6314
-0.5,None,-61.68443106504794,-14.497035856368491,-64.47660063862172,-12.436923691063363,-14.497035856368491,Sp0237-3434
-0.5,None,-57.6759392634657,-7.579397583527914,-60.584108120543945,-5.245684200897306,-7.579397583527914,Sp0239-1735
-0.5,None,-41.7798606638453,4.048271411623619,-43.906213736272406,6.469244806860902,4.048271411623619,Sp0240+0727
-0.5,None,-1.969705445886295,22.948582409390198,-2.883426160793943,24.478354531774848,22.948582409390198,Sp0241+5444
-0.5,None,-59.62129589699994,-18.116972243524454,-62.07149218669261,-16.204866895632126,-18.116972243524454,Sp0242-4124
-0.5,None,-55.19845820919613,-22.06231979415271,-56.94069626151378,-20.471531925200683,-22.06231979415271,Sp0242-5232
-0.5,None,-7.748764602340264,20.501829080580617,-8.834416083066703,22.248970550980502,20.501829080580617,Sp0243+4755
-0.5,None,-60.1455142865123,-16.326330601597842,-62.89129809667387,-14.278139788054911,-16.326330601597842,Sp0244-3548
-0.5,None,-33.83931221416543,6.859715163948191,-35.75684086629062,9.215723350176713,6.859715163948191,Sp0246+1625
-0.5,None,-49.47916115214854,-3.131687051097392,-52.05879012524395,-0.7059732387845695,-3.131687051097392,Sp0246-0459
-0.5,None,-23.533732192110296,12.178785203723317,-25.12500910810728,14.366568732393032,12.178785203723317,Sp0247+2850
-0.5,None,-31.270577037236666,7.746388597511031,-33.12624312570072,10.069968266099286,7.746388597511031,Sp0248+1916
-0.5,None,-55.42409348743035,-9.151303164413282,-58.338900195423065,-6.798641809997782,-9.151303164413282,Sp0248-1651
-0.5,None,-57.03256563886222,-11.61798151952639,-60.01649309901322,-9.31887710056585,-11.61798151952639,Sp0249-2147
-0.5,None,-59.097190098054156,-15.598166556701617,-61.994182743301565,-13.453205230822538,-15.598166556701617,Sp0249-3131
-0.5,None,-50.65400355456987,-5.442261111481064,-53.35366427368579,-3.0264321695854868,-5.442261111481064,Sp0250-0808
-0.5,None,-44.7307036062627,-1.4966946790243563,-47.16344841299013,0.9361121977645623,-1.4966946790243563,Sp0251+0047
-0.5,None,-47.812020132185026,-3.709150829811076,-50.39030514930751,-1.279087484996384,-3.709150829811076,Sp0251-0352
-0.5,None,-44.40861532819763,-1.695515380186685,-46.84606977671048,0.7370310136400967,-1.695515380186685,Sp0252+0056
-0.5,None,-4.939747641694568,19.802537550706234,-6.038106294853841,21.461486240854335,19.802537550706234,Sp0252+5014
-0.5,None,-32.5276992218445,5.707310240757736,-34.49159206485576,8.050898138623136,5.707310240757736,Sp0253+1652
-0.5,None,-24.186145186704866,10.37259498661897,-25.869017793895914,12.577948056818913,10.37259498661897,Sp0253+2713
-0.5,None,-56.81951055794875,-13.132996112523061,-59.81189476257811,-10.852729925865246,-13.132996112523061,Sp0253-2336
-0.5,None,-36.24970260760022,-28.227119134766777,-36.62017347883756,-27.74374246875925,-28.227119134766777,Sp0253-7959
-0.5,None,-55.35400314240628,-11.516792509731973,-58.32044973859872,-9.185730016030988,-11.516792509731973,Sp0254-1934
-0.5,None,-55.74902809283512,-22.224184029272372,-57.90738198919534,-20.440811717221646,-22.224184029272372,Sp0255-4700
-0.5,None,-12.096591857091008,15.51672092888781,-13.457515198376436,17.421557343543974,15.51672092888781,Sp0257+4111
-0.5,None,-2.309306370284133,20.03700948153639,-3.3730596369040806,21.602975213118995,20.03700948153639,Sp0257+5253
-0.5,None,-57.34372977516232,-17.014413661408387,-60.248586194596335,-14.847263108941462,-17.014413661408387,Sp0257-3105
-0.5,None,-26.800592876713395,7.115265785453787,-28.655607297833026,9.375443901660967,7.115265785453787,Sp0259+2254
-0.5,None,-55.77664150567704,-22.14232643287546,-58.109932764848935,-20.27547209096551,-22.14232643287546,Sp0259-4421
-0.5,None,-9.203347850231237,16.24599984070148,-10.5089726506512,18.063207602750154,16.24599984070148,Sp0301+4416
-0.5,None,-56.192964504715434,-21.10645032327353,-58.77280845947226,-19.117993091985227,-21.10645032327353,Sp0302-3950
-0.5,None,-54.646012482783945,-15.836184763147145,-57.635834457722396,-13.552881554294528,-15.836184763147145,Sp0304-2435
-0.5,None,-54.83722604097684,-17.037800654801327,-57.81083265479738,-14.784320625085599,-17.037800654801327,Sp0306-2647
-0.5,None,-55.65753965201683,-20.814982968906374,-58.37678813015479,-18.74826869388029,-20.814982968906374,Sp0306-3647
-0.5,None,2.150088419600552,20.324656383018613,1.1450372422785735,21.723371147413488,20.324656383018613,Sp0307+5719
-0.5,None,-49.603110945330975,-12.33169718698602,-52.51180970282395,-9.934015486340032,-12.33169718698602,Sp0309-1354
-0.5,None,-55.05006480902239,-21.440466659208532,-57.7636403469126,-19.372628542553077,-21.440466659208532,Sp0309-3658
-0.5,None,-40.04832857166016,-4.789715432019679,-42.559939803895844,-2.3655121556158076,-4.789715432019679,Sp0310+0234
-0.5,None,-36.74808458401435,-2.4350640408225717,-39.12198646891307,-0.033312687633838316,-2.4350640408225717,Sp0310+0726
-0.5,None,-54.14912646840112,-18.34870921569176,-57.10654425070456,-16.106748021793575,-18.34870921569176,Sp0310-2756
-0.5,None,-40.77768801878873,-5.754076188466525,-43.337298126124644,-3.3261392623967247,-5.754076188466525,Sp0311+0106
-0.5,None,-54.45132722472761,-20.41063843015289,-57.310246386410554,-18.249019866931967,-20.41063843015289,Sp0311-3239
-0.5,None,-29.880843298928347,0.8784674014402515,-32.04277033215843,3.2022213706258977,0.8784674014402515,Sp0314+1603
-0.5,None,-20.256756086079164,6.952730173965546,-22.07325021214272,9.092647345517767,6.952730173965546,Sp0314+2840
-0.5,None,-52.728990677163964,-25.24541998584736,-54.989395039728656,-23.412782324777204,-25.24541998584736,Sp0314-4623
-0.5,None,21.90285313604247,26.646341505198333,21.58761197311517,27.04768579681195,26.646341505198333,Sp0315+8122
-0.5,None,-52.894412166091726,-20.005331640748707,-55.83483006081427,-17.76759503778332,-20.005331640748707,Sp0316-2848
-0.5,None,-3.644760896948933,15.201017589992318,-4.9572152386059525,16.84917432883154,15.201017589992318,Sp0319+4848
-0.5,None,-53.034890889724124,-23.370018177836826,-55.7485450794848,-21.28775554677221,-23.370018177836826,Sp0319-3703
-0.5,None,-26.660059798292306,0.8397501197199737,-28.79494421584595,3.1180820302288903,0.8397501197199737,Sp0320+1854
-0.5,None,-42.53865569309806,-10.565234785010373,-45.29451490257159,-8.131932830615833,-10.565234785010373,Sp0320-0446
-0.5,None,-48.936939101129695,-28.175798334331922,-50.69624005254813,-26.629382157303056,-28.175798334331922,Sp0320-5520
-0.5,None,-11.392486572009757,10.405327043810763,-12.989523999077392,12.316654239813808,10.405327043810763,Sp0321+3847
-0.5,None,-51.734980117436955,-25.954339863839895,-54.18865290526868,-24.01437819626665,-25.954339863839895,Sp0323-4304
-0.5,None,-48.87303416313195,-28.50344863306906,-50.71533101333435,-26.911358741421957,-28.50344863306906,Sp0324-5410
-0.5,None,-36.94945696374113,-29.747974526958103,-37.502556387764464,-29.144090192233218,-29.747974526958103,Sp0324-7727
-0.5,None,-29.297314477222027,-2.4291819167696405,-31.591977350349396,-0.10213452135018451,-2.4291819167696405,Sp0325+1412
-0.5,None,-42.06154762859543,-12.223288617019836,-44.86119734054454,-9.790107613967258,-12.223288617019836,Sp0325-0551
-0.5,None,-33.96079366706629,-29.396493765758287,-34.303037143958726,-29.008580964994984,-29.396493765758287,Sp0325-8159
-0.5,None,-25.426464026407416,-0.12845084998440506,-27.59114978106589,2.134114576325989,-0.12845084998440506,Sp0326+1919
-0.5,None,-49.96013686026773,-20.382669132631356,-52.94208044092907,-18.072246675722745,-20.382669132631356,Sp0326-2443
-0.5,None,-51.29210358310209,-26.316321525679353,-53.77252059700065,-24.359510584370177,-26.316321525679353,Sp0326-4236
-0.5,None,-30.64038257888226,-4.4364936095593395,-33.02801696003285,-2.0861873550120342,-4.4364936095593395,Sp0328+1129
-0.5,None,-14.835880081824197,6.291905005442849,-16.642829964118626,8.312566332664568,6.291905005442849,Sp0329+3304
-0.5,None,-15.56518419219639,5.313235232302148,-17.420348701500952,7.35608987196724,5.313235232302148,Sp0330+3146
-0.5,None,1.6712410197325243,16.04693606085277,0.44825080242185955,17.50319884576523,16.04693606085277,Sp0330+5413
-0.5,None,-37.944986074347426,-10.730848607294641,-40.64387151877695,-8.305957287943743,-10.730848607294641,Sp0330-0025
-0.5,None,-49.6631434492274,-28.31164158404955,-51.841383118519076,-26.525465817855423,-28.31164158404955,Sp0330-4835
-0.5,None,-50.043948431209174,-23.67254106623828,-52.939391545446576,-21.44552827872804,-23.67254106623828,Sp0331-3042
-0.5,None,-48.25917717965282,-21.081825513356616,-51.24690137659182,-18.74665576001948,-21.081825513356616,Sp0332-2317
-0.5,None,-10.62537410094609,7.617684640704674,-12.342760445825391,9.523093190859868,7.617684640704674,Sp0334+3740
-0.5,None,-47.22526729212225,-20.847130702831368,-50.21746153520432,-18.489964973767826,-20.847130702831368,Sp0334-2130
-0.5,None,-48.71587739033711,-29.213826762354866,-50.831995376227475,-27.465314463533673,-29.213826762354866,Sp0334-4953
-0.5,None,-32.331224419993674,-8.234148682549172,-34.877636909441705,-5.853452223150773,-8.234148682549172,Sp0335+0658
-0.5,None,-41.37623962199738,-15.62003010070005,-44.255449342051165,-13.188019529365183,-15.62003010070005,Sp0335-0829
-0.5,None,-49.367473827404524,-28.439833766135358,-51.76773626629295,-26.52346132279297,-28.439833766135358,Sp0335-4430
-0.5,None,-46.8433686823263,-30.54403741072843,-48.70514571641212,-28.955469499283755,-30.54403741072843,Sp0338-5435
-0.5,None,-19.255253080528103,0.13481793797094957,-21.35711629765649,2.283500935120793,0.13481793797094957,Sp0339+2457
-0.5,None,-48.89284837008367,-26.770656829555694,-51.66055216422101,-24.62311815199813,-26.770656829555694,Sp0339-3525
-0.5,None,-48.84896464078023,-27.288853618878285,-51.57134402754065,-25.170649444136558,-27.288853618878285,Sp0340-3649
-0.5,None,-2.2024376501146343,11.46828977410401,-3.679060782069299,13.09565909234805,11.46828977410401,Sp0341+4741
-0.5,None,-3.046370447568048,10.7978469380209,-4.5610898449528,12.457607404216787,10.7978469380209,Sp0342+4629
-0.5,None,-34.25720768938757,-12.912893945490564,-36.977480478589946,-10.502530974503328,-12.912893945490564,Sp0344+0111
-0.5,None,-17.820492193218517,-0.6122196116268186,-19.9407940275597,1.510121731544131,-0.6122196116268186,Sp0345+2540
-0.5,None,9.34459013859109,17.942655930095768,8.30327869640423,19.081209399829607,17.942655930095768,Sp0346+6236
-0.5,None,-35.84688898804068,-15.057874106472829,-38.64571950511237,-12.633752101362031,-15.057874106472829,Sp0346-0218
-0.5,None,-43.24371863517232,-22.312375593750556,-46.23441672207736,-19.91509221811752,-22.312375593750556,Sp0347-1814
-0.5,None,-27.114130377949294,-8.586168760413273,-29.61645682769363,-6.263921760534592,-8.586168760413273,Sp0348+1126
-0.5,None,-40.34053971285958,-32.10845799799991,-41.426037281925154,-31.098113098002273,-32.10845799799991,Sp0348-6836
-0.5,None,-34.05274010768334,-15.418136890882009,-36.84021132541725,-13.002294889436945,-15.418136890882009,Sp0351-0052
-0.5,None,-42.13735103108762,-23.111065452037746,-45.12816875358241,-20.707996900570315,-23.111065452037746,Sp0351-1751
-0.5,None,-32.05174046106885,-14.169707216844387,-34.78271821793334,-11.771664431916713,-14.169707216844387,Sp0352+0210
-0.5,None,-43.34107503583539,-32.815190010435714,-44.93614226192531,-31.428209389588556,-32.815190010435714,Sp0352-5955
-0.5,None,-46.01946642276102,-29.267233033001983,-48.80222337664083,-27.086514295741768,-29.267233033001983,Sp0353-3441
-0.5,None,-18.139305801749064,-3.4921228536686044,-20.374355652290493,-1.3485106956040045,-3.4921228536686044,Sp0354+2316
-0.5,None,-17.330079914833693,-3.0939506800875822,-19.543252169260587,-0.9694179176536757,-3.0939506800875822,Sp0354+2416
-0.5,None,-10.950486652190097,2.1007628202681765,-12.906935795742369,4.045626539312927,2.1007628202681765,Sp0354+3333
-0.5,None,-40.18921706571759,-22.42615524169281,-43.167596890789476,-20.00430866928808,-22.42615524169281,Sp0354-1437
-0.5,None,-31.052930780618684,-14.728042419501492,-33.788356093071755,-12.336505439045746,-14.728042419501492,Sp0355+0237
-0.5,None,-23.682878523060953,-8.39117398314386,-26.144616210340853,-6.120608407445747,-8.39117398314386,Sp0355+1439
-0.5,None,-5.44825964748884,5.610810466923535,-7.214161067713296,7.380193415409497,5.610810466923535,Sp0356+4047
-0.5,None,-22.820421760364017,-8.302519150618275,-25.270952182903706,-6.046566726281546,-8.302519150618275,Sp0357+1529
-0.5,None,-5.099970717652925,5.668640083024278,-6.860649831339275,7.4271809275794,5.668640083024278,Sp0357+4107
-0.5,None,-38.678043623038405,-22.396520253207928,-41.64667943142301,-19.967586266467357,-22.396520253207928,Sp0357-1249
-0.5,None,-14.668394644006868,-2.270009277919218,-16.828345014609692,-0.20913133101070566,-2.270009277919218,Sp0358+2710
-0.5,None,-12.726264622913817,-0.610824829108586,-14.806062066963648,1.3944026168668162,-0.610824829108586,Sp0358+3003
-0.5,None,-40.72780618151259,-25.561527419530858,-43.720060022421876,-23.16169759788525,-25.561527419530858,Sp0400-1913
-0.5,None,-13.085233826302362,-1.8621047311208452,-15.216868755668358,0.15894638768484093,-1.8621047311208452,Sp0401+2849
-0.5,None,-2.950957679564158,6.361458283475244,-4.664445366682863,8.049099550412667,6.361458283475244,Sp0401+4327
-0.5,None,-14.586770049200265,-3.5691761512009164,-16.795552143601476,-1.502976678131071,-3.5691761512009164,Sp0403+2616
-0.5,None,-3.9370790865971137,4.76063086013405,-5.72779743467995,6.489804447301332,4.76063086013405,Sp0404+4127
-0.5,None,-37.912214832042196,-25.738725347078894,-40.902171073558655,-23.316228897177538,-25.738725347078894,Sp0407-1552
-0.5,None,-25.56615995283654,-14.749230312502405,-28.245060689849772,-12.419111131382403,-14.749230312502405,Sp0408+0742
-0.5,None,-37.17502756611353,-25.623808164626098,-40.16224167365286,-23.1970536929076,-25.623808164626098,Sp0408-1450
-0.5,None,-32.947838586130594,-21.934366385771828,-35.8641251453536,-19.508047097233955,-21.934366385771828,Sp0409-0605
-0.5,None,-21.819262153520235,-12.378670691235307,-24.392675881324642,-10.118189307674413,-12.378670691235307,Sp0410+1304
-0.5,None,-36.77121398902879,-26.15099108045348,-39.75973269492624,-23.723966792843566,-26.15099108045348,Sp0410-1459
-0.5,None,-5.558382748968224,0.796105002878498,-7.526935381408906,2.599806355240745,0.796105002878498,Sp0413+3709
-0.5,None,-40.25946608173139,-31.226965585727058,-43.1846537266477,-28.894098347484256,-31.226965585727058,Sp0413-2704
-0.5,None,-20.588740659343827,-13.545168410844347,-23.185928523485728,-11.299373429999363,-13.545168410844347,Sp0416+1310
-0.5,None,-40.59818691871607,-35.76889376417695,-42.26494451944852,-34.36972525499815,-35.76889376417695,Sp0416-5935
-0.5,None,-18.36389331412214,-11.780774577629975,-20.887814293324244,-9.586733916053152,-11.780774577629975,Sp0417+1634
-0.5,None,-32.09833440065197,-24.638053763454803,-35.047815820381274,-22.209368194972466,-24.638053763454803,Sp0417-0800
-0.5,None,-37.65532476763393,-30.24085116217181,-40.63388562015169,-27.845297749880956,-30.24085116217181,Sp0417-2129
-0.5,None,-1.0713148771976193,3.0313667411371488,-2.9129419402186776,4.68276847167372,3.0313667411371488,Sp0419+4233
-0.5,None,-34.67224791464273,-28.242472635618437,-37.66337126016578,-25.812570372058953,-28.242472635618437,Sp0420-1458
-0.5,None,-37.200218424181365,-34.6353906497634,-38.27542494679908,-33.70967932942503,-34.6353906497634,Sp0420-7005
-0.5,None,-39.18750387064372,-35.987026863649774,-40.665454401430914,-34.74252552902925,-35.987026863649774,Sp0421-6306
-0.5,None,-40.35480663354594,-35.33883370046583,-43.077047420560795,-33.15602226616909,-35.33883370046583,Sp0422-3606
-0.5,None,-28.90668545008839,-24.207864989922783,-31.826203848898164,-21.797969903306743,-24.207864989922783,Sp0423-0414
-0.5,None,-12.30977489750403,-8.893706597503778,-14.690130797404771,-6.849460330019629,-8.893706597503778,Sp0424+2402
-0.5,None,-24.22224984965631,-20.75495313656172,-27.03773070669218,-18.4109785717683,-20.75495313656172,Sp0426+0336
-0.5,None,-21.026314298601804,-18.00113864323834,-23.749263680651854,-15.721329559842701,-18.00113864323834,Sp0427+0859
-0.5,None,-21.543149925320495,-19.18624861002006,-24.299601109371096,-16.890778781941027,-19.18624861002006,Sp0428+0728
-0.5,None,-38.02811436260501,-35.70724050124661,-40.861207447681764,-33.42464252452198,-35.70724050124661,Sp0429-3123
-0.5,None,-39.907482595671716,-37.74623622943686,-42.34928978227261,-35.76990364859307,-37.74623622943686,Sp0429-4405
-0.5,None,-37.40483221602878,-36.15752081311988,-38.684315373233105,-35.088042162388,-36.15752081311988,Sp0429-6649
-0.5,None,-29.59908728607544,-27.919868153678657,-32.56912623723797,-25.493701984617818,-27.919868153678657,Sp0430-0849
-0.5,None,11.921862925528963,12.374436771071098,10.630466757220898,13.47361169596239,12.374436771071098,Sp0431+6035
-0.5,None,-28.193688694132096,-27.300768815806794,-31.149518288163595,-24.88436753348471,-27.300768815806794,Sp0432-0639
-0.5,None,9.650285636548789,9.746743246152885,8.205246895714646,10.963601907414802,9.746743246152885,Sp0433+5635
-0.5,None,-37.24283690226776,-36.851566515331136,-40.0541605887117,-34.57830578809804,-36.851566515331136,Sp0433-3210
-0.5,None,-11.13959125712368,-11.474742892665287,-13.59520756475519,-9.442336246614216,-11.13959125712368,Sp0435+2254
-0.5,None,-31.04439180249177,-31.266226599909942,-34.03674661071299,-28.832930354819876,-31.04439180249177,Sp0435-1414
-0.5,None,-31.809083299268103,-32.03531452728158,-34.800954943705996,-29.604330829207107,-31.809083299268103,Sp0435-1606
-0.5,None,4.791662560968934,4.136119204134342,3.0450591820779955,5.582392157651879,4.791662560968934,Sp0436+4810
-0.5,None,7.258983816357034,6.6996527890391055,5.648316752281663,8.035426422441555,7.258983816357034,Sp0436+5211
-0.5,None,-34.21933299968667,-35.123870360053125,-37.166917029461686,-32.732733466774434,-34.21933299968667,Sp0436-2338
-0.5,None,-14.327440906884117,-16.275906028768002,-16.949494311526575,-14.137066991200287,-14.327440906884117,Sp0439+1615
-0.5,None,-33.846663146563415,-35.65873359039283,-36.78982447725667,-33.268328992868206,-33.846663146563415,Sp0439-2353
-0.5,None,-36.18893627953595,-38.098273261167726,-38.98467797234341,-35.82767424700546,-36.18893627953595,Sp0439-3235
-0.5,None,-37.49331631048958,-38.42637102511633,-39.112266794864574,-37.10583717522315,-37.49331631048958,Sp0439-6105
-0.5,None,-25.943493985105068,-28.43176260727662,-28.898634156508837,-26.027997985119413,-25.943493985105068,Sp0440-0530
-0.5,None,-29.42675619452303,-32.62921935659781,-32.41934594543013,-30.19589113943276,-29.42675619452303,Sp0442-1356
-0.5,None,-35.330738064946274,-38.70752001929747,-38.135219038585184,-36.423504551456034,-35.330738064946274,Sp0443-3202
-0.5,None,-36.083334660114225,-39.892833047910976,-38.761247066866325,-37.70983448200566,-36.083334660114225,Sp0444-3655
-0.5,None,-16.92506382619082,-21.351750682738178,-19.6937860846059,-19.123867224612443,-16.92506382619082,Sp0445+0938
-0.5,None,-25.16068479684637,-29.739920535585455,-28.12497455770159,-27.336907150299414,-25.16068479684637,Sp0445-0602
-0.5,None,-34.440217266559735,-39.02094134048018,-37.267672229166955,-36.71320263690363,-34.440217266559735,Sp0445-3048
-0.5,None,-35.86336337081728,-40.03997672438747,-38.54672356381913,-37.851046095607146,-35.86336337081728,Sp0445-3642
-0.5,None,-37.292862484246335,-40.41024174528166,-39.320721476797125,-38.76474211511184,-37.292862484246335,Sp0445-5321
-0.5,None,6.41599180109115,3.2779264142469855,4.645886300937935,4.673769480442333,6.41599180109115,Sp0446+4844
-0.5,None,-13.697071059438965,-18.823930860500234,-16.381243933167674,-16.681331622406145,-13.697071059438965,Sp0447+1436
-0.5,None,-5.635390733565138,-10.268058239671921,-8.011606094434727,-8.388822018675452,-5.635390733565138,Sp0447+2819
-0.5,None,-36.71689405621016,-41.19280251434538,-39.05069936647695,-39.29268147605582,-36.71689405621016,Sp0448-4636
-0.5,None,8.48844171096076,4.8433892907893314,6.8053688142517315,6.150482955445633,8.48844171096076,Sp0449+5138
-0.5,None,-22.562955646765133,-28.789100488213332,-25.502562659307962,-26.419316822849574,-22.562955646765133,Sp0449-0228
-0.5,None,-19.25837488199918,-26.257818586382346,-22.139987272878674,-23.953063145471724,-19.25837488199918,Sp0451+0305
-0.5,None,-34.19983729049698,-40.72164415261604,-36.94823746933824,-38.46958330355359,-34.19983729049698,Sp0451-3402
-0.5,None,-36.25256158985273,-40.476391807488106,-38.03174184529405,-39.045254842484205,-36.25256158985273,Sp0451-5818
-0.5,None,-9.116937697331823,-16.24421381433631,-11.699383030839448,-14.22978591818827,-9.116937697331823,Sp0453+2033
-0.5,None,-28.520960893045544,-36.71790944197088,-31.501321828615033,-34.28671172042897,-28.520960893045544,Sp0453-1751
-0.5,None,-35.946273241943345,-42.0250325354774,-38.14283149612543,-40.24121918616649,-35.946273241943345,Sp0454-4945
-0.5,None,-18.53156490313128,-27.339358128291067,-21.42575457367195,-25.039059643340224,-18.53156490313128,Sp0455+0244
-0.5,None,9.963231980300888,4.961694803880835,8.299001479218905,6.212781242321677,9.963231980300888,Sp0455+5252
-0.5,None,-31.326522398321266,-40.144925911712114,-34.21096415752443,-37.77532301198481,-31.326522398321266,Sp0455-2701
-0.5,None,-24.413344423481416,-33.77257690303491,-27.401787430193522,-31.357078681436317,-24.413344423481416,Sp0456-0932
-0.5,None,0.7212351693821738,-6.459572290962592,-1.479429582126444,-4.79768019798236,0.7212351693821738,Sp0457+3622
-0.5,None,-32.34774774951018,-42.513332385213005,-35.09075732702669,-40.24992405965552,-32.34774774951018,Sp0459-3348
-0.5,None,-17.09594082516389,-27.903023039979942,-19.989783629086247,-25.623852392316255,-17.09594082516389,Sp0500+0330
-0.5,None,-16.38107084950676,-27.31388360327646,-19.26112062348973,-25.052563665897342,-16.38107084950676,Sp0500+0442
-0.5,None,-29.60126680229984,-41.940756033179724,-32.475060961529,-39.56588066117485,-29.60126680229984,Sp0503-2705
-0.5,None,-13.324039287845519,-25.956765034302126,-16.1611777637841,-23.76875194528212,-13.324039287845519,Sp0505+0836
-0.5,None,-33.91479290293092,-44.04497115079793,-36.09859363754835,-42.27520366413048,-33.91479290293092,Sp0506-4956
-0.5,None,0.9556369546031709,-10.290821571258077,-1.3769245407197053,-8.609110362193594,0.9556369546031709,Sp0508+3319
-0.5,None,-24.726248831725393,-39.69142126198732,-27.70394136518184,-37.25807436921117,-24.726248831725393,Sp0508-1647
-0.5,None,-2.1845762377182387,-14.716028976774176,-4.6769290276721955,-12.905669049427,-2.1845762377182387,Sp0510+2714
-0.5,None,-32.73987578132383,-45.157015889662205,-35.07915157775179,-43.242834605774746,-32.73987578132383,Sp0511-4606
-0.5,None,-32.6537803602318,-45.2574174188303,-34.984669333713185,-43.35083016585816,-32.6537803602318,Sp0511-4618
-0.5,None,-27.470824595494587,-43.64300496208385,-30.346658415185118,-41.25316214259397,-27.470824595494587,Sp0512-2617
-0.5,None,-28.744009117122875,-44.33909094412591,-31.558314077156613,-41.995280245586144,-28.744009117122875,Sp0512-2949
-0.5,None,15.722894425909166,7.299905389345932,14.226460655862768,8.302862140391973,15.722894425909166,Sp0515+5911
-0.5,None,18.212806524399742,11.05203072209204,16.93490718034426,11.907156094225153,18.212806524399742,Sp0515+6424
-0.5,None,14.634145061283306,5.363941659861062,13.033890523803366,6.430962791465747,14.634145061283306,Sp0516+5640
-0.5,None,-27.02655079888116,-45.26363605934343,-29.86226474983871,-42.89356655229455,-27.02655079888116,Sp0517-2816
-0.5,None,-28.813220268705827,-46.14854398090273,-31.532361622885727,-43.87349384063308,-28.813220268705827,Sp0517-3349
-0.5,None,-2.1007916632452477,-17.85639513818153,-4.682064902908631,-16.025702224683908,-2.1007916632452477,Sp0518+2435
-0.5,None,23.804742427204374,19.197146819694183,23.07840357610789,19.66929779650238,23.804742427204374,Sp0520+7626
-0.5,None,-11.360756519827127,-31.362930681016696,-14.272560153443951,-29.17378748675405,-11.360756519827127,Sp0522+0518
-0.5,None,4.463910110840567,-10.615705787536422,2.142459465853348,-9.046451414216126,4.463910110840567,Sp0522+3534
-0.5,None,15.855562188576158,5.770028970573811,14.287200424311374,6.784207901102226,15.855562188576158,Sp0522+5754
-0.5,None,-14.18837641517107,-34.399483738577786,-17.146899404728437,-32.122492756396376,-14.18837641517107,Sp0522-0002
-0.5,None,10.372953594411728,-2.8901941027785325,8.376359082720864,-1.5865969908869424,10.372953594411728,Sp0523+4623
-0.5,None,-20.33716715776825,-41.82376556594736,-23.320031119448565,-39.40227678429846,-20.33716715776825,Sp0523-1403
-0.5,None,-31.92125574375999,-45.20052076805198,-33.81471008709192,-43.716082059683494,-31.92125574375999,Sp0523-5607
-0.5,None,-31.164970046051128,-36.08728013830113,-31.918928460387665,-35.556625911522865,-31.164970046051128,Sp0523-7658
-0.5,None,-2.6764117084031436,-21.45212585952477,-5.353340599950445,-19.577254367892518,-2.6764117084031436,Sp0525+2102
-0.5,None,-30.755073629700977,-47.155693032855545,-32.903689437370716,-45.426574686755714,-30.755073629700977,Sp0526-5026
-0.5,None,-11.368960853382225,-33.86215200937617,-14.310817168734214,-31.65034881722802,-11.368960853382225,Sp0528+0258
-0.5,None,11.49199482532466,-2.8351149155679636,9.505910430074977,-1.5732282131528688,11.49199482532466,Sp0528+4712
-0.5,None,-21.458787617507085,-45.55370360281094,-24.394218917817163,-43.12060509581817,-21.458787617507085,Sp0529-2002
-0.5,None,-4.744391558653928,-26.476708920166242,-7.541961042433518,-24.501644438723833,-4.744391558653928,Sp0530+1503
-0.5,None,19.012301189489094,8.798184459827313,17.629497491201437,9.648248153354876,19.012301189489094,Sp0530+6253
-0.5,None,-11.01995845959986,-34.92866103326933,-13.971281253774052,-32.71500934339104,-11.01995845959986,Sp0531+0215
-0.5,None,-9.681928183207035,-33.964689764406,-12.618011791413453,-31.79191643324272,-9.681928183207035,Sp0532+0418
-0.5,None,-30.026381514285365,-33.447548816764716,-30.492670068610426,-33.135690330221834,-30.026381514285365,Sp0532-8157
-0.5,None,-10.013120605199134,-34.65302890025149,-12.95786452092801,-32.46575343168887,-10.013120605199134,Sp0533+0323
-0.5,None,7.466228595586371,-10.566942891370994,5.164460903616436,-9.101095808897952,7.466228595586371,Sp0533+3740
-0.5,None,14.04030222912281,-0.599231849224347,12.167244965639988,0.5475694572349605,14.04030222912281,Sp0533+5054
-0.5,None,-18.353203236538207,-44.792710577681035,-21.32356955244001,-42.37191408588884,-18.353203236538207,Sp0534-1511
-0.5,None,-15.759067227248698,-42.2682886752676,-18.750483803479298,-39.89485458980676,-15.759067227248698,Sp0535-0931
-0.5,None,-14.741324399602618,-42.07205989558054,-17.73375744272241,-39.71632881261763,-14.741324399602618,Sp0537-0816
-0.5,None,9.972941418438205,-9.081737526612168,7.738065981596917,-7.715945230998139,9.972941418438205,Sp0539+4038
-0.5,None,13.112491372255136,-4.015367587896252,11.090591234964807,-2.804406910876303,13.112491372255136,Sp0539+4712
-0.5,None,15.76791667850253,0.351549007594423,13.95065754012668,1.4229085943340434,15.76791667850253,Sp0539+5253
-0.5,None,-10.766252831926398,-38.55531844869754,-13.744743574188284,-36.31259915996028,-10.766252831926398,Sp0539-0059
-0.5,None,-28.194410624115903,-49.782968649508184,-30.463116473706084,-47.93119811821966,-28.194410624115903,Sp0539-4708
-0.5,None,-5.930077602268956,-34.743425939811374,-8.860470047554848,-32.66180481132537,-5.930077602268956,Sp0544+0639
-0.5,None,-14.53358178108432,-44.98877654102128,-17.518137328416664,-42.61080832569451,-14.53358178108432,Sp0544-1109
-0.5,None,-15.353990677978118,-46.008825894769494,-18.329510679304015,-43.611092840930695,-15.353990677978118,Sp0544-1309
-0.5,None,-20.210379375297794,-50.068986562712695,-23.070926839869177,-47.64784128029081,-20.210379375297794,Sp0544-2433
-0.5,None,18.280748643482955,1.1095387970929684,16.519870573604283,2.074294482754124,18.280748643482955,Sp0551+5511
-0.5,None,-7.536839660184767,-40.49798238972373,-10.518727981993445,-38.314868156937955,-7.536839660184767,Sp0552-0002
-0.5,None,-29.12017995850299,-44.71962208357897,-30.5607394053345,-43.71502940477715,-29.12017995850299,Sp0552-6452
-0.5,None,-29.463946024976263,-40.88788997363939,-30.53909936679361,-40.18405684022751,-29.463946024976263,Sp0553-7133
-0.5,None,0.986692264357528,-29.94747606916161,-1.8486653886281477,-28.120119143161748,0.986692264357528,Sp0555+1608
-0.5,None,-27.134601229043618,-50.17426909836934,-29.098081440510963,-48.665983977011585,-27.134601229043618,Sp0555-5402
-0.5,None,-2.8288858800533307,-35.8593622173038,-5.76118507847987,-33.858289128078226,-2.8288858800533307,Sp0556+0802
-0.5,None,0.9252098034968428,-30.32154776735343,-1.9167419675864843,-28.489119802124478,0.9252098034968428,Sp0556+1546
-0.5,None,-22.7247020750586,-54.18422244858443,-25.253038774456524,-52.02554609908208,-22.7247020750586,Sp0556-3832
-0.5,None,-5.974799134343784,-40.9972721932693,-8.956257948397386,-38.85138355577493,-5.974799134343784,Sp0557+0048
-0.5,None,1.8714112810810415,-29.517932994412952,-0.9531048211050631,-27.723426808755022,1.8714112810810415,Sp0557+1708
-0.5,None,-0.14602966056824535,-34.494996180819214,-3.053595857915077,-32.59186141313562,-0.14602966056824535,Sp0601+1115
-0.5,None,13.222873889182981,-12.944904149370068,10.87207312626212,-11.67120130610516,13.222873889182981,Sp0602+3910
-0.5,None,-9.594350981313559,-47.959301415184164,-12.577338237146268,-45.64323210369236,-9.594350981313559,Sp0602-0915
-0.5,None,-10.145636768229627,-48.18929115657688,-13.125898954259835,-45.85880566277811,-10.145636768229627,Sp0602-1001
-0.5,None,-28.937266970663977,-34.62361060254072,-29.441118382086973,-34.33080033935329,-28.937266970663977,Sp0603-8127
-0.5,None,5.891243034314718,-26.69583100694437,3.1358508716932203,-25.06148536772203,5.891243034314718,Sp0604+2219
-0.5,None,9.087989526104844,-21.348503741506992,6.469384443736065,-19.865808034897416,9.087989526104844,Sp0604+2906
-0.5,None,10.968966989342958,-17.875443994560445,8.453462092756572,-16.484691238440835,10.968966989342958,Sp0604+3322
-0.5,None,-15.519865827618471,-54.4235703948426,-18.36180606607397,-51.99225359096907,-15.519865827618471,Sp0605-2342
-0.5,None,7.513401711707954,-25.40761656983165,4.791439877067899,-23.84048972552044,7.513401711707954,Sp0607+2429
-0.5,None,16.894990321823588,-8.010798701992194,14.741396151087388,-6.912868781058934,16.894990321823588,Sp0607+4550
-0.5,None,1.0968146490553923,-36.08702524951644,-1.826448658834436,-34.211370449285646,1.0968146490553923,Sp0608+1041
-0.5,None,-20.03916692295871,-56.78169099595426,-22.567728552497595,-54.59905684207159,-20.03916692295871,Sp0609-3739
-0.5,None,-18.39679265142836,-57.14929322399917,-21.02568275156637,-54.85295568626253,-18.39679265142836,Sp0610-3346
-0.5,None,12.402255595851694,-18.74495012427872,9.867500806272746,-17.402040181454538,12.402255595851694,Sp0611+3325
-0.5,None,24.833809751878846,10.516666149281985,23.625932048285097,11.09212348000717,24.833809751878846,Sp0611+6818
-0.5,None,-24.048774415075545,-53.5965514458028,-26.110811179126912,-51.997847697516384,-24.048774415075545,Sp0611-5109
-0.5,None,15.066568512547324,-14.776846235446076,12.664016257357995,-13.56079009830404,15.066568512547324,Sp0614+3833
-0.5,None,17.956930510118607,-8.888056321320452,15.776187251986032,-7.824943404871354,17.956930510118607,Sp0614+4536
-0.5,None,-12.148580217860315,-55.385118224419706,-15.025219478534268,-52.95789786802998,-12.148580217860315,Sp0614-2019
-0.5,None,-2.8837427076430604,-45.60076844532292,-5.875815585709648,-43.49607913464563,-2.8837427076430604,Sp0615-0100
-0.5,None,19.7963756757692,-5.537938808529124,17.759684774505942,-4.573685211225865,19.7963756757692,Sp0616+4946
-0.5,None,22.36487692457473,1.0514168655883502,20.640441343716912,1.8507241920771826,22.36487692457473,Sp0616+5729
-0.5,None,-21.750862105586204,-56.23244459652543,-24.00184950882915,-54.397516350438096,-21.750862105586204,Sp0616-4557
-0.5,None,-23.321514066029568,-53.965444440453446,-25.30117020715347,-52.478410102374745,-23.321514066029568,Sp0619-5249
-0.5,None,6.455484778618893,-34.22058315774744,3.570119215456086,-32.55266985995141,6.455484778618893,Sp0621+1555
-0.5,None,-8.340426769321544,-55.38578786181684,-11.259023129982328,-53.010542499345114,-8.340426769321544,Sp0622-1548
-0.5,None,-11.277416413829167,-57.79044364876874,-14.114046442051192,-55.35855771597979,-11.277416413829167,Sp0622-2211
-0.5,None,11.576586624860937,-25.83116672663797,8.858074629479162,-24.413224873221296,11.576586624860937,Sp0623+2631
-0.5,None,21.484310404046084,-4.532706872643278,19.501692799626873,-3.6446268603193417,21.484310404046084,Sp0623+5137
-0.5,None,-26.627958291529758,-44.722686626004915,-27.85177264960484,-43.98555151142917,-26.627958291529758,Sp0623-6838
-0.5,None,12.545178986853486,-24.526678771506226,9.859498190195042,-23.15384629972073,12.545178986853486,Sp0624+2815
-0.5,None,25.666350801228035,8.238556219199413,24.346743883643466,8.810572488342718,25.666350801228035,Sp0624+6626
-0.5,None,-20.125550847928174,-57.85762986653663,-22.379168647626592,-56.01840207365632,-20.125550847928174,Sp0624-4521
-0.5,None,-5.352830409538684,-53.28702653015421,-8.313598004346236,-51.01010742893222,-5.352830409538684,Sp0625-1034
-0.5,None,0.27181669229775124,-46.40796624001454,-2.720000623755088,-44.40094996081473,0.27181669229775124,Sp0626+0041
-0.5,None,15.828085442347174,-19.187673515889962,13.293038093141694,-17.973701632473773,15.828085442347174,Sp0626+3454
-0.5,None,23.60279257330795,-0.252605879058056,21.82911020301676,0.508955557417,23.60279257330795,Sp0627+5651
-0.5,None,-8.075180520131724,-58.22071565068726,-10.949287559504006,-55.81915050883128,-8.075180520131724,Sp0630-1840
-0.5,None,-27.370948545018845,-39.04638749774661,-28.14676717734307,-38.63687386881402,-27.370948545018845,Sp0630-7643
-0.5,None,28.353966214409983,22.343697250267006,27.94438930810039,22.516617867797304,28.353966214409983,Sp0632+8305
-0.5,None,-3.6435013722104204,-54.461054684794455,-6.6009256253987925,-52.217942278533805,-3.6435013722104204,Sp0632-1009
-0.5,None,-20.59163273496748,-56.99710228683772,-22.652423896872023,-55.42821878518111,-20.59163273496748,Sp0632-5010
-0.5,None,12.886089669634014,-29.156576250539153,10.10085658973847,-27.770868627853147,12.886089669634014,Sp0634+2413
-0.5,None,-0.010202295940775421,-51.296072855794954,-2.996310812766023,-49.220112403014525,-0.010202295940775421,Sp0635-0403
-0.5,None,-8.319298860480153,-62.26229241925586,-11.094080226251961,-59.82940704943632,-8.319298860480153,Sp0640-2352
-0.5,None,-16.638547852002333,-61.33151684882401,-18.920881221841135,-59.4458404156926,-16.638547852002333,Sp0641-4322
-0.5,None,-24.528426022294987,-47.062387114037946,-25.8119637538796,-46.33857618238961,-24.528426022294987,Sp0642-6707
-0.5,None,11.303227955260207,-36.72366177166521,8.393585993636862,-35.23153506204398,11.303227955260207,Sp0643+1631
-0.5,None,2.56621483963034,-51.6120087230743,-0.42153235852658993,-49.63169460348379,2.56621483963034,Sp0643-0223
-0.5,None,-5.324268830921698,-61.106792515715085,-8.175440226351308,-58.72316171964987,-5.324268830921698,Sp0643-1843
-0.5,None,28.282643955204463,12.396641768247417,27.244351146050615,12.785815221088699,28.282643955204463,Sp0644+7206
-0.5,None,-9.772028988549733,-64.02112243462605,-12.443904491527622,-61.61369351774223,-9.772028988549733,Sp0644-2841
-0.5,None,-27.843494169591853,-33.06479219439781,-28.173997177743296,-32.91439643836574,-27.843494169591853,Sp0644-8422
-0.5,None,-6.092852117946006,-63.02286573943984,-8.889746524938039,-60.60399720922292,-6.092852117946006,Sp0646-2150
-0.5,None,-23.505295262186426,-48.61430650777859,-24.855335632743653,-47.85887471499473,-23.505295262186426,Sp0648-6537
-0.5,None,24.59179850842199,-10.611840752907035,22.38076102695622,-9.803019059037588,24.59179850842199,Sp0652+4710
-0.5,None,-2.11461797486218,-62.00201787368623,-4.982905435137087,-59.69049869221746,-2.11461797486218,Sp0652-1614
-0.5,None,-6.728970353964655,-65.29986742214945,-9.44584245027308,-62.86659242050364,-6.728970353964655,Sp0652-2534
-0.5,None,29.058238842111038,22.204929950167944,28.660857194912637,22.344688564767402,29.058238842111038,Sp0655+8318
-0.5,None,16.497510298621393,-33.40730894077696,13.641432410214843,-32.152017990866234,16.497510298621393,Sp0656+2211
-0.5,None,28.965729720237828,8.87502864168322,27.734831204765342,9.291389226468867,28.965729720237828,Sp0656+6841
-0.5,None,15.234577349925212,-38.14541459244439,12.311717617349334,-36.81682007080662,15.234577349925212,Sp0659+1717
-0.5,None,16.010809407574445,-36.281581141213266,13.11176466314802,-34.99443829066222,16.010809407574445,Sp0659+1920
-0.5,None,21.20970101048748,-25.107115271362364,18.528177422567957,-24.083606102468618,21.20970101048748,Sp0700+3157
-0.5,None,-20.47296937982134,-53.168776915348516,-22.013681419419893,-52.30108612350076,-20.47296937982134,Sp0702-6102
-0.5,None,11.372037957917136,-47.198914970262294,8.382952673368877,-45.650583611356296,11.372037957917136,Sp0703+0711
-0.5,None,26.227159522615512,-11.939086748944963,23.972615852931607,-11.18909685135087,26.227159522615512,Sp0703+4632
-0.5,None,-5.63031649704081,-68.11459063798647,-8.274038335500817,-65.69075172952984,-5.63031649704081,Sp0703-2748
-0.5,None,-7.799115691740196,-68.2216241731054,-10.339386661394752,-65.88903534700684,-7.799115691740196,Sp0703-3216
-0.5,None,-20.5803260037636,-52.81482968862162,-22.09576122541579,-51.97395041650253,-20.5803260037636,Sp0703-6134
-0.5,None,9.77433268449816,-50.92476804449948,6.782119796328483,-49.275231443057564,9.77433268449816,Sp0704+0258
-0.5,None,21.43125010185543,-26.61006207802607,18.713862090119118,-25.590845229057155,21.43125010185543,Sp0704+3038
-0.5,None,26.817632290876787,-10.964737085040152,24.603607878171946,-10.245696356947217,26.817632290876787,Sp0705+4742
-0.5,None,18.81096836182051,-34.13237097901185,15.944843922791902,-32.976831013260465,18.81096836182051,Sp0706+2234
-0.5,None,24.66399465386245,-19.150951760113767,22.15426917768271,-18.297043888147076,24.66399465386245,Sp0706+3858
-0.5,None,-4.756368638092739,-69.04986673330643,-7.390664758033126,-66.62406943385648,-4.756368638092739,Sp0707-2742
-0.5,None,-14.853374289844089,-62.38319439124094,-16.870182526107026,-60.953584524460695,-14.853374289844089,Sp0707-4900
-0.5,None,-24.44563695398719,-42.23856437879087,-25.31349090074157,-41.87363443865168,-24.44563695398719,Sp0710-7431
-0.5,None,26.77990412224078,-15.267170128643269,24.40473514193106,-14.520903962595469,26.77990412224078,Sp0711+4329
-0.5,None,-5.236768926095642,-69.97103590346579,-7.8091221383631355,-67.57949718049561,-5.236768926095642,Sp0711-3001
-0.5,None,-9.408652200329527,-68.38357903438684,-11.761670146387466,-66.34199735809717,-9.408652200329527,Sp0711-3824
-0.5,None,28.115875577579956,-11.608655206171687,25.882430929056188,-10.939718987787664,28.115875577579956,Sp0713+4732
-0.5,None,25.508987212523422,-21.493835265440847,22.93012885218811,-20.66658291953741,25.508987212523422,Sp0714+3702
-0.5,None,4.940562583545509,-63.87031415305149,2.0552955916810762,-61.82488824281602,4.940562583545509,Sp0715-1145
-0.5,None,-20.918211342902733,-50.122505628837615,-22.21659883905156,-49.51106410532054,-20.918211342902733,Sp0715-6544
-0.5,None,7.778737631562469,-60.257629642361394,4.840438558817407,-58.41858528802351,7.778737631562469,Sp0716-0630
-0.5,None,6.179960538294051,-63.037897969084305,3.278299259996533,-61.07291713393967,6.179960538294051,Sp0717-1004
-0.5,None,-14.033385402182798,-62.45786620070831,-15.948800822642582,-61.22543816462486,-14.033385402182798,Sp0719-5051
-0.5,None,7.336016860905606,-62.49354103821183,4.423911233242541,-60.6014342120061,7.336016860905606,Sp0720-0846
-0.5,None,20.908344634618125,-38.3042716039426,17.984638744153813,-37.240006978348696,20.908344634618125,Sp0721+1937
-0.5,None,26.96613390176743,-21.820034569279223,24.37943732267904,-21.054539198121876,26.96613390176743,Sp0721+3714
-0.5,None,-3.79698499796562,-72.23780176302596,-6.31219260704155,-69.87545532819767,-3.79698499796562,Sp0721-3105
-0.5,None,13.445578203031852,-53.475539290467744,10.458089726670474,-52.00405503538456,13.445578203031852,Sp0722+0243
-0.5,None,31.10841414027629,-2.704199914302284,29.288461166042964,-2.233722676153062,31.10841414027629,Sp0723+5727
-0.5,None,5.1276856305103795,-67.24674755471317,2.296291994444364,-65.14944168541956,5.1276856305103795,Sp0723-1439
-0.5,None,4.120310049977267,-68.08093311798183,1.3113328470583194,-65.9110114528887,4.120310049977267,Sp0723-1616
-0.5,None,-4.517143531546918,-72.37470408847066,-6.973953052704851,-70.09428750710137,-4.517143531546918,Sp0723-3309
-0.5,None,-25.619739799098813,-37.329807579553034,-26.16824695108942,-37.1393565667765,-25.619739799098813,Sp0723-8015
-0.5,None,31.84389356206811,2.5025252025476776,30.30150206980602,2.88208797179087,31.84389356206811,Sp0726+6302
-0.5,None,31.288222035309428,14.77147381614614,30.463031719686487,14.974038089512117,31.288222035309428,Sp0729+7554
-0.5,None,0.23981378270483517,-73.63492465213521,-2.36642582733688,-71.20328875095919,0.23981378270483517,Sp0729-2608
-0.5,None,-8.668138330856717,-69.11876697098575,-10.823481958657043,-67.49113412607866,-8.668138330856717,Sp0729-4258
-0.5,None,21.32773983918541,-42.58356335173336,18.36240390870418,-41.542672073559096,21.32773983918541,Sp0730+1553
-0.5,None,12.16098726920406,-60.0237512793941,9.215123993775013,-58.44741004781467,12.16098726920406,Sp0730-0339
-0.5,None,15.561869716895037,-54.553050776486664,12.578270078180143,-53.20165856687498,15.561869716895037,Sp0731+0249
-0.5,None,28.28820876061488,-25.15392625094227,25.609767884645745,-24.439188227278837,28.28820876061488,Sp0732+3427
-0.5,None,32.31248877556794,-2.580268277814272,30.510188539000502,-2.1625774573196344,32.31248877556794,Sp0732+5755
-0.5,None,4.202758332029485,-72.34338254211025,1.4868746623894826,-70.07702292557329,4.202758332029485,Sp0733-2010
-0.5,None,-8.210828708299124,-69.42425677297477,-10.332887136361215,-67.88049498585205,-8.210828708299124,Sp0734-4330
-0.5,None,32.78053848358055,0.8952713923267105,31.16355461425044,1.2540277734874827,32.78053848358055,Sp0735+6137
-0.5,None,25.59122772936063,-36.17809179160433,22.692241573240384,-35.340608566843166,25.59122772936063,Sp0737+2313
-0.5,None,2.1719735234640045,-75.26739015257786,-0.42484621133788514,-72.84758752434756,2.1719735234640045,Sp0737-2526
-0.5,None,-10.60786662084893,-65.53540538361305,-12.512151666332393,-64.42061394225362,-10.60786662084893,Sp0739-4926
-0.5,None,22.977042919143972,-44.15895666466392,20.00029664947091,-43.20962555744297,22.977042919143972,Sp0740+1502
-0.5,None,7.028201815324347,-72.04517315017299,4.27999253875461,-69.96408311721073,7.028201815324347,Sp0740-1724
-0.5,None,19.151213921266624,-53.2071816284822,16.163368381379737,-52.07279715006308,19.151213921266624,Sp0741+0531
-0.5,None,24.298658262415444,-41.77236111796947,21.337840183913084,-40.884862385184675,24.298658262415444,Sp0741+1738
-0.5,None,14.262767614571345,-61.68415224189417,11.333298594089353,-60.24261985526532,14.262767614571345,Sp0741-0359
-0.5,None,12.855506461057029,-64.46632037520094,9.960149758863015,-62.916235347830245,12.855506461057029,Sp0741-0706
-0.5,None,1.529578997489266,-77.03882453582479,-0.9748674030493533,-74.6157190399453,1.529578997489266,Sp0743-2836
-0.5,None,-9.087856646843276,-67.10922073933456,-11.011605213966014,-66.00412994542556,-9.087856646843276,Sp0745-4815
-0.5,None,26.447896459810014,-39.90641705969852,23.50218205245553,-39.124362185251414,26.447896459810014,Sp0746+2000
-0.5,None,19.04289639103318,-56.62936936607977,16.0717805176764,-55.505234867730856,19.04289639103318,Sp0748+0228
-0.5,None,34.65715874106318,0.36217892662589435,33.03491351575758,0.6456484905857922,34.65715874106318,Sp0750+6131
-0.5,None,4.653065875675694,-78.21794619389797,2.1021107266314885,-75.81360841687147,4.653065875675694,Sp0751-2530
-0.5,None,26.17838519446156,-43.93554142752768,23.20056104960753,-43.16191703315022,26.17838519446156,Sp0752+1612
-0.5,None,23.334370350433566,-51.04777052725851,20.34268981002616,-50.161781148396514,23.334370350433566,Sp0753+0854
-0.5,None,26.487452473277614,-44.18671600261237,23.507927696569055,-43.43234551216546,26.487452473277614,Sp0754+1603
-0.5,None,6.25215299692039,-78.62111825155995,3.6833550769161265,-76.28728057761832,6.25215299692039,Sp0755-2404
-0.5,None,-0.6001053117998985,-77.37116732084843,-2.8428256455168937,-75.54640697736257,-0.6001053117998985,Sp0757-3635
-0.5,None,13.190799026375409,-71.51485103006955,10.413104328771047,-69.96983485470825,13.190799026375409,Sp0758-1252
-0.5,None,-2.3402506928487146,-75.29214747936963,-4.487489956959512,-73.77911381514987,-2.3402506928487146,Sp0758-3945
-0.5,None,21.95551910259313,-56.71517992124052,18.988289993623123,-55.79605697156584,21.95551910259313,Sp0759+0323
-0.5,None,36.1851604674591,-6.091747349002051,34.242158622329285,-5.807174769626669,36.1851604674591,Sp0800+5511
-0.5,None,36.27599463587445,-4.919300905818289,34.392461970799445,-4.649247760503387,36.27599463587445,Sp0801+5624
-0.5,None,22.54125654466017,-56.990463260799544,19.577092065570906,-56.117740258514914,22.54125654466017,Sp0802+0319
-0.5,None,25.292797862479226,-52.139894617860534,22.304736629318732,-51.39369297951642,25.292797862479226,Sp0803+0827
-0.5,None,22.21391826290081,-58.53325444046826,19.26258631165266,-57.65853386421146,22.21391826290081,Sp0804+0151
-0.5,None,23.04354494124942,-56.94405097612959,20.07992446137667,-56.10787274070056,23.04354494124942,Sp0804+0330
-0.5,None,36.19716549736505,0.45364979949750467,34.60001684065023,0.6686255962132999,36.19716549736505,Sp0804+6153
-0.5,None,23.794360017203477,-56.31168084318419,20.82719824825184,-55.52136560888285,23.794360017203477,Sp0805+0417
-0.5,None,36.8508327726404,-13.11315403982496,34.58893148111745,-12.809274274738485,36.8508327726404,Sp0805+4812
-0.5,None,17.071215606584133,-68.53350108055099,14.244397101643212,-67.36005745854375,17.071215606584133,Sp0805-0835
-0.5,None,3.3621891583819785,-81.06041413706903,1.022614765710123,-78.84803251657799,3.3621891583819785,Sp0805-3158
-0.5,None,5.563500291370176,-82.0148495967162,3.1438012785159444,-79.59101625553582,5.563500291370176,Sp0806-2839
-0.5,None,34.76749999026406,-28.97908268680665,31.986005229396643,-28.567494076973666,34.76749999026406,Sp0807+3213
-0.5,None,4.3722164608729885,-81.87290166458165,2.015056186237819,-79.58026175105557,4.3722164608729885,Sp0807-3056
-0.5,None,34.82365053178456,-29.263409475504304,32.035467039907175,-28.855515595684064,34.82365053178456,Sp0808+3157
-0.5,None,0.8548061426733541,-78.55006216005181,-1.3177125964146426,-77.0153300553732,0.8548061426733541,Sp0809-3720
-0.5,None,24.396287003182064,-57.45333196032562,21.440078604616808,-56.728882260528636,24.396287003182064,Sp0810+0324
-0.5,None,29.48682306116473,-46.74707024180028,26.49540300043072,-46.19724989889448,29.48682306116473,Sp0810+1420
-0.5,None,-1.4501127050046478,-75.36923814063648,-3.503313482402356,-74.21605836223137,-1.4501127050046478,Sp0810-4115
-0.5,None,31.363808934404222,-42.24113858869333,28.390458240252467,-41.74672525158396,31.363808934404222,Sp0811+1855
-0.5,None,3.6196334626660054,-81.59925855343651,1.3467326396733574,-79.63131330705521,3.6196334626660054,Sp0811-3324
-0.5,None,9.001373198067652,-82.40654437270263,6.510816181435591,-80.1465412039746,9.001373198067652,Sp0812-2444
-0.5,None,-7.927868187264948,-65.07676884940084,-9.597018278343027,-64.54463333772237,-7.927868187264948,Sp0813-5232
-0.5,None,2.4716163076876634,-80.20871002189081,0.2848103440882517,-78.65030107938506,2.4716163076876634,Sp0814-3602
-0.5,None,19.023918655847037,-69.50829748285727,16.22437378744586,-68.56410343994138,19.023918655847037,Sp0815-0843
-0.5,None,34.711236481483304,-37.89865301042568,31.771979650731282,-37.543846020821995,34.711236481483304,Sp0818+2333
-0.5,None,32.494542194724815,-44.45730947987543,29.507404929495653,-44.058997600210525,32.494542194724815,Sp0819+1658
-0.5,None,21.999888879141288,-65.98656080110977,19.15063278417046,-65.26163556609617,21.999888879141288,Sp0819-0450
-0.5,None,21.848709081403957,-66.34830264837689,19.00515349628657,-65.61922978339176,21.848709081403957,Sp0819-0511
-0.5,None,16.7920924811772,-74.53219435646776,14.090897180879098,-73.4484305133024,16.7920924811772,Sp0819-1345
-0.5,None,39.50922791319482,-16.090185759123987,37.129394649761856,-15.890789385600074,39.50922791319482,Sp0821+4532
-0.5,None,30.652891875950555,-50.92780197664462,27.66603944189046,-50.5290340722316,30.652891875950555,Sp0823+1034
-0.5,None,36.05281234481207,-37.099161235851945,33.11970833697341,-36.808633845611546,36.05281234481207,Sp0823+2428
-0.5,None,38.50128270490493,-0.26514979699439695,36.894246331743055,-0.14237418361654053,38.50128270490493,Sp0823+6125
-0.5,None,35.312201248671705,-40.33627276268297,32.346052271754,-40.04437170700299,35.312201248671705,Sp0825+2115
-0.5,None,14.065275268174176,-81.21590897985108,11.525281982481776,-79.84858353144796,14.065275268174176,Sp0825-2021
-0.5,None,7.6856267148754265,-85.64105996741225,5.402002335131037,-83.50982860808142,7.6856267148754265,Sp0826-3040
-0.5,None,40.458928234554804,-16.65842707503064,38.05680879604929,-16.499475273329733,40.458928234554804,Sp0827+4502
-0.5,None,-6.137652503568422,-65.76478694163819,-7.75992447232539,-65.42704478409802,-6.137652503568422,Sp0827-5216
-0.5,None,38.28436222772172,-32.78834377511655,35.41162590102298,-32.57314007004778,38.28436222772172,Sp0828+2853
-0.5,None,19.011127995295205,-74.58051343357482,16.330232422769317,-73.83818281685333,19.011127995295205,Sp0828-1309
-0.5,None,17.833090888506195,-76.49258812811364,15.191696666682553,-75.6597288437257,17.833090888506195,Sp0828-1506
-0.5,None,33.72206670374542,-46.71399949575065,30.729236017482748,-46.433244438006184,33.72206670374542,Sp0829+1456
-0.5,None,38.03292913978348,-34.91492700418343,35.124532177732945,-34.70692795370178,38.03292913978348,Sp0829+2646
-0.5,None,25.247373999112007,-64.23653051057998,22.38942487597371,-63.78871160250374,25.247373999112007,Sp0829-0238
-0.5,None,31.778722812770944,-51.87792961693136,28.798754739863696,-51.58363734215555,31.778722812770944,Sp0830+0947
-0.5,None,26.38676463544619,-62.46204890853134,23.505650779432216,-62.05741728236679,26.38676463544619,Sp0830-0050
-0.5,None,32.37677518699974,-51.26313761428068,29.394581470551195,-50.99641601019089,32.37677518699974,Sp0831+1025
-0.5,None,11.861021104148527,-86.3903264985134,9.471556619219282,-84.40992797779994,11.861021104148527,Sp0831-2535
-0.5,None,26.418177820816094,-63.13634057930938,23.549460520259014,-62.76370840841314,26.418177820816094,Sp0832-0128
-0.5,None,26.453973747477683,-63.24625522667694,23.58761793567615,-62.88227980136626,26.453973747477683,Sp0832-0134
-0.5,None,40.87608865025963,-24.635468622299555,38.19206869062859,-24.49860273891091,40.87608865025963,Sp0833+3706
-0.5,None,-5.3386449411507915,-65.87137862484516,-6.930296802372309,-65.64173654255096,-5.3386449411507915,Sp0833-5217
-0.5,None,-6.241424663889507,-64.5510758283155,-7.78895458942945,-64.33475263576464,-6.241424663889507,Sp0833-5336
-0.5,None,33.16305030653608,-51.2465598654471,30.18262247588513,-51.037317876813695,33.16305030653608,Sp0835+1029
-0.5,None,23.287266428724298,-70.03550073992002,20.53861113586748,-69.65789766766488,23.287266428724298,Sp0835-0819
-0.5,None,7.932133677647176,-85.18175427811693,5.755850321775992,-84.05505086903953,7.932133677647176,Sp0836-3250
-0.5,None,-9.308993437184194,-59.27260276733323,-10.650362313310378,-59.158962349730615,-9.308993437184194,Sp0838-5856
-0.5,None,37.59703552063706,-43.3730918414757,34.607775905550184,-43.270279534558895,37.59703552063706,Sp0840+1824
-0.5,None,42.711681904878645,-13.313945568909492,40.456588860120064,-13.264752863975913,42.711681904878645,Sp0840+4827
-0.5,None,41.122467479538976,-2.5903625321453574,39.4148554361399,-2.554903359812899,41.122467479538976,Sp0840+5911
-0.5,None,42.36191453103373,-25.584065915603,39.64429581345562,-25.52102206759018,42.36191453103373,Sp0841+3611
-0.5,None,41.102954522942944,-2.277848377897312,39.413236691228946,-2.2450938403760548,41.102954522942944,Sp0841+5929
-0.5,None,34.90856632051548,-51.365643220061415,31.934325785816693,-51.29176038109951,34.90856632051548,Sp0843+1024
-0.5,None,32.166127757848116,-57.20161716335444,29.244182711192863,-57.12442375320837,32.166127757848116,Sp0844+0434
-0.5,None,11.470231504964794,-88.76837854982699,9.239956075486651,-87.59720793441923,11.470231504964794,Sp0844-2924
-0.5,None,21.14088789004265,-77.27734018798138,18.58451834270645,-77.24642421107383,21.14088789004265,Sp0847-1532
-0.5,None,18.202349017119847,-81.99932146549924,15.761425652847356,-82.00906629561811,18.202349017119847,Sp0848-2019
-0.5,None,-6.888152135332538,-61.26107593509805,-8.25508827050493,-61.26530291235224,-6.888152135332538,Sp0848-5656
-0.5,None,-21.64758175810876,-39.314068289210155,-22.16297123481557,-39.310472801028425,-21.64758175810876,Sp0848-7853
-0.5,None,32.04173335666727,-59.40489308468428,29.15728054090313,-59.425342304994885,32.04173335666727,Sp0849+0220
-0.5,None,43.59775175957382,-30.304452779532472,40.75202322520613,-30.336223513142166,43.59775175957382,Sp0850+3126
-0.5,None,29.129078827657604,-65.0259819890728,26.33597428629595,-65.07844805440989,29.129078827657604,Sp0850-0318
-0.5,None,19.106602064874544,-81.02998008679225,16.651815992987107,-81.15003007858282,19.106602064874544,Sp0850-1924
-0.5,None,-3.560355498561716,-65.71399349653652,-5.069474455320152,-65.75166200034674,-3.560355498561716,Sp0850-5227
-0.5,None,35.26762171227745,15.688733049213276,34.61335950583428,15.676232971200733,35.26762171227745,Sp0851+7727
-0.5,None,42.59548820599383,-36.04453887742425,39.652191309038,-36.09836968337709,42.59548820599383,Sp0852+2540
-0.5,None,29.7232524838312,-65.13714680333382,26.944054046986235,-65.27708305118523,29.7232524838312,Sp0853-0329
-0.5,None,16.18636842740645,-85.74489012547065,13.885216541706109,-86.56860821351499,16.18636842740645,Sp0853-2446
-0.5,None,27.094474305279142,-69.68253787344904,24.405591621253627,-69.868337075836,27.094474305279142,Sp0854-0805
-0.5,None,16.21138417164984,-85.79876165494305,13.931387580825529,-86.96036867698393,16.21138417164984,Sp0855-2512
-0.5,None,43.81128917107524,-4.567229792870673,42.019622616507,-4.627927707250251,43.81128917107524,Sp0857+5708
-0.5,None,37.00115901789458,-53.59506036007119,34.06456023896735,-53.783038364715395,37.00115901789458,Sp0858+0758
-0.5,None,39.039318951483565,-49.81005555979917,36.06965408440462,-49.99891702241761,39.039318951483565,Sp0859+1145
-0.5,None,41.89810288061115,1.9788439039323895,40.48105946016719,1.9206890851657603,41.89810288061115,Sp0859+6341
-0.5,None,43.17832517202981,-39.762051721409584,40.195983962833836,-39.92241695643864,43.17832517202981,Sp0900+2150
-0.5,None,-14.775669240397361,-48.448594218421285,-15.63393798642629,-48.5200980877717,-14.775669240397361,Sp0901-6940
-0.5,None,33.79277376008841,-60.851355669667235,30.968312883600582,-61.159494775494494,33.79277376008841,Sp0902+0033
-0.5,None,39.65151708149087,7.955448241059142,38.58287397260099,7.898669177757762,39.65151708149087,Sp0902+6939
-0.5,None,36.841273961093094,-55.745826742828854,33.941306122419725,-56.03471699501849,36.841273961093094,Sp0903+0540
-0.5,None,45.0513122488998,-5.2471074438768275,43.23283854513546,-5.3550151643018,45.0513122488998,Sp0905+5623
-0.5,None,30.601240613969043,-67.2833722521551,27.920198777071096,-67.78324227715008,30.601240613969043,Sp0906-0611
-0.5,None,11.972934839081447,-82.64570513000203,9.97734359662672,-84.0272371637212,11.972934839081447,Sp0906-3332
-0.5,None,11.04475030614577,-81.68061151037209,9.085624044029379,-82.85692099680482,11.04475030614577,Sp0906-3449
-0.5,None,10.36234642166609,-80.86992430268907,8.432292447309205,-81.92796254643723,10.36234642166609,Sp0906-3548
-0.5,None,5.05850843874792,-74.26716753078759,3.344761723219044,-74.81723873352593,5.05850843874792,Sp0907-4308
-0.5,None,39.353077139084554,-52.66023914065017,36.42434857027007,-53.00892268947359,39.353077139084554,Sp0908+0836
-0.5,None,42.41493528447901,-46.339405688294356,39.431772291246666,-46.64704995954529,42.41493528447901,Sp0908+1459
-0.5,None,46.90945504191938,-11.031555053725183,44.77990823598136,-11.176080523348912,46.90945504191938,Sp0908+5032
-0.5,None,44.50867442963158,-41.654287518559606,41.51627984804257,-41.94748549334796,44.50867442963158,Sp0909+1940
-0.5,None,38.07932184641593,12.353840219603473,37.274255527482346,12.280734282318388,38.07932184641593,Sp0911+7401
-0.5,None,46.67563601562655,-36.85336907320139,43.705112039748975,-37.153998736476204,46.67563601562655,Sp0912+2425
-0.5,None,31.070737594335725,-68.12337351241672,28.448741857781727,-68.83887099753983,31.070737594335725,Sp0913-0733
-0.5,None,-10.747579301921176,-52.63989148037613,-11.72272476189525,-52.8260092898703,-10.747579301921176,Sp0914-6514
-0.5,None,46.60418167679891,-39.461433106022064,43.615182238394766,-39.82389947847538,46.60418167679891,Sp0916+2139
-0.5,None,29.304139749023975,-71.32479422575932,26.78991794482279,-72.28359641555168,29.304139749023975,Sp0916-1121
-0.5,None,37.21013770570719,-60.1648738498936,34.44771270068827,-60.8457373407418,37.21013770570719,Sp0919+0016
-0.5,None,47.36138779661308,-39.09609562405642,44.372381837436166,-39.49512780101463,47.36138779661308,Sp0919+2154
-0.5,None,45.58761034788067,-1.1228672042043402,44.03281623583161,-1.3013753659884244,45.58761034788067,Sp0921+6017
-0.5,None,23.263190541612644,-78.7133698891094,21.020762972287844,-80.52436390596917,23.263190541612644,Sp0921-2104
-0.5,None,31.936489341232765,-68.52409534971127,29.389804555742828,-69.52211486140513,31.936489341232765,Sp0922-0852
-0.5,None,-21.4104578822532,-37.87523237647331,-21.816282132689633,-37.948724677930265,-21.4104578822532,Sp0922-8010
-0.5,None,48.73404776690607,-37.200717923763925,45.752402608589534,-37.63082246245531,48.73404776690607,Sp0923+2340
-0.5,None,22.148834776583342,-79.52845727550921,19.96904875243291,-81.59787600563914,22.148834776583342,Sp0923-2300
-0.5,None,18.93571541421222,-80.95278220824838,16.878585823841593,-83.3818953873229,18.93571541421222,Sp0923-2727
-0.5,None,-11.35721393621345,-50.77621850620223,-12.237225355345432,-51.00818635099366,-11.35721393621345,Sp0924-6655
-0.5,None,46.990033417866286,-43.52790817102579,44.005525206034854,-44.054973616281096,46.990033417866286,Sp0925+1704
-0.5,None,50.7910564337606,-30.740828766352884,47.8898224437838,-31.146794710710278,50.7910564337606,Sp0925+3007
-0.5,None,48.841832537642524,-8.06581375459898,46.890303285053065,-8.313319425260325,48.841832537642524,Sp0926+5309
-0.5,None,51.572488074524415,-18.48172185996427,49.074854672375615,-18.816392925769147,51.572488074524415,Sp0928+4230
-0.5,None,42.61692853094035,-54.31571386420999,39.79208802558438,-55.10621410010989,42.61692853094035,Sp0931+0528
-0.5,None,51.56079803603158,-32.548765951836444,48.61996197927098,-33.02947767200958,51.56079803603158,Sp0931+2802
-0.5,None,52.48251428690478,-24.134329709340058,49.75223266155622,-24.54025843298438,52.48251428690478,Sp0931+3638
-0.5,None,27.653297187794255,-74.36337259176412,25.374722128782345,-76.07025045224292,27.653297187794255,Sp0931-1717
-0.5,None,51.68858512176489,-33.48898381115796,48.7324515572276,-33.99721953442236,51.68858512176489,Sp0932+2659
-0.5,None,28.96290802557095,-73.04827005905042,26.667081516853525,-74.71630610504788,28.96290802557095,Sp0933-1602
-0.5,None,7.524341717763171,-71.32008196181786,5.988849517052202,-72.4198975948321,7.524341717763171,Sp0933-4353_1
-0.5,None,7.526820304722759,-71.31841536270443,5.991434324988268,-72.41861152229055,7.526820304722759,Sp0933-4353_2
-0.5,None,21.871961690157395,-77.77689225554627,19.87027527464361,-80.18746409258607,21.871961690157395,Sp0936-2609
-0.5,None,15.946305620889675,-77.13960410962169,14.152656575799405,-79.21897177772084,15.946305620889675,Sp0936-3346
-0.5,None,20.848371952377796,-77.64949649634123,18.90383921645679,-80.08277332493725,20.848371952377796,Sp0938-2748
-0.5,None,53.61306023342922,-30.492650323112606,50.69482066596742,-31.041347934178845,53.61306023342922,Sp0939+2935
-0.5,None,53.87765266154406,-20.677821940245277,51.27079755742318,-21.1236759460272,53.87765266154406,Sp0939+3950
-0.5,None,54.37076312716033,-26.97847293505424,51.53286662352459,-27.507049264387913,54.37076312716033,Sp0941+3315
-0.5,None,53.13388434621838,-35.9384571748681,50.14578730877104,-36.59549872314498,53.13388434621838,Sp0942+2351
-0.5,None,2.909717577383913,-64.73288084800166,1.6271727986186437,-65.59228675774482,2.909717577383913,Sp0942-5047
-0.5,None,40.154329280530696,-60.44739055126243,37.5631471348538,-61.65562430628272,40.154329280530696,Sp0943-0229
-0.5,None,12.926234966470295,-73.66657225742031,11.309952733561781,-75.36537199718194,12.926234966470295,Sp0943-3833
-0.5,None,45.13599405591279,4.601821896334194,43.96768038080599,4.354365688103748,45.13599405591279,Sp0944+6537
-0.5,None,18.737029255128512,-76.32715428212192,16.929785564774903,-78.63708785150166,18.737029255128512,Sp0944-3124
-0.5,None,44.07563395383735,-55.61611014884623,41.381561559830004,-56.74158478973838,44.07563395383735,Sp0947+0224
-0.5,None,55.7094165492176,-22.853475978768635,52.99887450551955,-23.398236665190588,55.7094165492176,Sp0947+3710
-0.5,None,42.25108657374763,-58.11380509597182,39.62383422112119,-59.31262350227853,42.25108657374763,Sp0947-0020
-0.5,None,47.776712603001016,-50.259254566129016,44.95765539203295,-51.26726297642747,47.776712603001016,Sp0949+0806
-0.5,None,-6.759823666559773,-53.20390376626019,-7.640625433765318,-53.69752566714626,-6.759823666559773,Sp0951-6317
-0.5,None,36.51471013526513,-65.4620068747236,34.17754174077785,-67.11045275664539,36.51471013526513,Sp0952-0955
-0.5,None,30.181743934191964,-70.8204942249949,28.13695531811062,-73.00332041579594,30.181743934191964,Sp0956-1910
-0.5,None,14.639925696527,-71.75233025425099,13.10411300122224,-73.62387279532925,14.639925696527,Sp0956-3811
-0.5,None,11.042097475916457,-69.27960829761261,9.626314812543814,-70.82014563782394,11.042097475916457,Sp0956-4234
-0.5,None,56.874186755565475,-32.4755559683273,53.89854929017343,-33.247346374782424,56.874186755565475,Sp0957+2627
-0.5,None,1.7998192451024742,-60.92394347664464,0.6938267046391259,-61.82893068902011,1.7998192451024742,Sp0958-5344
-0.5,None,55.645389352555135,-38.2536359800816,52.66313098141129,-39.15936581481711,55.645389352555135,Sp0959+2002
-0.5,None,37.894659799645915,-64.12160696629797,35.61264881175635,-65.8774174978557,37.894659799645915,Sp1000-0949
-0.5,None,57.97378909387602,-32.52991690978656,54.991273842894806,-33.365612591167526,57.97378909387602,Sp1002+2556
-0.5,None,47.76930716548534,3.37624323454055,46.577261122275594,3.030867013154757,47.76930716548534,Sp1002+6349
-0.5,None,44.722359765243525,-56.720602222318405,42.2099946585078,-58.17932121261322,44.722359765243525,Sp1003-0105
-0.5,None,35.94971107361824,-65.79185526658527,33.80327698750522,-67.76058713470859,35.94971107361824,Sp1004-1318
-0.5,None,19.446533978644275,-71.65622749818978,17.85589650107872,-73.89531833072947,19.446533978644275,Sp1004-3335
-0.5,None,37.02486947256928,-64.83019922400436,34.84678248918127,-66.74736003978333,37.02486947256928,Sp1005-1202
-0.5,None,33.408095234027975,-67.63100051862277,31.379671630605223,-69.78136578177984,33.408095234027975,Sp1006-1653
-0.5,None,60.20720350163073,-25.049755281697877,57.36647668034032,-25.831580754000342,60.20720350163073,Sp1009+3324
-0.5,None,58.307226148884915,-36.91627634501067,55.331470192900895,-37.943424244381006,58.307226148884915,Sp1011+2019
-0.5,None,59.19402779498768,-16.174356806131758,56.77833833899447,-16.837170091837653,59.19402779498768,Sp1011+4245
-0.5,None,22.62559031672873,-70.41150491138595,21.024505818195596,-72.77916999400647,22.62559031672873,Sp1012-3049
-0.5,None,61.0226067602842,-22.921108403664643,58.25106945133253,-23.710703891561455,61.0226067602842,Sp1013+3520
-0.5,None,-18.847628230304164,-38.517227172746914,-19.202169444576857,-38.734154979145,-18.847628230304164,Sp1013-7842
-0.5,None,61.39179593567133,-29.571869264971607,58.422551256937766,-30.51037943954816,61.39179593567133,Sp1016+2751
-0.5,None,52.92218889026419,-47.73573336730687,50.24959647619966,-49.119802560445414,52.92218889026419,Sp1017+0719
-0.5,None,24.816559318499603,-68.90316623961651,23.232502442262504,-71.31130120891264,24.816559318499603,Sp1018-2909
-0.5,None,41.30751310864464,13.787383766240739,40.71544471522464,13.520581849286183,41.30751310864464,Sp1019+7419
-0.5,None,26.616152790912526,-68.59762932931238,24.982731048363956,-71.02914288480335,26.616152790912526,Sp1019-2707
-0.5,None,57.46895377650404,-7.909371987837815,55.60367877207364,-8.526899188485313,57.46895377650404,Sp1021+5055
-0.5,None,32.29335284379476,-66.35430436654151,30.50830548953772,-68.71374259841448,32.29335284379476,Sp1021-2044
-0.5,None,50.24765346122087,-51.48903033171642,47.773823685185505,-53.07514382265193,50.24765346122087,Sp1022+0200
-0.5,None,61.63000817579184,-16.814578482749443,59.16034484929759,-17.582689398089453,61.63000817579184,Sp1022+4114
-0.5,None,53.15240532476353,-0.8637363018934276,51.76303376953575,-1.3790399600523717,53.15240532476353,Sp1022+5825
-0.5,None,53.057809053804014,-48.404621103862304,50.50378317176862,-49.93348652132611,53.057809053804014,Sp1025+0512
-0.5,None,60.462951925008525,-38.411578325374975,57.58714336383322,-39.69893441701044,60.462951925008525,Sp1029+1626
-0.5,None,63.89672105144967,-30.19282479388108,60.905246057757914,-31.289754904080485,63.89672105144967,Sp1029+2546
-0.5,None,4.222375789921333,-57.71507439129958,3.320799369008439,-58.907771442128364,4.222375789921333,Sp1031-5338
-0.5,None,54.16836463521024,-47.55857724120143,51.67319407198772,-49.16203295675875,54.16836463521024,Sp1032+0501
-0.5,None,63.76179576562313,-16.713232871149152,61.279904614171194,-17.570795640307374,63.76179576562313,Sp1032+4027
-0.5,None,14.647211477267593,-63.818045746711526,13.493225335609946,-65.66876986751963,14.647211477267593,Sp1032-4208
-0.5,None,4.94250616068686,-58.04919016423436,4.032625491223022,-59.28715093938558,4.94250616068686,Sp1032-5255
-0.5,None,59.478974841933834,-40.804507520354385,56.71570875477655,-42.20872532626895,59.478974841933834,Sp1033+1303
-0.5,None,64.99336754457657,-30.157441897575854,62.00046427536307,-31.316803415271732,64.99336754457657,Sp1035+2507
-0.5,None,33.75519716389713,-63.46414261268311,32.114115084329505,-65.85688668855775,33.75519716389713,Sp1035-2058
-0.5,None,9.344812804055685,-60.42408701242028,8.353143161654224,-61.93642356364298,9.344812804055685,Sp1035-4816
-0.5,None,63.24007242898478,-35.05571220092383,60.31451852774546,-36.34174954267756,63.24007242898478,Sp1036+1923
-0.5,None,21.75556619343423,-64.89837482761324,20.47122508666203,-67.14436454913287,21.75556619343423,Sp1036-3441
-0.5,None,12.764185995213845,-62.02120456165673,11.702692316559164,-63.752234499712706,12.764185995213845,Sp1036-4437
-0.5,None,66.17452601153514,-25.48802902620684,63.23761238276086,-26.566065606050383,66.17452601153514,Sp1037+3011
-0.5,None,61.98595263150572,-38.13967720373388,59.1862040052616,-39.55362609381478,61.98595263150572,Sp1039+1512
-0.5,None,50.67328804432536,-51.26593312182211,48.472607754844645,-53.12146602401102,50.67328804432536,Sp1039-0121
-0.5,None,49.47508195851791,-52.23833261360096,47.37522759302259,-54.17718262469576,49.47508195851791,Sp1042-0323
-0.5,None,31.660421618737768,-62.87765011525333,30.18249105942772,-65.30971242894748,31.660421618737768,Sp1042-2416
-0.5,None,44.79609057406744,-55.923883871762065,42.89781819308592,-58.04351026866706,44.79609057406744,Sp1043-0912
-0.5,None,-2.018974716698409,-51.292563269789,-2.679490378320356,-52.20698326340419,-2.018974716698409,Sp1044-6112
-0.5,None,51.19292371287606,-50.5871738310195,49.07272788891499,-52.50346967431781,51.19292371287606,Sp1045-0149
-0.5,None,30.259055430308187,-62.72850225070898,28.854665693351098,-65.15997263347528,30.259055430308187,Sp1045-2607
-0.5,None,64.27713043378033,-11.82531808859594,62.14750370227504,-12.701811350655019,64.27713043378033,Sp1046+4441
-0.5,None,39.41273788519772,-58.876268715530536,37.76331475286525,-61.196354866439016,39.41273788519772,Sp1046-1602
-0.5,None,2.0269868335570655,-53.88894242786262,1.2957463831360738,-55.01379307409911,2.0269868335570655,Sp1046-5658
-0.5,None,40.72804361064837,16.251564388429674,40.309247973551,15.946678975518697,40.72804361064837,Sp1047+7613
-0.5,None,37.51007389570069,-59.75806063156522,35.92879847873057,-62.12526820669157,37.51007389570069,Sp1047-1815
-0.5,None,54.0997457734114,-47.83471244042485,51.90487902876517,-49.68977565295387,54.0997457734114,Sp1048+0111
-0.5,None,43.65217858581447,-56.15638074458722,41.88014864095041,-58.36389399744218,43.65217858581447,Sp1048-1120
-0.5,None,36.56687219688034,-60.05901919858739,35.025771320255785,-62.44735751329709,36.56687219688034,Sp1048-1925
-0.5,None,17.904408506381447,-61.68096559708925,16.839182637174723,-63.71257144890269,17.904408506381447,Sp1048-3956
-0.5,None,5.894201681149243,-56.1577096915996,5.092687361759447,-57.497516322182925,5.894201681149243,Sp1048-5254
-0.5,None,5.553374448676873,-55.82489388388131,4.76557708760142,-57.14775749742101,5.553374448676873,Sp1049-5319
-0.5,None,62.305665380586674,-7.56020661293211,60.526733152079,-8.382275685261652,62.305665380586674,Sp1050+4907
-0.5,None,13.113929005331437,-59.52716389947172,12.178206236067306,-61.289035670220024,13.113929005331437,Sp1050-4517
-0.5,None,57.43833342200358,-1.2428418007086093,56.12724279614963,-1.9395711397224311,57.43833342200358,Sp1051+5613
-0.5,None,9.9948404068968,-57.90688165124024,9.134154283167078,-59.48860308064997,9.9948404068968,Sp1051-4841
-0.5,None,23.161216588514442,-61.30314688493441,22.046137585563876,-63.562008447974044,23.161216588514442,Sp1054-3445
-0.5,None,4.69683318612084,-54.50962818148018,3.9681586977864476,-55.79940243370251,4.69683318612084,Sp1054-5431
-0.5,None,60.50386847690156,-41.47309435919743,58.103740101439136,-43.19781188839157,60.50386847690156,Sp1055+0808
-0.5,None,-13.48771230428214,-41.18612015519003,-13.841057340583463,-41.65432121758166,-13.48771230428214,Sp1055-7356
-0.5,None,59.79219475238951,-42.22019223677399,57.44876595117058,-43.9792678167032,59.79219475238951,Sp1056+0700
-0.5,None,40.92211984954472,-56.25121449763386,39.40940563995087,-58.59823905544142,40.92211984954472,Sp1058-1548
-0.5,None,36.110341123263275,-58.18994467036877,34.75049456019032,-60.611622023497425,36.110341123263275,Sp1059-2113
-0.5,None,62.90586988522185,-6.072641900601756,61.275437603277794,-6.934464431851192,62.90586988522185,Sp1100+4957
-0.5,None,50.916124819904155,7.159815527722168,50.14174090714457,6.589673568789486,50.916124819904155,Sp1101+6508
-0.5,None,69.3838420500512,-30.92338282727133,66.53104111876331,-32.42749060458351,69.3838420500512,Sp1104+1959
-0.5,None,-4.012726831375985,-47.52701417333198,-4.5038172243093095,-48.41163363165339,-4.012726831375985,Sp1104-6412
-0.5,None,67.7922408442943,-11.13983393872052,65.73028013461868,-12.159487776810254,67.7922408442943,Sp1105+4331
-0.5,None,59.37373997629386,-42.42677521525692,57.264377378141994,-44.32108388981294,59.37373997629386,Sp1106+0428
-0.5,None,61.311554257995546,-2.971200294279046,59.94766687378251,-3.80729624514386,61.311554257995546,Sp1106+5259
-0.5,None,67.95842976887788,-33.611688507045635,65.32591398099548,-35.24661430175443,67.95842976887788,Sp1108+1545
-0.5,None,42.95542927591526,-52.994160529244375,41.60198448360707,-55.3575201704382,42.95542927591526,Sp1112-1502
-0.5,None,67.85004243243722,-8.847006193705452,66.02161320743016,-9.882275706467182,67.85004243243722,Sp1114+4516
-0.5,None,74.34487428455806,-22.105512957493712,71.37262087835245,-23.49061777213382,74.34487428455806,Sp1115+2902
-0.5,None,34.37513189386087,-55.709806935860115,33.28128943832914,-58.14146101901605,34.37513189386087,Sp1115-2429
-0.5,None,-6.872862156301438,-44.530117370655134,-7.255140099631206,-45.31476155167375,-6.872862156301438,Sp1115-6731
-0.5,None,64.46945203959373,-37.324456775438854,62.37684602641502,-39.21053796192682,64.46945203959373,Sp1119+0820
-0.5,None,67.48892022112655,-7.131725187630427,65.84345037868945,-8.168363455989297,67.48892022112655,Sp1119+4641
-0.5,None,45.4950183094069,-50.11742318060421,44.23074926513449,-52.47175330672893,45.4950183094069,Sp1121-1313
-0.5,None,60.91381409734135,-40.108967156824406,59.084201318002336,-42.11702919013955,60.91381409734135,Sp1122+0343
-0.5,None,73.61306026410745,-13.984817684388801,71.23528451914373,-15.226670526921751,73.61306026410745,Sp1122+3755
-0.5,None,44.33364549391682,-50.57529271672023,43.11196805498393,-52.949366976448914,44.33364549391682,Sp1122-1431
-0.5,None,20.67514687367139,-55.290429122022324,19.92379215621937,-57.40916119393214,20.67514687367139,Sp1122-3916
-0.5,None,-4.791656737404074,-45.211736351519974,-5.168548431799577,-46.10701452754991,-4.791656737404074,Sp1122-6533
-0.5,None,53.117126492976574,-45.49430486437359,51.64558404113172,-47.70533203877796,53.117126492976574,Sp1123-0509
-0.5,None,73.73633488278918,-13.661109163733121,71.3915014042201,-14.906906612981377,73.73633488278918,Sp1124+3808
-0.5,None,17.917850484910435,-54.4920990497195,17.230618444131114,-56.49619645152031,17.917850484910435,Sp1124-4213
-0.5,None,32.62134067267795,-53.86371479954024,31.716584902998573,-56.274443312323925,32.62134067267795,Sp1126-2706
-0.5,None,53.37352089230112,7.530842803346154,52.74527933095606,6.83348260511223,53.37352089230112,Sp1127+6346
-0.5,None,59.830150885034186,-40.32852253692093,58.19513212674156,-42.41314002053777,59.830150885034186,Sp1128+0141
-0.5,None,42.16311085024723,-50.545376465594835,41.08633468835364,-52.956611554835575,42.16311085024723,Sp1128-1715
-0.5,None,66.89356101667931,-4.380563625844889,65.5570023142137,-5.428579229021715,66.89356101667931,Sp1130+4848
-0.5,None,2.7674399658823914,-48.480346166195616,2.335063398076992,-49.75587445228913,2.7674399658823914,Sp1130-5759
-0.5,None,-3.8171414359977733,-44.90885968076468,-4.1581463141267765,-45.87017604842647,-3.8171414359977733,Sp1131-6446
-0.5,None,68.27609146823465,-33.322030792484,66.29919405893509,-35.2341062269365,68.27609146823465,Sp1133+1039
-0.5,None,59.34282846942357,-39.84355382079508,57.89004701983443,-41.98671862605856,59.34282846942357,Sp1134+0022
-0.5,None,56.718541091359285,-41.62448628275488,55.35596295964453,-43.822325885800794,56.718541091359285,Sp1134-0224
-0.5,None,51.70155312355944,-44.28783522221089,50.54314475627027,-46.59298955776514,51.70155312355944,Sp1136-0755
-0.5,None,45.46062120081664,-47.166351534575305,44.484358304336574,-49.56323708405244,45.46062120081664,Sp1138-1432
-0.5,None,31.728970061070793,-51.51118971334951,31.003414956911026,-53.897104543780685,31.728970061070793,Sp1138-2842
-0.5,None,56.44826198450104,-41.020745738937975,55.21109767285482,-43.25170479058625,56.44826198450104,Sp1139-0310
-0.5,None,37.89568732530202,-49.38858682724045,37.11592414349454,-51.82078647324645,37.89568732530202,Sp1141-2232
-0.5,None,63.74464457223113,-35.68932013445398,62.33008716995274,-37.791844992702465,63.74464457223113,Sp1143+0413
-0.5,None,56.90176490261194,6.302728976013126,56.33162420112935,5.468260956134093,56.90176490261194,Sp1144+6043
-0.5,None,17.86654164611375,-50.775397853168364,17.379527973984885,-52.77096291619891,17.86654164611375,Sp1144-4302
-0.5,None,40.22232370990071,-47.834272481549924,39.464501652386815,-50.26759983737084,40.22232370990071,Sp1145-2021
-0.5,None,79.42100355074191,-13.736786534075803,76.94888736191962,-15.191026608492368,79.42100355074191,Sp1146+3431
-0.5,None,6.727279571231684,-47.70180781848476,6.377542516730138,-49.20243279165328,6.727279571231684,Sp1147-5424
-0.5,None,35.07312239871925,-48.69522329019609,34.439332142206055,-51.108211987588945,35.07312239871925,Sp1148-2544
-0.5,None,20.82813805141749,-50.001657851467904,20.366395821817786,-52.10442538635913,20.82813805141749,Sp1149-4012
-0.5,None,32.09034440376274,-48.995173825160236,31.517349075158695,-51.37294582277194,32.09034440376274,Sp1150-2850
-0.5,None,29.284575054524957,-49.576659471254814,28.736164039210188,-51.908244573909776,29.284575054524957,Sp1150-3139
-0.5,None,81.506401205268,-20.116954448374585,78.70240809335726,-21.827623813297,81.506401205268,Sp1152+2438
-0.5,None,43.98893879755807,17.031530204718187,43.78613071059507,16.529588498084813,43.98893879755807,Sp1152+7412
-0.5,None,67.21396321371829,-31.99874682942917,65.92893899809849,-34.08814961146856,67.21396321371829,Sp1153+0659
-0.5,None,62.09854786078912,-35.20831003729921,61.036589888466466,-37.40294574940077,62.09854786078912,Sp1154+0135
-0.5,None,66.41845697756202,-32.24382781402529,65.23155697340903,-34.361006772524604,66.41845697756202,Sp1155+0559
-0.5,None,38.61158852299098,-46.27626026454016,38.03341583680381,-48.70590936815743,38.61158852299098,Sp1155-2224
-0.5,None,23.712598242377396,-48.88743866215977,23.287530540645932,-51.07746805720247,23.712598242377396,Sp1155-3727
-0.5,None,12.557040022800718,-47.59338207258467,12.244324181379133,-49.37212927010154,12.557040022800718,Sp1157-4844
-0.5,None,74.07148040857152,-26.62876733165853,72.52966962637407,-28.598266064075546,74.07148040857152,Sp1158+1354
-0.5,None,77.15061829302404,-8.083693445611999,75.66472547018692,-9.482175624416401,77.15061829302404,Sp1158+3953
-0.5,None,42.09210728393271,-44.41008856568415,41.52326566657017,-46.84326572099981,42.09210728393271,Sp1158-1900
-0.5,None,35.377963595839404,-46.706213903038766,34.870825016416184,-49.11459739129378,35.377963595839404,Sp1158-2545
-0.5,None,61.78209943305275,-34.56585998011075,60.86453205135063,-36.788581996741755,61.78209943305275,Sp1159+0057
-0.5,None,80.48239389445655,-21.454220599405016,78.27390889832236,-23.28006555576261,80.48239389445655,Sp1159+2105
-0.5,None,8.566246554269684,-46.45693574001417,8.296130240813353,-48.060003409878206,8.566246554269684,Sp1159-5247
-0.5,None,80.34835475160499,-21.547078241318435,78.19429922278913,-23.381528131400934,80.34835475160499,Sp1200+2048
-0.5,None,82.96342122156523,-12.925204966791823,80.49879038062633,-14.498680086240599,82.96342122156523,Sp1201+3248
-0.5,None,76.60948455352151,-7.037294120629897,75.31001956485807,-8.430067360637505,76.60948455352151,Sp1201+4046
-0.5,None,48.89697893863871,-41.042765897952656,48.28557661109451,-43.44462754557344,48.89697893863871,Sp1201-1213
-0.5,None,33.62510295938656,-46.35977546234041,33.1864673897729,-48.7466826452931,33.62510295938656,Sp1201-2737
-0.5,None,31.725046865935365,-46.713825882016216,31.30604128093947,-49.074642028281225,31.725046865935365,Sp1201-2932
-0.5,None,75.50419038312222,-5.918464520994598,74.36245636378352,-7.287007946843955,75.50419038312222,Sp1202+4204
-0.5,None,54.603991496047044,-38.09404726140846,53.916352869093494,-40.43617240850648,54.603991496047044,Sp1202-0629
-0.5,None,61.319414617681986,-34.08670461266962,60.52845131865808,-36.33411004566897,61.319414617681986,Sp1203+0015
-0.5,None,83.88738243204666,-12.857718235411628,81.39118028288713,-14.461771482857088,83.88738243204666,Sp1204+3212
-0.5,None,33.376423059120754,-45.565617912636746,32.99551915902632,-47.94583123599283,33.376423059120754,Sp1205-2758
-0.5,None,21.792351110616845,-46.748929949084165,21.50516180825127,-48.873923983184774,21.792351110616845,Sp1206-3937
-0.5,None,21.125696433690667,-46.83958579689159,20.837891718532397,-48.94382494581698,21.125696433690667,Sp1206-4017
-0.5,None,42.99431705020404,18.539340542896134,42.875712642588304,18.040418722467393,42.99431705020404,Sp1207+7521
-0.5,None,42.06698860864854,19.181645712424483,41.957400693194614,18.711762020148104,42.06698860864854,Sp1207+7617
-0.5,None,21.878927869771246,-46.608393350226606,21.599025336949623,-48.73570177630803,21.878927869771246,Sp1207-3932
-0.5,None,66.91032126274412,-29.786919766887898,66.12548139298082,-31.95925303425136,66.91032126274412,Sp1209+0542
-0.5,None,72.17542092539948,-26.30068202055134,71.23322522066923,-28.37915576365546,72.17542092539948,Sp1210+1100
-0.5,None,65.41227874545564,-30.31940817490829,64.73379574690641,-32.52620277904334,65.41227874545564,Sp1211+0406
-0.5,None,48.33960357069477,-39.20787825841796,47.92737752162929,-41.624463273158575,48.33960357069477,Sp1211-1304
-0.5,None,79.05121505689871,-6.7433213652738075,78.02353181515284,-8.234900683627249,79.05121505689871,Sp1213+3900
-0.5,None,56.86717710710771,-34.82700868740023,56.38449236213251,-37.16530633658499,56.86717710710771,Sp1213-0432
-0.5,None,62.30275043590017,-31.30243772220688,61.81294076052128,-33.57340124947267,62.30275043590017,Sp1215+0050
-0.5,None,61.20133478941212,6.446723518653383,60.94703469944896,5.3973008224009025,61.20133478941212,Sp1216+5709
-0.5,None,62.081764926695314,-31.114484316652607,61.63921032249853,-33.39324335764025,62.081764926695314,Sp1217+0035
-0.5,None,55.684429159951414,-34.22471287583312,55.35224763684237,-36.588280557749655,55.684429159951414,Sp1218-0550
-0.5,None,84.96192274048262,-9.775794314417091,83.51257300655013,-11.432185710129025,84.96192274048262,Sp1220+3315
-0.5,None,64.50167466532739,-28.961271375834993,64.13988784397905,-31.21524237678864,64.50167466532739,Sp1221+0257
-0.5,None,70.48787041274205,-25.511701522417734,70.0133675455247,-27.666517511242642,70.48787041274205,Sp1221+0857
-0.5,None,15.753262188966152,-43.888390174420536,15.643582212419105,-45.806246304139464,15.753262188966152,Sp1221-4548
-0.5,None,52.59081072748021,-34.70541283282412,52.38735787640729,-37.1043140140323,52.59081072748021,Sp1223-0858
-0.5,None,33.60754325236916,-41.65728536519547,33.47585768992539,-44.025667161238246,33.60754325236916,Sp1223-2757
-0.5,None,48.92990465204614,-36.15329280400914,48.76339807626893,-38.57573180149648,48.92990465204614,Sp1224-1238
-0.5,None,47.52880289275388,-36.55012793483594,47.385159256179506,-38.978452732606065,47.52880289275388,Sp1225-1402
-0.5,None,37.30657882600826,-39.68432679581626,37.23098168835629,-42.08881201564193,37.30657882600826,Sp1228-2415
-0.5,None,69.44202895888908,-24.428648659616883,69.3047326177654,-26.629007480659688,69.44956240743677,Sp1229+0752
-0.5,None,86.79221451321202,-12.995202909192983,86.56470734840872,-14.875522059165231,87.04929754604927,Sp1232+2528
-0.5,None,51.68812871161723,-33.27741215227975,51.66385793031648,-35.68998922747037,51.712005460492456,Sp1232-0951
-0.5,None,-7.366410311300825,-37.72456289204518,-7.371330009704589,-38.64309503749003,-7.360718586991546,Sp1232-6856
-0.5,None,11.225867763695295,-41.72302915528668,11.222436287295958,-43.47328142682661,11.238051122749033,Sp1233-5020
-0.5,None,74.74874197294432,-20.103091082733638,74.83533814675722,-22.229441365044025,74.87659018461723,Sp1235+1318
-0.5,None,82.34339852952431,-14.95244618897323,82.66975821801454,-16.9392518610917,82.70796862295992,Sp1237+2107
-0.5,None,65.5588027805658,-24.492516231013255,65.75748731744032,-26.77425407562381,65.7533741586059,Sp1239+0410
-0.5,None,63.06054315530013,7.553866343344829,63.15716593268093,6.367814591702867,63.15439015756581,Sp1239+5515
-0.5,None,34.51858644011977,-38.04210154639284,34.60551686144375,-40.411486947184706,34.60356193216214,Sp1239-2658
-0.5,None,-11.529489478224281,-35.695881100817545,-11.504672893114968,-36.433543395662184,-11.504907634763486,Sp1239-7304
-0.5,None,29.582707343360745,-38.75927553934644,29.690757768815754,-41.05272962202942,29.69212584563812,Sp1241-3152
-0.5,None,4.123890579995467,-39.13331731882017,4.207802400037564,-40.59953002106702,4.2143788969236216,Sp1245-5721
-0.5,None,68.19488688955312,-21.5419860439724,68.64077982727113,-23.7981802948815,68.68531630565879,Sp1246+0706
-0.5,None,84.48594226428902,-6.508225261656022,86.33371081176251,-8.311066745383545,86.61598515469333,Sp1246+3148
-0.5,None,77.28048240788134,-1.0299769115013309,77.89205074159882,-2.6318371267291893,77.96424871785351,Sp1246+4027
-0.5,None,29.73233028835911,-37.76110815619706,29.899376603389552,-40.054838206688245,29.91794508920574,Sp1246-3139
-0.5,None,78.59937024717621,-1.850933707339292,79.34719036939279,-3.4921529331966608,79.45347558251872,Sp1247+3857
-0.5,None,65.12887908555415,7.229354002790871,65.43141379560625,5.942151749151113,65.48789873756385,Sp1249+5255
-0.5,None,35.00210480265744,-35.73134341425878,35.23157105625131,-38.10104755040973,35.2743759713174,Sp1249-2617
-0.5,None,59.23730333335221,-25.49766262736923,59.663915821525606,-27.867321458706787,59.75337760431471,Sp1250-0149
-0.5,None,39.880765722941916,-33.839875167620924,40.15709005010944,-36.25272022126346,40.222910846469624,Sp1250-2121
-0.5,None,71.42283031412504,3.36873514796638,71.94072123349314,1.8964743771347148,72.07665239436653,Sp1251+4620
-0.5,None,22.554419809888977,-38.05498420405834,22.753779526618626,-40.18819107168282,22.80590145125213,Sp1251-3846
-0.5,None,63.72405876500221,-22.567129472830626,64.28549055824219,-24.891389487049075,64.44699417306529,Sp1252+0252
-0.5,None,29.442094733753848,-36.58903886512225,29.682818751250828,-38.87477304049512,29.75164325764557,Sp1252-3149
-0.5,None,76.69272213139787,-0.009586614476005437,77.5674849829537,-1.6336400951003447,77.8469644308366,Sp1253+4034
-0.5,None,4.23380840321212,-38.10110172755458,4.37401485331888,-39.582840939901914,4.4178420304425225,Sp1253-5709
-0.5,None,59.44001346494751,-24.242300215765805,59.99359401160694,-26.614445719228137,60.196024770421666,Sp1254-0122
-0.5,None,1.9038578177558294,-37.56056909088029,2.0484452918082803,-38.94335977917447,2.103771475968071,Sp1255-5928
-0.5,None,48.016242749231054,-29.431094129980977,48.44664024506715,-31.864124425763197,48.62216023269477,Sp1256-1257
-0.5,None,22.827219086582563,-36.9504913735322,23.08799116219036,-39.09012335165011,23.202631270480467,Sp1256-3822
-0.5,None,17.5852201408682,-37.21682549155464,17.839365381212726,-39.20733510051558,17.96776634361393,Sp1259-4336
-0.5,None,77.95474803738426,-11.687114077205965,79.6802448271247,-13.790806871768055,80.78784784368376,Sp1300+1912
-0.5,None,82.40121453357101,-4.988757981613615,85.1516441478754,-6.866518154337933,87.73843062995404,Sp1300+3038
-0.5,None,45.57873703530128,-29.06484691570131,46.09192320721697,-31.497103731703493,46.40604707346399,Sp1301-1510
-0.5,None,34.720513276815645,25.4154885826892,34.774057293539556,25.14156977670472,34.80911834939038,Sp1304+8336
-0.5,None,77.47922057585598,-10.528926155340704,79.44772911089335,-12.640857595367274,81.16052851029568,Sp1305+1934
-0.5,None,78.30884948657263,-9.824164295949979,80.43151597482036,-11.915183972037516,82.35575253396887,Sp1305+2046
-0.5,None,77.10641408872239,0.6400509564289417,78.70167707107788,-1.0859824088619314,80.07396467297292,Sp1306+3820
-0.5,None,3.690343309103168,-36.114711532985034,3.931316555506747,-37.59267622156219,4.128790028834511,Sp1307-5726
-0.5,None,66.81411228306072,-16.750138002143235,67.98636757515203,-19.050755752858763,69.00892371144438,Sp1308+0725
-0.5,None,64.53922869089152,9.390015341999609,65.19435086473672,8.031218681608278,65.7578954911796,Sp1308+5239
-0.5,None,37.058483831337995,-30.57368686448535,37.596966623077705,-32.9570596905351,38.066543626831674,Sp1309-2330
-0.5,None,6.407682305113718,-35.9127958891427,6.683807580159045,-37.506456922377154,6.93047204764033,Sp1309-5438
-0.5,None,77.55885871334507,0.4196967752486959,79.57069495168504,-1.368795242055208,81.92556830460751,Sp1311+3629
-0.5,None,72.45001116386423,4.476557142626886,73.68546193318855,2.8582443081366447,74.94699369448217,Sp1311+4328
-0.5,None,74.88184003484771,-10.396530474203537,76.85218208721862,-12.562263360801868,79.09994106366442,Sp1312+1731
-0.5,None,3.2044142901597414,-35.4607958236432,3.475393949972756,-36.92441884805512,3.743889651522281,Sp1312-5750
-0.5,None,51.34031190129723,17.493192815446264,51.681134915808386,16.553592261989635,52.036037869934226,Sp1314+6622
-0.5,None,28.326899297295984,-32.2316830956396,28.83479329937333,-34.489829117106325,29.363241745319336,Sp1314-3212
-0.5,None,78.75758603652837,-1.2639565576938308,81.41532026581068,-3.1534403106564897,85.86771470864193,Sp1315+3232
-0.5,None,33.516849363987916,-30.355618351628866,34.10337568417749,-32.69633996765229,34.748551894636236,Sp1315-2649
-0.5,None,74.99180828053312,-8.707275827285255,77.22749299888642,-10.864716867379304,80.40670611710513,Sp1317+1849
-0.5,None,67.61007428052393,8.20635161555039,68.62292814790328,6.704205659288912,69.85407579356156,Sp1317+4833
-0.5,None,44.53652360889701,21.241731759767674,44.76888317572205,20.54883308643204,45.04189306324648,Sp1318+7322
-0.5,None,75.76361492078132,-7.0157410281985815,78.26890451325757,-9.14604132866787,82.46054396017415,Sp1319+2053
-0.5,None,62.5417821245471,-15.864821578547843,63.89792009978979,-18.221840682559996,65.73345688295021,Sp1320+0409
-0.5,None,67.61364222328442,-12.831833592138215,69.25344350527075,-15.125316393036183,71.54612765425594,Sp1320+0957
-0.5,None,72.10547471119173,5.328342543101081,73.62629077010102,3.659352923508067,75.7737123644316,Sp1320+4238
-0.5,None,21.159606471360863,-32.655017966561864,21.66387232924286,-34.752169912169194,22.303816782154232,Sp1320-3916
-0.5,None,51.80650489393096,-21.35497952284001,52.8160010247107,-23.78369744470926,54.172641550855616,Sp1321-0724
-0.5,None,74.3330905443925,3.601233437694152,76.26828527849437,1.8374629599508692,79.36942652840787,Sp1322+3902
-0.5,None,77.41922282013238,-1.0591410830073353,80.34049710232134,-3.0244470375221275,88.12018941064731,Sp1323+3014
-0.5,None,63.02572442958251,-14.33200374746178,64.53426493344794,-16.684614204174554,66.86573191127277,Sp1325+0517
-0.5,None,32.283918693217714,-28.289055841272692,33.00494505524184,-30.61015271875912,34.08866170120293,Sp1326-2729
-0.5,None,23.83006961533834,-30.805743363666586,24.434457204642914,-32.96900277433617,25.33875422190445,Sp1326-3614
-0.5,None,59.70409425630528,-15.583619704994748,61.11907825883303,-17.969018464652944,63.41130969555953,Sp1327+0149
-0.5,None,24.158907069711997,-30.39436450406387,24.785868305378397,-32.56521077373428,25.76005729809148,Sp1327-3549
-0.5,None,18.326874906570268,-31.51165471856058,18.892363190906384,-33.533857069691436,19.792853236413542,Sp1329-4147
-0.5,None,73.1801072637281,-5.430559632979886,75.77200226402846,-7.603837042209846,81.55366040179263,Sp1330+1958
-0.5,None,74.81637949065647,2.938964443736621,77.2971330301894,1.066057644431004,82.95853705423629,Sp1330+3526
-0.5,None,53.36438355309765,-18.29877118933784,54.60320558874723,-20.723312022343574,56.692944286461135,Sp1330-0453
-0.5,None,75.0371400436683,2.4407723003006834,77.66686285482541,0.5348057038279197,84.2789595252278,Sp1331+3407
-0.5,None,56.445403451923795,-16.180804668872796,57.83382949161306,-18.59044646172285,60.30463443403523,Sp1331-0116
-0.5,None,-4.489751103385999,-32.815551495474985,-4.17317826666828,-33.96565649534701,-3.6362570626331228,Sp1331-6513
-0.5,None,62.16203029490687,-12.613896524565693,63.843905780766974,-14.975960369084708,67.00823724559538,Sp1332+0525
-0.5,None,70.21001017906895,-7.3605808578655605,72.50026623390926,-9.602378021944556,77.29121765495294,Sp1332+1542
-0.5,None,70.47722077692468,7.242379413253668,72.23718939509806,5.535566826407935,75.73615631408366,Sp1332+4240
-0.5,None,53.30759550386459,-17.683021687935536,54.59656565540117,-20.107946204256407,56.898035946626905,Sp1332-0441
-0.5,None,55.34643434718338,-16.233334406311037,56.73825432361015,-18.649314493303773,59.31517585838408,Sp1333-0216
-0.5,None,-2.3810591266916132,-32.59122503467167,-2.02239915355149,-33.84176860343425,-1.3780377914196753,Sp1334-6257
-0.5,None,72.68494914233979,5.242274543164736,74.99895493146191,3.4024123478139594,80.68784706083619,Sp1336+3743
-0.5,None,66.28828462136273,10.552657688114063,67.68866275220779,8.972317463337522,70.55144489791529,Sp1336+4751
-0.5,None,64.8509023421005,11.55552003073407,66.13782538363925,10.023746328045823,68.766439423336,Sp1337+4938
-0.5,None,70.29613236213126,7.605138580079139,72.2407689819464,5.856101346187036,76.73110510914657,Sp1338+4140
-0.5,None,39.814826181718104,-22.41584049522719,40.8593478580139,-24.81671167995657,42.93500929450125,Sp1338-1838
13.664147940521538,None,40.432920911271154,-21.958459117797997,41.50366344705227,-24.363689681969745,43.66414794052154,Sp1339-1755
39.672523576879186,None,63.080893027852106,-9.408480237993395,65.0638378402532,-11.757662233834798,69.67252357687919,Sp1341+0805
33.229516997715734,None,60.01700613781552,14.842960139595059,61.03577447229265,13.466084884394196,63.229516997715734,Sp1341+5510
40.012624039137904,None,63.020389302881306,-8.786649071700078,65.05836601034893,-11.135493091137558,70.0126240391379,Sp1343+0825
1.7361826256833233,None,28.886751001271026,-25.431363526247495,29.787005783674875,-27.697057149006085,31.736182625683323,Sp1343-2950
35.295852883878894,None,61.25030758539552,14.497010566363354,62.44460484073799,13.043472193503284,65.2958528838789,Sp1346+5306
15.176577957713064,None,41.2353854934475,-19.909781197629435,42.434617518886256,-22.319904641099853,45.176577957713064,Sp1346-1624
-0.23709001966593135,None,26.814432961847157,-25.481777808176957,27.714063714504768,-27.709690118920253,29.76290998033407,Sp1346-3149
35.48351346306026,None,58.66534635532395,-9.949782104419157,60.56977561627855,-12.342338341923703,65.48351346306026,Sp1348+0353
28.511411725621066,None,52.93556324594294,-13.490548494818844,54.55015602345614,-15.91698552936969,58.511411725621066,Sp1348-0304
-0.5,None,16.655983717132337,-28.147837863233278,17.3979741180148,-30.130977251803092,19.123130176232873,Sp1348-4227
-0.5,None,5.303756732806636,-30.236590347939508,5.870687166779074,-31.831870479616395,7.195935379542707,Sp1348-5423
58.40370117833331,None,71.40196817644153,2.064238067458014,74.39460388502836,-0.04096618744211029,88.4037011783333,Sp1350+2650
-0.5,None,8.743430474746146,-29.238280619431272,9.388882533826125,-30.966172421728864,10.971336096196673,Sp1351-5036
40.3525202813927,None,61.55204047246009,-6.371762789372776,63.77215954609001,-8.731714760867533,70.3525202813927,Sp1354+0846
37.65404919010416,None,62.19613196348811,14.490962690353644,63.63719035942458,12.945744497008423,67.65404919010416,Sp1354+5044
44.68958735803159,None,66.37795425316678,11.52889529120066,68.3732815239019,9.781243526841104,74.68958735803159,Sp1356+4342
13.373083283084185,None,38.59030523076742,-18.457187021438482,39.886068890061125,-20.847807917786056,43.373083283084185,Sp1356-1812
40.093348393395104,None,60.868035380421055,-5.888232647962786,63.114736176266895,-8.254196317081389,70.0933483933951,Sp1357+0830
16.94214236794771,None,41.678995263267076,-16.70845892171256,43.08019796111878,-19.12131594478017,46.94214236794771,Sp1357-1438
10.01027338102704,None,35.379076222382785,-19.47348868160144,36.61660901476196,-21.8324622998683,40.01027338102704,Sp1357-2134
-0.5,None,17.68269161366043,-25.58034621049685,18.5638868308791,-27.59881146370179,21.005673102100314,Sp1359-4034
-0.5,None,2.723864885338191,-29.072343326196798,3.3281478466315684,-30.577542601999774,4.979074001521232,Sp1359-5636
40.73598376912436,None,63.541397758422185,13.936239463793724,65.2679269833914,12.286815354979126,70.73598376912436,Sp1400+4739
46.21931330291437,None,66.36585446874932,11.617312114695926,68.53518350039641,9.81696775264415,76.21931330291437,Sp1401+4211
19.24712114862347,None,43.277846692754544,-14.86138851487142,44.79497791302394,-17.282750183983985,49.24712114862347,Sp1401-1220
25.090778349041557,None,48.17524501705732,-11.976099015417994,49.88695766500131,-14.409500130078365,55.09077834904156,Sp1402-0630
58.24687556333973,None,68.89126972219411,6.1596308904000345,71.83409940889646,4.084616504212782,88.24687556333973,Sp1403+3007
4.562283006617214,None,33.97859439686852,27.06147361892801,34.12913029514539,26.769290389987763,34.562283006617214,Sp1405+8350
56.877091583747514,None,68.30607908852282,7.339589312443092,71.2030648974482,5.285397316043991,86.87709158374751,Sp1406+3131
-0.5,None,-10.00508828385885,-29.474933892641285,-9.594597454054458,-30.417209925510317,-8.363914599042571,Sp1406-6957
-0.5,None,-23.507051869206187,-16.576308260533246,-26.2158020792488,-14.265754269870124,-16.576308260533246,Sp1407-0800
-0.5,None,13.431024266205233,-25.33379632697776,14.307114088332453,-27.232972282069507,16.988727239721207,Sp1407-4436
-0.5,None,5.486814631589294,-27.17281090306276,6.21502710820803,-28.798261655540394,8.463356176064842,Sp1408-5307
29.70373982318562,None,50.88734642866998,-8.140136630917212,52.86372213547549,-10.570712605839278,59.70373982318562,Sp1409-0153
-2.3756566163811783,None,23.073404420615116,-21.780783537140444,24.17105479377077,-23.93705354852776,27.62434338361882,Sp1409-3357
44.49802185003013,None,64.11142375449836,13.85638392093952,66.22240068209935,12.078285283751086,74.49802185003013,Sp1410+4354
-0.5,None,8.22925759292208,-26.210457569891684,9.028375397399174,-27.938999988630083,11.55886018208938,Sp1410-5001
48.7913608767373,None,65.73679959345256,12.051584336748395,68.17337072520863,10.163085402521448,78.7913608767373,Sp1411+3936
-0.5,None,15.922853895338813,-23.680225094080516,16.896444020531067,-25.656963603472803,20.053667989032785,Sp1411-4132
48.1490929819399,None,62.94122345239382,1.3447716962552667,65.71101683148956,-0.9608384231932163,78.1490929819399,Sp1412+1633
55.49882023423956,None,65.913515617362,4.898575111751094,68.8909161835782,2.6942931258388763,85.49882023423956,Sp1412+2354
31.007259459193,None,51.53555917217535,-6.990688271212521,53.59117616182016,-9.419193470375642,61.007259459193,Sp1412-0035
26.62794665802201,None,47.791785011023634,-8.657201225079543,49.71221808519994,-11.090588193467932,56.62794665802201,Sp1413-0457
41.7812999505264,None,62.054356120300056,15.76246183510272,64.00160416692219,14.04748099311899,71.7812999505264,Sp1415+4636
45.40409849232546,None,60.65343124240536,0.8557685756361559,63.34034912037863,-1.4858725604410208,75.40409849232546,Sp1416+1348
-404.1045660928596,None,20.736727181894974,-20.54606888006647,21.892028447857278,-22.653093964572246,25.958954339071404,Sp1418-3538
56.74420454459802,None,65.3870870614136,9.964111598677716,68.28414758181904,7.8804205655688415,86.74420454459802,Sp1419+3137
50.05987396132868,None,61.93492728930774,4.167903487606168,64.81106589262566,1.8706886852177678,80.05987396132868,Sp1421+1827
152.9131426587749,None,37.37870762827655,-12.211975927899248,39.036070474187035,-14.595539805831507,45.29131426587749,Sp1421-1618
1.9996457201067024,None,25.831800250189964,-17.72326021198909,27.151878491381424,-19.94181562574793,31.999645720106702,Sp1421-2935
40.062491248425815,None,56.14263135247766,-0.3058498545021634,58.6686029902724,-2.699803852453011,70.06249124842581,Sp1422+0827
460.4097519659688,None,59.51629646507859,2.721781987815709,62.27285039686882,0.37669231217072996,76.04097519659688,Sp1423+1426
36.623018525950656,None,58.15093785399174,18.956970326553446,59.802590428935794,17.378533068988574,66.62301852595066,Sp1423+5146
23.48202907709038,None,43.90114355511322,-8.099397578426602,45.82663073555795,-10.52578990934871,53.48202907709038,Sp1423-0806
-36.47587646517138,None,20.552673664524324,-19.29891933866538,21.771717220878482,-21.404906638967113,26.352412353482862,Sp1424-3514
572.5021483613635,None,63.45592436891792,8.372640420471742,66.44875742469624,6.170473361420548,87.25021483613635,Sp1425+2540
140.2884772704101,None,41.6317171585884,25.931575476560557,42.1377949858317,25.204144821259202,44.02884772704101,Sp1425+7422
-0.5,None,19.027552679914034,-19.661275471677826,20.221591668865326,-21.730516200646285,24.757198568478962,Sp1425-3650
274.5592857360522,None,51.77104792020454,22.60616968345671,52.901845464620095,21.333358606390526,57.45592857360522,Sp1427+6056
455.3556599300639,None,58.35394094590754,3.4049381251808066,61.11663957741396,1.049366842097624,75.53556599300639,Sp1428+1356
552.0706336216708,None,63.46738295327197,12.34964860295601,66.3108657650709,10.277785082254836,85.20706336216708,Sp1428+3310
290.02924040142,None,52.71447071551454,22.291670133041624,53.940698184221944,20.960171751904635,59.002924040142,Sp1428+5923
248.5486600615144,None,44.186840145582295,-6.291456763571153,46.216353391842404,-8.71968073012971,54.85486600615144,Sp1428-0644
415.50167590421665,None,59.8187308389201,18.080392002140215,61.85460170698352,16.340614200019523,71.55016759042167,Sp1429+4650
-0.5,None,-4.358009045726998,-26.301880510310173,-3.6890126194783512,-27.546492062675437,-1.081689557629791,Sp1429-6240
286.7107934466636,None,52.295411066273985,22.645822649919477,53.51783965839979,21.323000450574234,58.67107934466636,Sp1430+5943
3.5581536060268704,None,23.403605076104046,-16.489990886720584,24.77842361859254,-18.664190598266877,30.355815360602687,Sp1430-3114
111.0971799250941,None,32.53842879655252,-11.856764538430431,34.19302643487889,-14.188999726539736,41.10971799250941,Sp1431-2029
561.2983355326146,None,61.52126148031331,9.382769734242851,64.51338430669092,7.148918513932724,86.12983355326146,Sp1433+2432
80.00176340316322,None,29.497586274630407,-12.503230177023843,31.103893531330613,-14.792602282021162,38.00017634031632,Sp1434-2335
80.49246409758979,None,29.51257671211018,-12.438532205395921,31.122281114691358,-14.728250340768689,38.04924640975898,Sp1435-2333
593.5533148505704,None,61.69951527081214,11.970609229477667,64.65763208759743,9.804488277589295,89.35533148505704,Sp1436+2900
-0.5,None,-0.056120252088141004,-24.218489665725652,0.7721415373306257,-25.660534169448052,4.24163081713765,Sp1436-5721
242.50025112185307,None,48.63004562876254,24.707076184749877,49.66147918481874,23.541545801646787,54.250025112185305,Sp1438+6408
510.74243388258697,None,58.49515596851745,8.401721222181882,61.43997475051357,6.089538270482266,81.0742433882587,Sp1439+1929
348.8447973392199,None,48.896540318353196,1.7229372407523207,51.40155424374964,-0.7063411423361237,64.88447973392199,Sp1443+0316
582.8653753589601,None,60.05304155879765,14.007376385177372,62.987680060286905,11.844319149986772,88.28653753589602,Sp1444+3002
112.78323562089803,None,31.00257401417458,-9.105586997833774,32.789401252854105,-11.422959552269324,41.2783235620898,Sp1444-2019
235.91034045222608,None,47.574839687182376,25.66576334503428,48.61546034518464,24.517870590800182,53.59103404522261,Sp1445+6447
320.1954563526872,None,46.49871392926315,0.928157230318896,48.92985116398995,-1.50517223860029,62.01954563526872,Sp1446+0024
-0.5,None,14.372284451844886,-16.992670896605944,15.675708734211753,-18.953236503469924,21.729283120370837,Sp1446-3952
348.0711604395249,None,54.06875970295439,23.041695554755748,55.77320880123251,21.477468485887602,64.80711604395249,Sp1447+5335
-3.640743828694859,None,20.965155821000252,-13.590133782713947,22.47310890026085,-15.721727570739722,29.635925617130514,Sp1447-3158
490.4146941251756,None,58.38016001090915,18.929828792825962,60.96668411549482,16.949443555803736,79.04146941251756,Sp1450+3920
371.7870792621045,None,54.8077252291033,22.770923919108963,56.67948230290324,21.124170284573893,67.17870792621045,Sp1450+5112
-0.5,None,15.845134253813265,-15.196111417374382,17.24532282011317,-17.20243708406639,24.057608102913893,Sp1451-3732
453.8853840982965,None,53.00486517710505,8.758328173317045,55.867819772754935,6.373923913967757,75.38853840982965,Sp1453+1346
459.5022747649573,None,53.248455874875425,9.042791953193323,56.12434231505268,6.662626356408906,75.95022747649573,Sp1453+1420
508.2825668544326,None,58.05574397597696,18.79202472264616,60.73317816353361,16.76434283212078,80.82825668544326,Sp1453+3733
-0.5,None,-8.6179824016102,-24.47908307039957,-7.911146269267394,-25.563487417898635,-4.473278100165322,Sp1454-6604
578.8380674445865,None,57.12816970024451,14.612265861252192,60.111164059804054,12.36858588560181,87.88380674445865,Sp1455+2619
50.84127014217117,None,24.279313996575294,-9.331441133349403,26.01275943302236,-11.541854927901191,35.08412701421712,Sp1456-2631
38.149201369980474,None,23.370360769173214,-10.08781532519661,25.061989449430705,-12.27893434669104,33.81492013699805,Sp1456-2747
34.454274872376516,None,22.990449141338825,-10.132815606203753,24.677561433625467,-12.316499546820129,33.44542748723765,Sp1456-2809
430.99487145419715,None,55.847027002598146,22.120234621511397,58.11967291324272,20.28265288681391,73.09948714541972,Sp1457+4517
317.30255635167555,None,51.22040183692885,25.290141519210504,52.79388312646072,23.817489638348533,61.73025563516755,Sp1457+5639
596.0084537278515,None,56.82657840210456,16.25155229562884,59.77991475188166,14.039942663632077,89.60084537278514,Sp1458+2839
376.8576495037529,None,47.5695332606551,6.525780349043416,50.26052105217429,4.09817361482332,67.68576495037529,Sp1459+0604
510.67210635237444,None,53.881850504313775,12.84836658159715,56.85414042261195,10.50770347530289,81.06721063523744,Sp1500+1927
460.5430931523813,None,56.01989802485959,21.702291719964542,58.4696252460745,19.778864546196797,76.05430931523813,Sp1500+4219
309.5146679750365,None,43.10956545872761,3.598062834208974,45.61342745045505,1.1663324308974807,60.95146679750365,Sp1500-0039
544.4257340868319,None,54.894140265415025,14.407972012657618,57.88655393325671,12.106105819783304,84.44257340868319,Sp1501+2250
-0.5,None,12.600211843745052,-14.343660685042986,14.020904984421652,-16.26836648558735,21.55027107958441,Sp1501-4003
76.76182177851807,None,25.349477583884227,-6.6663302218481775,27.215295481276506,-8.903944679171337,37.67618217785181,Sp1504-2355
178.9383742572305,None,42.36387265220526,28.436658162671815,43.20558343387768,27.51524937173332,47.89383742572305,Sp1506+7029
151.5190480446446,None,30.5719580492372,-2.3842265594506347,32.673997384530445,-4.712544242513244,45.15190480446446,Sp1507-1627
116.01154744990168,None,27.92820526189646,-4.156840135552767,29.928357872213205,-6.443507601397707,41.60115474499017,Sp1507-2000
-31.48844313958442,None,16.108108854938468,-10.762619318060434,17.72131063469869,-12.793904934164809,26.851155686041558,Sp1508-3445
1207.5673126164,None,27.996938437094055,-3.526561140661849,30.026043743941933,-5.816182976770059,42.075673126164,Sp1509-1932
27.240493642993684,None,20.67014056880697,-7.880610718161271,22.447343078767894,-10.025725146728876,32.72404936429937,Sp1509-2853
33.07665416050227,None,21.00418837188483,-7.428980607338095,22.80437558305444,-9.582622621870462,33.30766541605023,Sp1510+2818
5204.51471566836,None,54.79785771389827,21.474477738698155,57.53708862949787,19.39010599608423,82.0451471566836,Sp1510+3619
2892.703022570661,None,39.92381216400306,4.7936560618146,42.43423433729332,2.369844981076008,58.92703022570661,Sp1510-0241
198.26531252966936,None,33.59482906964044,0.4223206291922247,35.848929424310114,-1.947842255334736,49.82653125296694,Sp1510-1147
33.09196513619263,None,21.005684736068503,-7.428672157012839,22.805896473599248,-9.58234571128986,33.30919651361926,Sp1510-2818
5431.763521742575,None,54.32195627167893,21.108725557910137,57.13957344820805,18.973069864875423,84.31763521742575,Sp1512+3403
210.70557106335457,None,34.11211026376209,1.492285490525357,36.41736139420362,-0.8856231343325628,51.07055710633546,Sp1512-1032
888.2190579510059,None,24.870467706246945,-4.133000992188641,26.847605563665066,-6.3708546527689425,38.88219057951006,Sp1513-2243
5527.556658754874,None,52.23851277115592,17.522034918153015,55.22955869934067,15.213181731023411,85.27556658754874,Sp1514+2341
87.04379707210322,None,24.607395430834146,-4.048069411957644,26.586251598910188,-6.28170372028585,38.70437970721032,Sp1514-2254
3958.137001697541,None,52.00818216019784,25.93867525511988,54.13304743171515,24.178187104964262,69.58137001697541,Sp1515+4847
3109.947935499722,None,40.275285459885936,7.0396179106374035,42.87748193668623,4.611669073612121,61.09947935499722,Sp1515-0030
4132.104090664268,None,46.00887432689373,12.006056651696005,48.858113150552875,9.58266828956479,71.32104090664268,Sp1516+0942
835.2743104995362,None,24.133906918708906,-3.945162793557643,26.113621881308596,-6.170916095808058,38.35274310499536,Sp1516-2315
-0.5,None,1.7307832920123598,-16.669339145115924,2.9554122545583477,-18.241839605348883,10.144671386391634,Sp1517-5128
-2515.0524279623914,None,15.296416395202701,-8.56671617915859,17.005029589133176,-10.588048555710706,27.48494757203761,Sp1519-3407
-0.5,None,-16.503524508752808,-24.66976272656438,-15.944169599901018,-25.38690610887889,-12.653086829377422,Sp1519-7416
-4372.865788062924,None,13.738127175340999,-9.302884400196687,15.402291692542496,-11.281875340741609,25.627134211937076,Sp1520-3559
3748.7521358982763,None,50.46159349648846,27.354031901370128,52.48399346090431,25.65318218394745,67.48752135898276,Sp1521+5053
782.0789332485149,None,22.69180965555563,-2.828131718383811,24.70884729816821,-5.032135660044699,37.82078933248515,Sp1523-2347
5948.589856461399,None,50.9998330268635,21.4677954014535,53.944859473537356,19.20860686489953,89.48589856461399,Sp1524+2812
5884.337857923212,None,51.34065868567423,21.7956498229599,54.26598050646913,19.556768093681683,88.84337857923212,Sp1524+2925
2682.6779294710336,None,45.81181089427247,29.5164751839827,47.219826760995545,28.205973964492678,56.826779294710335,Sp1524+6132
-0.5,None,1.2374327349366074,-15.455761549134724,2.516501817562334,-17.02065049741342,10.44543667445922,Sp1525-5110
5234.767430609903,None,48.70086837703535,18.84605796970581,51.693054149133765,16.489232797480128,82.34767430609904,Sp1526+2043
2231.714248224518,None,32.39357360752911,5.216311109123355,34.83026669087126,2.844522057590056,52.31714248224518,Sp1527-0918
2492.04779346821,None,17.78845203766784,-4.295738727408636,19.704377506444366,-6.394287541404324,32.49204779346821,Sp1529-2907
4105.407689358573,None,42.93890725406405,14.92578890454012,45.8215093970254,12.496608114469074,71.05407689358573,Sp1530+0926
-0.5,None,-1.233410392195073,-15.86853918524799,0.002454816678247851,-17.342530333463518,7.912422436326571,Sp1530-5342
4831.382360967689,None,46.096899468435694,18.254951789132733,49.072173509371886,15.858910291191494,78.31382360967689,Sp1531+1641
4394.803253392824,None,43.400501492192014,17.179802118490628,46.335218261634154,14.757830534673142,73.94803253392824,Sp1534+1219
1730.8781953514945,None,27.56935654392836,4.364964997222393,29.923194530014392,2.053768483607195,47.308781953514945,Sp1534-1418
-0.5,None,1.838397458432338,-13.292801984835801,3.2262299907839296,-14.894797936231932,12.388982977348336,Sp1534-4914
5837.967928983855,None,48.75932317317209,24.542402142683162,51.66570074215963,22.29571477969036,88.37967928983855,Sp1536+2959
-0.5,None,8.588328634945624,-8.28053816231935,10.260879730150524,-10.125590763059963,21.722715433625346,Sp1537-3954
1374.6108173001794,None,37.88865901565371,30.90152580111989,38.6213763600812,30.167083588110106,43.746108173001794,Sp1539+7437
2627.7729998721347,None,32.59794175233526,9.901479870161419,35.20451430462942,7.512896769269163,56.27772999872135,Sp1539-0520
4457.778704032704,None,48.655060906541756,29.055461742961292,51.09479830464087,27.11307236279908,74.57778704032704,Sp1540+4347
539.775782778765,None,18.235264503831754,-0.6717832096656743,20.307080866969454,-2.7968328799139344,35.39775782778765,Sp1540-2613
-0.5,None,-0.20798807875311212,-13.220687823297647,1.1650240649709305,-14.753158056965011,10.60030340411281,Sp1540-5101
5531.316185495869,None,47.5409019000087,27.12386616153555,50.37376908359033,24.920894302410257,85.3131618549587,Sp1544+3301
4451.609059452519,None,47.725734287481295,29.974969094708875,50.1672860617506,28.028244302097573,74.5160905945252,Sp1545+4350
3612.8178319206045,None,46.498989675496574,31.26275505290786,48.51102724009473,29.584365874445535,66.12817831920604,Sp1545+5214
870.7149969396283,None,19.761446106927053,2.064751312715018,21.955292766083712,-0.1047019348733704,38.70714996939628,Sp1545-2255
-0.5,None,-11.831866294242898,-19.64247474051435,-10.913988779702855,-20.65450797781347,-4.508071402922278,Sp1545-6608
-0.5,None,-4.192995409739579,-14.640227773719008,-2.9269443296406243,-16.01651570881691,6.049993923639494,Sp1546-5534
1834.2031918033533,None,26.072279304374604,7.430673466065237,28.524039708153833,5.127959409558444,48.342031918033534,Sp1547-1317
723.2962048374006,None,18.37913030312168,1.6946696414693674,20.546930775601,-0.44492525945842376,37.232962048374006,Sp1547-2423
1502.7814768683627,None,23.53656422562439,6.070035542277019,25.915135453373594,3.8128657223027824,45.027814768683626,Sp1548-1636
-0.5,None,6.98063003248454,-6.248277895144024,8.730647415178977,-8.059122828285453,21.713316840701903,Sp1549-3954
3790.6893192257257,None,37.160682977220674,17.79352505042909,40.0399051576393,15.36142349780331,67.90689319225726,Sp1550+0616
3366.505060797874,None,44.97545572908089,32.456226775189585,46.86518866297585,30.86362536436387,63.66505060797874,Sp1551+5442
2341.3660107042447,None,41.681353180995714,32.559164702147456,42.98177210605198,31.38626757322944,53.413660107042446,Sp1551+6457
52452.358960488826,None,16.186984757973896,1.569974128734175,18.33198616765366,-0.521782553193536,35.24523589604888,Sp1552-2623
45640.458412315485,None,40.13474581657983,21.95384802204708,43.10853120658083,19.53008808438566,75.64045841231548,Sp1553+1400
48290.01591847904,None,41.088320645259486,23.208163040525555,44.07669179468684,20.79620933088865,78.29001591847904,Sp1554+1639
41533.17603504866,None,37.80925537553001,20.627001130455998,40.747566977609324,18.19396306406466,71.53317603504865,Sp1555+0954
2169.7082727208103,None,26.713929771774666,10.87713421611667,29.28827013802301,8.550067110151794,51.697082727208105,Sp1555-0956
49512.811344255795,None,40.78305836131351,24.472183218672075,43.77524975808634,22.06513963865928,79.5128113442558,Sp1557+1752
29123.35636520873,None,42.91336350104635,33.48296852532052,44.56123615523521,32.067186513510386,59.12335636520873,Sp1557+5914
919.6309651745565,None,17.751629628201286,5.040889536910767,20.041237135805314,2.8970808857349297,39.196309651745565,Sp1559-2226
872.9486353916066,None,17.437931487248303,4.783125992482596,19.715412190789294,2.6472580806392343,38.729486353916066,Sp1559-2254
51402.45479745549,None,40.855049588379714,25.839482699811374,43.846727482288436,23.443446948101997,81.40245479745549,Sp1600+1946
-45.430634543724224,None,10.980385292731306,-0.12280103283197479,13.017453044310619,-2.0799265276865757,29.545693654562758,Sp1600-3205
-0.5,None,1.4463580901607482,-7.71063766290995,3.087803790233264,-9.340727967689846,15.912050325915043,Sp1600-4543
-3.2804218952250075,None,8.918144552733937,-1.5874241841112628,10.880122322596737,-3.481170711879161,26.719578104774993,Sp1601-3455
33170.252512972525,None,31.972253704977476,18.297184037900077,34.80741409537964,15.886156210011487,63.170252512972525,Sp1602+0131
25656.170498091662,None,41.273033206132716,33.97920127123718,42.73454103015395,32.71007155125921,55.65617049809166,Sp1602+6242
7606.361006726715,None,16.132791412094136,4.774946883193279,18.399092930550083,2.667154815238013,37.606361006726715,Sp1602-2401
3577.723561735738,None,13.465889515747163,2.4575756235772137,15.623510192722563,0.4238719129589349,33.57772356173574,Sp1602-2803
-3.2938979157576043,None,8.697122315627826,-1.351107614675581,10.667059681823913,-3.240231742187396,26.706102084242396,Sp1602-3455
40774.46612098589,None,35.47921994487189,22.286756578832364,38.42263373696435,19.8537051406273,70.77446612098589,Sp1604+0908
-141.74583470257255,None,9.75575254003358,-0.021332265201212494,11.787455589747678,-1.9469685922933266,28.582541652974275,Sp1604-3303
51155.12965712625,None,39.54547081954238,26.94737239993809,42.53665815584403,24.545525855255672,81.15512965712625,Sp1605+1931
47452.320809444675,None,43.88793703713727,33.22894063128558,46.45865657083258,31.17891364805188,77.45232080944467,Sp1606+4054
26937.144186944457,None,27.461359707404345,16.196449211774475,30.198654464730232,13.835516800524122,56.93714418694446,Sp1607-0442
16438.898401051425,None,21.047950410061038,10.604621083537769,23.558667382807382,8.36718783780334,46.438898401051425,Sp1607-1512
51599.396365729604,None,39.166169466069725,27.649945294605057,42.155642820955386,25.2495415570412,81.5993963657296,Sp1608+1957
26920.356403053658,None,27.348618867781838,16.296456699940556,30.087397762624928,13.936370398720921,56.92035640305366,Sp1608-0443
56569.69020548419,None,40.64562937700809,29.574049328536553,43.60103744992414,27.219472171678273,86.56969020548419,Sp1609+2457
-28.794156384914125,None,7.926730262687213,0.07602052000977023,9.94831860485253,-1.8006118988497153,27.120584361508588,Sp1609-3431
25115.106572195422,None,25.69935369185535,15.975542589881286,28.41327947620013,13.637487669426118,55.11510657219542,Sp1610-0631
-0.5,None,4.968821442103364,-1.7959695926677066,6.892010540439635,-3.5759897271531806,23.248071887236005,Sp1611-3823
8410.80155111196,None,14.888302649119309,7.176111484614911,17.23050927609844,5.0822746239871694,38.41080155111196,Sp1613-2313
28787.82610383707,None,27.105857547856253,18.62761910584032,29.900073873105217,16.25931109906286,58.78782610383707,Sp1614-0250
37419.49415893255,None,31.41612083137947,23.187827781793246,34.33993769198521,20.76556478107101,67.41949415893255,Sp1615+0546
52364.50838159711,None,41.64739092108155,34.018224374321555,44.37832038398656,31.839385193744647,82.3645083815971,Sp1615+3558
39076.5512212144,None,32.05267016763942,24.143566209147554,34.99546392025071,21.7161258148099,69.0765512212144,Sp1616+0725
-0.5,None,-5.799406320217915,-9.919885936661608,-4.323695105244266,-11.280411961854435,8.115952658228897,Sp1616-5331
32476.35141389528,None,28.06269863066663,21.59374615469373,30.92956605317642,19.201854624472602,62.47635141389528,Sp1619+0050
27368.569997490504,None,25.063484943068296,19.163651058916212,27.850994981348705,16.817369389330388,57.3685699974905,Sp1620-0416
27707.87373715254,None,25.055157418886854,19.54366191068119,27.85133803013266,17.195462441848033,57.70787373715254,Sp1621-0356
-0.5,None,4.435084538544234,0.36223680549161985,6.441523560688851,-1.4161575888685123,24.452583920819677,Sp1621-3711
-0.5,None,-18.095258284924046,-19.522268323726834,-17.273327688928468,-20.25709932180853,-10.213898264327549,Sp1621-7151
38769.13376250052,None,40.96142888757966,37.015456405202805,43.161357974781055,35.223875987950116,68.76913376250052,Sp1622+4934
26509.31002211852,None,23.8464261484697,19.457966557862925,26.62969327341925,17.126449455554162,56.50931002211852,Sp1623-0508
13666.567622123395,None,16.334863298630175,12.187517018777559,18.854155725937893,10.032101920001013,43.666567622123395,Sp1623-1758
13946.053892266398,None,16.112761042856683,12.754191226331594,18.647550886498315,10.599920314855847,43.9460538922664,Sp1625-1742
52864.4996628435,None,35.74729667787465,31.95139337015005,38.72326447603048,29.548200566733,82.8644996628435,Sp1626+2113
56855.65000609979,None,36.935699843243455,33.4082360891024,39.87439814609316,31.040920255808146,86.8556500060998,Sp1626+2512
24990.943593503594,None,22.571032192771057,19.060696322088173,25.333605107353,16.75002666006526,54.990943593503594,Sp1626-0639
-0.5,None,2.90510455301284,0.6601370750288059,4.911811309524595,-1.0742753590353302,23.44025653304314,Sp1626-3812
7263.78682376253,None,32.541965323799076,31.835441990348755,33.01122440613574,31.429045128623738,37.26378682376253,Sp1627+8105
72178.16980727676,None,11.60933152102318,9.11902896655094,13.991761541744246,7.090271426483752,37.217816980727676,Sp1627-2425
39270.23336225777,None,29.58721391000312,26.81134325628101,32.546188382157084,24.38837500091227,69.27023336225777,Sp1628+0737
10315.938525095276,None,13.018270901650315,11.499064882558708,15.489118507189266,9.421452101133626,40.31593852509528,Sp1630-2120
55887.50817459629,None,37.8622171996047,36.357562763713226,40.67020302122624,34.091998922538714,85.88750817459629,Sp1631+3227
53260.90701747449,None,38.048257745572066,37.26189984039348,40.78925138174835,35.047044072511696,83.2609070174745,Sp1632+3505
25121.58049037039,None,21.214336188196384,20.576141164505668,24.000192898462913,18.277401459382702,55.12158049037039,Sp1632-0631
-0.5,None,-16.678838655521318,-16.61661107443212,-15.672875442241484,-17.460914334752637,-6.494085172345453,Sp1633-6808_1
-0.5,None,-16.679786835107503,-16.615826256790942,-15.673796208459153,-17.460099462516293,-6.494214564206228,Sp1633-6808_2
-0.5,None,-21.0868084996178,-21.033837366402505,-20.410875355862405,-21.600564403298335,-14.236777461308868,Sp1633-7553
32276.13448802227,None,24.048393091060465,25.42310848432967,26.950428449977743,23.05503652443388,62.27613448802227,Sp1637+0037
52749.090810944654,None,37.32648529968694,38.175312103894306,40.04965122242242,35.96792015025051,82.74909081094465,Sp1637+3535
-30949.714030197305,None,3.1605118358822546,4.769304091205425,5.32676043481092,2.9992254231263322,26.90502859698027,Sp1639-3444
-31993.958568428694,None,2.884820622157499,4.906389502166376,5.054135932550177,3.143637307582067,26.80060414315713,Sp1640-3451
-0.5,None,1.295786925152519,3.9016776480890596,3.4160946327475927,2.194359441248313,24.742874271454582,Sp1642-3654
582185.6076971674,None,34.34271814256423,38.75010453693794,37.185533175210715,36.43095483228988,88.21856076971675,Sp1645+3004
304481.64795492525,None,21.45922120920069,26.08754700709559,24.353355211378375,23.74986590099856,60.448164795492524,Sp1645-0112
18325.7325293065,None,14.857692027855121,19.167537829955307,17.559239515117365,16.997283674829703,48.3257325293065,Sp1645-1319
580524.8098218461,None,34.16851315547396,39.032379787452754,37.005951012911495,36.715611837861935,88.0524809821846,Sp1646+3016
537557.9872269058,None,35.216010539796564,39.912173648789796,37.95590319915032,37.67505163175253,83.75579872269057,Sp1646+3434
380094.79267470806,None,37.210681230169676,40.74382597164079,39.382219458556825,38.979413198521605,68.00947926747081,Sp1646+5019
470549.08299850154,None,36.320057890896926,40.84841472211004,38.85704266073909,38.77885568507971,77.05490829985015,Sp1647+4117
314511.5769592811,None,21.358792377526015,27.23152727526377,24.269882242847064,24.88784809514869,61.45115769592811,Sp1648-0012
2439.7783643699213,None,4.982292339512062,9.798749932418666,7.338328718446826,7.941191656551208,32.43977836436992,Sp1648-2913
36405.27536333659,None,23.67718960261599,29.94872108353811,26.636067777516494,27.559377926002448,66.40527536333659,Sp1649+0444
596239.1655717025,None,33.09303813358014,39.11351906980837,35.96278447743309,36.76629666916634,89.62391655717025,Sp1649+2822
-0.5,None,-13.770438884292517,-10.395129662551106,-12.403133405550658,-11.44245148831902,1.2246888601893853,Sp1650-6026
316655.0877936424,None,20.41213040806589,28.38034593122886,23.33353104969809,26.04278344544987,61.665508779364245,Sp1653+0000
258102.3001863847,None,35.644134181090855,39.73288158116428,37.19823265568203,38.4931406251207,55.81023001863847,Sp1653+6231
505360.56492858846,None,34.24951772367696,42.023552268942254,36.89145611210046,39.85473755904025,80.53605649285885,Sp1654+3747
-0.5,None,-1.391939416206175,4.720782887144993,0.7398779535286288,3.092783564031741,23.34457895440494,Sp1654-3818
232676.59819899633,None,15.507725177784637,24.117230873698524,18.32433716836946,21.897504191336115,53.267659819899634,Sp1655-0823
172824.5174480253,None,12.046023183868579,20.66307341369439,14.763088682426398,18.54476947258547,47.28245174480253,Sp1656-1422
108874.44484457,None,8.412192233860093,16.654229458414758,11.001037131959528,14.655080337524168,40.887444484457,Sp1656-2046
425711.9313089011,None,24.67620639730142,34.73801318472607,27.667926862995884,32.3169106776754,72.57119313089011,Sp1657+1054
219960.401901698,None,14.504449687498406,23.66009941223345,17.304888825628122,21.464595568672532,51.9960401901698,Sp1657-0940
372732.3877013862,None,35.25588533348664,42.65374751444551,37.39287146246986,40.92318895459282,67.27323877013862,Sp1658+5103
178843.97516357404,None,34.0206089223114,37.58008532500594,35.13195927067519,36.71403390229004,47.8843975163574,Sp1658+7027
530629.2862831992,None,32.71160906785195,42.71414761908852,35.41841169302696,40.48166793062619,83.06292862831992,Sp1659+3515
147522.13024709106,None,9.864827398325913,19.80023942207025,12.545912658586658,17.741012660070243,44.75221302470911,Sp1700-1654
9539.760744702156,None,6.897880287371377,16.474529351338816,9.471409257967203,14.516911602755416,39.53976074470216,Sp1700-2207
104123.20098771872,None,7.265305347825095,17.15786638289606,9.860128447387732,15.185397030624685,40.41232009877187,Sp1701-2115
-0.5,None,-12.444370803372076,-6.093427017111643,-10.856182976535592,-7.239046897269844,5.954530231678585,Sp1702-5542
263883.40006358793,None,15.007091642028174,28.001080311991178,17.889727165407514,25.761454873023254,56.388340006358796,Sp1705-0516
225090.12051031092,None,12.979166834523305,25.668638865253467,15.808784350277525,23.4906398556697,52.50901205103109,Sp1705-0909
-0.5,None,-12.283419480288865,-5.059514345278283,-10.645883646421842,-6.22151185163096,6.97243377192206,Sp1705-5441
184255.38821141914,None,10.544602736262185,23.35990383310763,13.312256230508476,21.256780012786496,48.42553882114191,Sp1706-1314
453050.61329206795,None,32.84676601316475,44.69026493726525,35.3039565770975,42.66895311561291,75.3050613292068,Sp1707+4301
236708.35918066275,None,33.912856241840835,40.53532136728247,35.359928039829924,39.415084687585775,53.670835918066274,Sp1707+6439
256963.78898278368,None,14.309342404691114,27.90963718727776,17.186315126553936,25.685054954129946,55.69637889827837,Sp1707-0558
-0.5,None,-6.283706235395398,3.409367923503422,-4.236924881206494,1.9554310117285039,18.620842667806482,Sp1708-4302
-0.5,None,-21.499006282335827,-16.963923303869347,-20.595206045577683,-17.586030514438843,-10.77705973122731,Sp1709-7226
594450.6442434035,None,28.479473302511664,43.594730533373244,31.3303868016315,41.22603175564524,89.44506442434034,Sp1710+2758
478441.9754268625,None,31.590560091364317,45.468181988254265,34.12931698024207,43.36671253975983,77.84419754268625,Sp1711+4028
282808.18277356593,None,14.637320796170982,30.372580683504324,17.55259505910395,28.12113993023424,58.280818277356595,Sp1712-0323
395.96823249809887,None,1.4637846805519097,14.782145189377394,3.953519728832036,12.993096521593674,33.95968232498099,Sp1712-2742
438603.35746744624,None,21.674137359877456,38.86750328435134,24.665531104048913,36.44993087300134,73.86033574674462,Sp1713+1211
-0.5,None,-5.3750732826149346,6.3668137211345845,-3.2096136909264987,4.859314882861638,21.802618134245286,Sp1713-3952
384717.22791568923,None,19.078256224437922,36.458817800144836,22.06575693698019,34.0834222903646,68.47172279156892,Sp1714+0648
579279.332716267,None,28.31856071002807,45.03364166934789,31.119245442901416,42.695751646830615,87.9279332716267,Sp1714+3019
164134.37470504091,None,7.775678707006209,23.597984270605256,10.531179770940055,21.563111743579633,46.41343747050409,Sp1715-1515
-0.5,None,-5.435136467611748,6.870750803113701,-3.251574117853702,5.361587166416736,22.19332374005951,Sp1715-3928
284126.9390164137,None,13.73136832343193,31.361349635041492,16.65484630984541,29.12019296038845,58.41269390164137,Sp1716-0315
271221.0825371264,None,32.83192400625313,42.88729245426807,34.4697385697389,41.62619705994668,57.12210825371264,Sp1717+6112
228854.85815061067,None,32.817926058210425,41.20975933794287,34.22728065708953,40.14430891899494,52.88548581506107,Sp1717+6526
-0.5,None,-26.78124849366739,-24.910267111803204,-26.49510108861661,-25.098058211399202,-23.152405405863387,Sp1717-8449
202822.51490138037,None,32.544911137564974,40.21379264843357,33.80982387267747,39.27152339407987,50.28225149013804,Sp1718+6802
-0.5,None,-7.102406943653489,5.86287049725361,-4.967348458275176,4.418894970835293,20.147313617378465,Sp1718-4131
-0.5,None,-9.785828454326301,2.1539866592347816,-7.814839093111308,0.8347853543445806,15.047882031789074,Sp1718-4637
-0.5,None,-10.352429198737052,1.4880549787686934,-8.41300670123296,0.1950489286294633,14.070466224142988,Sp1719-4736
435491.7601812045,None,30.863905663730527,46.9363397005307,33.244080599848125,44.97763942125685,73.54917601812045,Sp1720+4446
98514.82898965123,None,2.986446574328939,20.291863329633525,5.636502596755291,18.41667549773296,39.85148289896512,Sp1721-2149
509128.6959134879,None,28.674675342687667,47.619967732503746,31.29104228948402,45.4282092413109,80.9128695913488,Sp1723+3724
274197.1123691951,None,11.122053745402209,32.71229688764613,14.049807226684853,30.516830477336686,57.41971123691951,Sp1726-0415
40475.12613710126,None,-1.08978876386636,17.02601632585735,1.4499539634037824,15.300300656822078,34.047512613710126,Sp1726-2737
304943.0127784538,None,12.295821942007551,34.8853903325006,15.2515430257035,32.643686151092936,60.49430127784538,Sp1727-0111
403459.92384994007,None,16.935249268551072,40.3183956746598,19.927952075090097,37.9437340173857,70.345992384994,Sp1728+0839
130073.68828476928,None,31.05881609368226,37.28201006311119,31.912678886464676,36.68770286249834,43.00736882847693,Sp1728+7518
502099.766538488,None,27.623311825780377,48.92373598381589,30.21023639489292,46.74943438997227,80.2099766538488,Sp1729+3805
267924.3827054841,None,31.50200890697033,44.00484838203077,33.123265586724024,42.78230323849121,56.79243827054841,Sp1729+6131
480075.7684078619,None,19.687908083080877,44.39963441904699,22.653837717504405,41.9720322041271,78.00757684078619,Sp1731+1619
590172.3355692552,None,23.89459261473176,47.989049990635216,26.727597967017594,45.59942219990722,89.01723355692552,Sp1731+2721
582354.7390900257,None,24.643523328268323,48.72992940981135,27.42360167951701,46.37665097080588,88.23547390900256,Sp1732+3004
579329.0662732731,None,23.18137770536447,48.063296588504556,26.03088563600703,45.661232991600826,87.93290662732731,Sp1733+2615
565595.4704471332,None,24.98339160122699,49.2105574725069,27.726422680832897,46.88520528747158,86.55954704471331,Sp1733+3144
147686.28103464266,None,3.1167993606426996,25.767994075606957,5.891922584475249,23.84627444290488,44.768628103464266,Sp1733-1654
228500.69950819525,None,7.15087599811966,31.313073202193483,10.042096991735223,29.22984273529176,52.850069950819524,Sp1734-0849
198195.0199597319,None,5.537310934132191,29.368942909836235,8.390847866372527,27.347163088120926,49.81950199597319,Sp1734-1151
44909.07118413183,None,-2.3153459627588244,18.52077215959936,0.2591981923114051,16.82377719165918,34.49090711841318,Sp1734-2711
318883.7985772257,None,11.308820137089844,37.24809581859146,14.280418748625477,35.00605018020396,61.88837985772257,Sp1735+0012
581965.0752579629,None,22.840764734929127,48.62057663337463,25.68171084260748,46.22050945967401,88.19650752579629,Sp1735+2634
392.1399303836829,None,-2.75895747329252,18.219794303217924,-0.1949808388903657,16.539504477374223,33.92139930383683,Sp1735-2745
-0.5,None,-12.103769416566129,4.430205543562075,-10.058378153832116,3.178061012519806,15.499196907792102,Sp1735-4611
-2743.0098182657225,None,-6.435852892155758,13.472035128059572,-4.032481234830293,11.949559552197325,27.256990181734277,Sp1736-3425
412174.02462162584,None,28.412157873932912,49.563491311890296,30.684150326875333,47.70841115261406,71.21740246216258,Sp1737+4705
565685.8271397693,None,21.338579238895242,49.12759437291771,24.20036222189733,46.711077186948714,86.56858271397694,Sp1739+2454
327663.29647370713,None,29.562330265808058,47.57153686257029,31.473417657510804,46.09441279997261,62.76632964737071,Sp1739+5532
413695.68929775397,None,14.38400759059842,43.75846357116594,17.37365200677308,41.39388150012032,71.3695689297754,Sp1741+0940
502321.7309276231,None,17.842127683804357,48.08396244890961,20.77801926653286,45.65339128326301,80.23217309276231,Sp1743+1832
531343.3516004715,None,19.07360852462569,49.058588977962124,21.977592483500914,46.62603626744878,83.13433516004716,Sp1743+2127
295752.12659948185,None,29.484456909744143,46.790562908878194,31.241121414809783,45.47257135312427,59.575212659948185,Sp1743+5844
2.8633001688769824,None,29.182104357648086,31.39722512298406,29.446913220810565,31.22947229953818,32.86330016887698,Sp1743+8526
-0.5,None,-18.785985114705234,-4.36522860863067,-17.182235322030127,-5.276185278034835,3.119671986853124,Sp1744-5834
150077.50591593463,None,0.7869159432466357,27.94268004512098,3.5934598270274396,26.074615303311802,45.007750591593464,Sp1745-1640
592193.8029149955,None,21.430490659341842,51.56268278671925,24.2086943521276,49.18600998706277,89.21938029149955,Sp1746+2903
507781.53353594104,None,24.39480710380848,52.125437340641945,26.97162840121097,49.93342134393724,80.7781533535941,Sp1746+3731
377407.2282561262,None,27.76200794066892,50.088296733324796,29.884905722281072,48.3965792532979,67.74072282561262,Sp1746+5034
258268.06748540953,None,5.996291835180784,35.55140849809711,8.935672143708468,33.46042057271548,55.82680674854095,Sp1746-0551
-5427.002134550172,None,-7.158952907022203,16.494490318805962,-4.666592947664994,14.975956507352349,29.457299786544983,Sp1746-3214
543509.661308276,None,18.2392268776566,50.828710348163106,21.118711428402676,48.39769526253243,84.3509661308276,Sp1749+2241
438995.0124986454,None,25.633768034809183,52.223861593444994,27.986209461361756,50.27458111279943,73.89950124986454,Sp1750+4424
521230.9564419796,None,22.83845672876541,53.32505013536208,25.441618891214606,51.09453031733381,82.12309564419796,Sp1751+3610
186.66073537834757,None,-7.163928730707627,19.20370985847855,-4.594486066152647,17.666601447279778,31.866607353783476,Sp1752-2949
-0.5,None,-14.028802707059176,7.334803503895824,-11.883519190844293,6.1321226668278115,16.913780978008443,Sp1752-4446
-0.5,None,-25.672177737394364,-18.111920678465623,-24.92248282853492,-18.516286146978498,-15.011573703356532,Sp1752-7642
8487.344112302588,None,-4.0031481145682335,24.32898434652094,-1.2918932862420849,22.64605112190117,38.48734411230259,Sp1753-2312
-0.5,None,-22.55673680235175,-9.587961838485157,-21.26371921304387,-10.276758910832596,-4.302870001408349,Sp1753-6559
241696.12628422826,None,28.79581111191235,45.331827676298786,30.27397289882308,44.29995999800482,54.169612628422826,Sp1754+6408
298949.78926567896,None,27.89182592481991,48.33479023001586,29.65518403550807,47.035747836017606,59.894978926567894,Sp1755+5824
302594.7030393265,None,6.17195161039992,40.151642833394305,9.149232315040692,38.00946276587735,60.259470303932645,Sp1755-0126
10988.582797405357,None,-3.4721205711719345,26.736646060561117,-0.706936040082193,25.017832244031872,40.98858279740536,Sp1756-2042
45666.74506890123,None,-6.4683134232075705,21.73103546762789,-3.8294712987177575,20.151973413717823,34.56667450689012,Sp1756-2707
213.13674862974565,None,-7.6754353764832075,19.862654645601797,-5.090389281560868,18.33914741319454,32.13136748629746,Sp1756-2933
-0.5,None,-14.896351545165723,7.33547559764131,-12.756508978315418,6.165737014238006,16.39162558992223,Sp1756-4518
434093.34076603927,None,11.847747091649042,48.13456528053069,14.82252371761594,45.771888964563594,73.40933407660393,Sp1757+1142
176041.47930880744,None,29.10509486727856,41.67784093364829,30.228300365738875,40.94695124309911,47.60414793088074,Sp1757+7042
187996.33487090966,None,0.14514911645282402,32.67497777851026,3.0277597157586245,30.787953026688914,48.799633487090965,Sp1757-1253
-0.5,None,-14.675788302295198,8.265105591994356,-12.499385538375527,7.07990338394355,17.3764564480315,Sp1757-4419
563448.2772881901,None,20.188527623544736,54.39482885891121,22.885122296671188,52.06144541059062,86.34482772881901,Sp1758+3157
3613.9093707940046,None,-7.379819104172436,21.312557824204532,-4.7554318893509455,19.7686303435644,33.613909370794005,Sp1758-2804
261.5494686496113,None,-7.953594151173534,20.600154347451912,-5.350114316740414,19.081559623771977,32.61549468649611,Sp1758-2904
342827.57488367084,None,7.116019078568644,43.53887947375733,10.107359020053254,41.33415976096158,64.28275748836708,Sp1759+0235
157058.47306974264,None,-1.8853425717825776,30.81320785125008,0.961171748679268,29.008981099863977,45.70584730697426,Sp1800-1559
135936.86354118134,None,28.963795441781233,39.31602920859127,29.860258964526363,38.76296914850047,43.593686354118134,Sp1801+7442
3282.4679736469234,None,-8.069349699522535,21.422693668881784,-5.444972313342073,19.902690451209605,33.282467973646924,Sp1801-2825
174895.11846631268,None,-1.457063410840404,32.46713278640123,1.4169843210217132,30.634944540551704,47.48951184663127,Sp1802-1412
158653.97144597472,None,-2.571722015472503,31.509132857918775,0.2837462765264933,29.72266921593876,45.86539714459747,Sp1803-1550
11775.410927926088,None,-9.412527847178351,19.99829715842419,-6.831157599592573,18.5364534137507,31.17754109279261,Sp1803-3031
154199.2151422282,None,-3.004267488192326,31.339486472848446,-0.15297998443107588,29.56927442349144,45.41992151422282,Sp1804-1616
2076.0077984782656,None,-10.093692558051092,19.38115934633684,-7.532006380326335,17.948309826546325,30.207600779847827,Sp1804-3129
-3057.8873337282175,None,-10.466375048365158,19.05902916263792,-7.915191597216794,17.642001753991895,29.69421126662718,Sp1804-3200
173219.597761175,None,-2.314811922862278,32.935072901019744,0.5633775646853193,31.128232683549484,47.3219597761175,Sp1805-1422
37214.733087371525,None,-8.74736334829413,22.376174989068353,-6.101525626276574,20.874334863012113,33.72147330873715,Sp1805-2758
588875.5330956228,None,17.47119557242014,55.984251211923606,20.20692244927245,53.60213550557445,88.88755330956228,Sp1806+2923
380403.69700039603,None,24.430574409141784,53.35236325730675,26.53547223569774,51.697558315588275,68.0403697000396,Sp1807+5015
252723.37790299396,None,1.2233690529998231,38.94059135103932,4.180879796386374,36.96099773069345,55.272337790299396,Sp1807-0625
67154.2990083352,None,-7.71401062120717,25.001973398272007,-5.002009588641234,23.4449920806451,36.71542990083352,Sp1807-2459
529109.9889983607,None,19.47104817201668,56.63214910571441,22.06408919180531,54.3792055894786,82.91099889983607,Sp1808+3523
4039.8053970778205,None,-9.237899020434718,23.06075267435769,-6.576976095535237,21.572361324341774,34.03980539707782,Sp1808-2739
546807.9996992549,None,14.336211194329108,55.15473465158493,17.182365436692564,52.72176292939355,84.68079996992549,Sp1809+2259
372310.91279603547,None,5.816242652626241,47.742178872378595,8.806351715785356,45.52393768019593,67.23109127960355,Sp1812+0531
573038.7258857758,None,14.717955091888076,56.59484512051521,17.515350809808076,54.17018847750234,87.30387258857758,Sp1812+2536
60024.81132756614,None,-9.342303899788513,25.3070972237129,-6.628982030017696,23.807964515033376,36.002481132756614,Sp1813-2542
160969.10704994842,None,-4.79236244715082,33.401509081100315,-1.9146679206563748,31.678516192828592,46.09691070499484,Sp1814-1536
112785.23573827982,None,-7.018400437274354,29.605500062089106,-4.2098502704734,27.991600054789053,41.27852357382798,Sp1814-2025
-0.5,None,-17.778405819204213,9.051095747960575,-15.590743849224966,7.979743634512798,16.338156377974332,Sp1814-4522
9080.224695344605,None,-8.284934294089911,28.01887018327208,-5.51064465088015,26.462631363315285,39.080224695344604,Sp1815-2237
419989.94559098565,None,6.952943148272455,51.486880963413434,9.921984790636724,49.191403037600814,71.99899455909856,Sp1817+1017
472528.5158727313,None,19.420019042509193,58.21574905491841,21.82717514805584,56.16953930694649,77.25285158727313,Sp1819+4101
222771.93181281703,None,26.4587669544523,46.29420750982321,27.82248878189627,45.433306947632275,52.2771931812817,Sp1819+6600
-0.5,None,-16.734142962355627,13.613531934742374,-14.377854494851992,12.469585024078683,21.15830868692018,Sp1819-4032
-0.5,None,-22.92422948015445,-1.1649273298535654,-21.211074894422524,-1.9400486783555653,3.8020593272094523,Sp1819-5754
459410.24343394046,None,7.845047511940278,54.41787715570228,10.780347449854247,52.06464648106468,75.94102434339405,Sp1821+1414
-0.5,None,-24.034281966565644,-3.7302030458660265,-22.45827391470079,-4.430468833829059,0.6805976112199563,Sp1821-6101
489270.27124645974,None,18.269252157810982,59.107885955613185,20.72044905071055,56.998141486369356,78.92702712464597,Sp1822+3921
477564.46267497086,None,18.674579486198365,58.91305022348026,21.090096047905917,56.85105670278407,77.75644626749708,Sp1822+4032
150221.52430525701,None,27.253966771200446,41.451931749440305,28.22578054634724,40.90224685877291,45.0221524305257,Sp1824+7316
266914.9184017472,None,-2.002220576240699,43.04987146818078,0.9770676003797026,41.14137738104532,56.69149184017472,Sp1824-0500
260936.2878567638,None,-2.162270583205856,42.51573219380019,0.8139380506020646,40.6183475685265,56.09362878567638,Sp1824-0536
-33.447621833230556,None,-15.39657938403374,18.783102751963483,-12.872066115569579,17.554730865261394,26.655237816676944,Sp1824-3503
-36126.04433693417,None,-15.52090962762525,18.56433041355983,-13.003242904117718,17.342108053105726,26.387395566306584,Sp1824-3519
369137.95280036936,None,22.028126531447583,55.452029968506025,24.056319817146598,53.914653458517954,66.91379528003694,Sp1825+5122
12823.930862472842,None,-8.688032792820884,32.44100094851123,-5.835029988320059,30.870731181076934,42.82393086247284,Sp1825-1853
580280.1014000913,None,13.969790022399456,60.26294029191323,16.64859017375284,57.886334308426626,88.02801014000913,Sp1826+3014
18853.770740427124,None,-6.247779178549345,37.48779397080431,-3.3208741084707487,35.78777228520139,48.85377074042712,Sp1827-1251
339733.3143789928,None,0.4468443659701928,49.004834925594515,3.4383949834389074,46.94209182411881,63.97333143789928,Sp1829+0215
396642.63923236914,None,3.1055059953359465,52.6999820338401,6.078373363865323,50.49879213612475,69.66426392323692,Sp1829+0757
576794.9606242713,None,11.474122112358717,60.38408340706736,14.231982861642166,57.95684544371753,87.67949606242713,Sp1829+2600
17060.687379021452,None,-7.473944782469786,36.339794402314695,-4.562896362343684,34.695758501925,47.06068737902145,Sp1829-1439
13002.64291036106,None,-9.503877981189726,33.171002840526164,-6.641143757254979,31.627753503313325,43.00264291036106,Sp1830-1842
-0.5,None,-26.00833845916363,-6.257951114675441,-24.58773262022395,-6.8423751789686245,-2.878353525512669,Sp1831-6435
541283.3475012352,None,9.022918593721226,60.36373038966726,11.835534147834665,57.93442392532431,84.12833475012351,Sp1833+2225
-21.778946683488662,None,-16.87906618874745,20.87527559745294,-14.299779419175879,19.69332054413415,27.822105331651134,Sp1834-3353
363880.9231594148,None,0.20155013251949974,51.794072146358424,3.1853025873125165,49.704990498142514,66.38809231594148,Sp1835+0440
552672.6749382191,None,13.32522385867716,62.35685842284264,15.918555123481932,60.03961351347661,85.26726749382192,Sp1835+3259
-34.01902554227025,None,-17.82157029692012,20.05699374142814,-15.268031388466898,18.917134616486745,26.598097445772975,Sp1836-3507
47687.12880359743,None,5.182211737205463,58.69194701987211,8.07801441148111,56.344903487341924,77.68712880359743,Sp1837+1558
-0.5,None,-22.38796479870282,8.829353049239538,-20.235229478020667,7.94330188871325,13.795860286521755,Sp1837-4755
58352.03492512116,None,11.204715094165685,63.118058133194786,13.861776880422816,60.730609754519655,88.35203492512116,Sp1839+2952
43865.53203176109,None,17.34553533138126,60.637896122404555,19.597936388392018,58.79885254964357,73.86553203176109,Sp1839+4424
56082.72185163091,None,8.25839007755246,62.703922840302475,11.02134522079487,60.27083408108222,86.08272185163091,Sp1841+2421
-0.5,None,-21.679260981809076,12.79640721335093,-19.373446205251746,11.854193865006108,17.929722175929555,Sp1841-4347
20418.790486944396,None,24.71660973826416,46.50346336377398,25.962575904546245,45.808534222114574,50.418790486944395,Sp1842+6751
31479.93909515354,None,-3.491103895522316,49.4547619248653,-0.49879523689939226,47.53719073275667,61.47993909515354,Sp1842-0014
-0.5,None,-20.28267774063241,17.06498175601713,-17.827051709091286,16.040643922805707,22.623317982032468,Sp1842-3905
-0.5,None,-24.086701419330435,6.215461955385051,-22.051404311757416,5.419066235311153,10.479111687519405,Sp1842-5114
43253.68854800294,None,1.8373298763700734,57.53999948301688,4.771435373804099,55.31027719697863,73.25368854800294,Sp1843+1132
58562.1111439477,None,9.082841141998644,63.59081406372542,11.794738217109993,61.16506867075591,88.5621111439477,Sp1843+2651
47607.08242418885,None,15.172440037888805,62.617091973367245,17.535132666399974,60.60335922415356,77.60708242418885,Sp1843+4040
287993.3208488377,None,-5.0652176074708,47.68201710990756,-2.0734679587584437,45.84765412787862,58.79933208488377,Sp1843-0255
38916.27268900331,None,-0.6465779874976247,55.22232862412022,2.3186839208585717,53.11849915205818,68.9162726890033,Sp1845+0711
49377.863202796776,None,14.080000015912622,63.474879901511265,16.490986478749402,61.38216805386324,79.37786320279677,Sp1845+3853
6134.506256523054,None,-15.619923116606293,29.224672598965864,-12.838691399181346,27.949978226103298,36.13450625652305,Sp1845-2535
-0.5,None,-27.304695266477225,-5.037758299323127,-25.837212650627436,-5.582084543880683,-2.238044093221894,Sp1845-6357
-1112.1669238093652,None,-18.701380079432756,22.970677736832528,-16.070217033680304,21.851654908076227,28.887833076190635,Sp1846-3250
-260.11360530433194,None,-19.57894280443932,21.807650521394002,-16.980892478901325,20.73012564572222,27.39886394695668,Sp1847-3419
-0.5,None,-28.29310307608533,-9.379632961983912,-27.079751956238983,-9.81845085323242,-7.19977105317532,Sp1848-6855
-0.5,None,-28.889825509114317,-21.34262496193126,-28.42979829041668,-21.51364968664309,-20.516390266701503,Sp1848-8214
7731.995044168386,None,-15.96096890120906,31.15500117458126,-13.143348887061716,29.885974675817092,37.731995044168386,Sp1849-2359
58413.83756163411,None,7.361887959499514,65.39850565286784,10.057668504638766,62.96963376045283,88.41383756163411,Sp1851+2641
28690.510660146843,None,21.299925957706243,53.32321842313766,22.929737159626026,52.32166771665433,58.69051066014684,Sp1851+5935
35320.67196952973,None,18.714903708757646,57.981328748548854,20.622336148952197,56.66207807023199,65.32067196952973,Sp1852+5257
28627.5083136544,None,-7.090294711126414,48.94760521392148,-4.097798005208777,47.188827277185574,58.6275083136544,Sp1852-0305
-0.5,None,-27.024490153215808,1.5598779107065057,-25.221803632142354,0.9277490784855791,4.591617713543335,Sp1852-5708
-0.5,None,-23.050047405013522,16.21670345710246,-20.630976226390246,15.310073223396662,20.594639521457907,Sp1853-4107
377.9528749283834,None,27.606602974744234,33.09780767133617,27.928676348502155,32.96110542647072,33.779528749283834,Sp1854+8429
-0.5,None,-27.263974821729303,1.7168140369056222,-25.45606288599986,1.0931775267431754,4.651335609409406,Sp1854-5704
-0.5,None,-28.9854539244837,-9.386354364541068,-27.7846058210639,-9.7939574420613,-7.506019854011081,Sp1855-6914
24323.510114091656,None,22.18905587842088,50.440235403826016,23.60778970493971,49.65595162763098,54.323510114091654,Sp1856+6356
23350.01054058292,None,-10.417395544068324,45.2623000544499,-7.434979454225168,43.68137100185216,53.35001054058292,Sp1856-0822
43733.087703126585,None,-0.9560701757532518,60.60093377711292,1.9548222297541245,58.42623303509612,73.73308770312659,Sp1857+1200
7382.501922713509,None,-17.939361076997205,31.786235394344004,-15.112471941106628,30.599452041439257,37.38250192271351,Sp1858-2420
43506.95847046801,None,-1.3816060221645527,60.752277521546375,1.529502153303623,58.59265477882066,73.506958470468,Sp1859+1146
-0.5,None,-29.4999015362096,-14.179524320299931,-28.595600614340253,-14.479328175559143,-12.859324775547828,Sp1859-7435
56348.09831774814,None,3.981339709138249,67.61736574819939,6.689299752728066,65.18714484925874,86.34809831774814,Sp1903+2437
53889.288493795546,None,8.821520045641421,67.95906764304391,11.308326809517009,65.70169159984987,83.88928849379555,Sp1903+3422
52914.40138965569,None,9.319318224776485,67.74352395063319,11.78081138842704,65.52659403688342,82.9144013896557,Sp1903+3521
-0.5,None,-25.31628782370298,15.746792286230965,-22.920225198301374,14.936687118423148,19.235631914350797,Sp1904-4229
49392.821463406806,None,0.28711726352824934,65.237820150934,3.1124585418629556,62.931261037380985,79.3928214634068,Sp1905+1740
-0.5,None,-26.553869872800266,11.85774370812692,-24.30422868323237,11.121857110074263,14.989565588324432,Sp1905-4644
48081.24283600489,None,10.961365223495996,66.96016430875612,13.274480743318001,65.00215908800357,78.08124283600489,Sp1906+4011
26481.095303676888,None,-11.151802457647145,49.23597383972983,-8.159474370866603,47.665487264380964,56.48109530367689,Sp1906-0515
-0.5,None,-29.014362121864274,1.0120657295300592,-27.25755599624121,0.46972422799320146,3.262826169782072,Sp1906-5828
36465.5811093223,None,-6.628195062984494,57.38127776894317,-3.6664586786503492,55.51551329278432,66.4655811093223,Sp1907+0443
54373.15163549988,None,1.9827659873801695,68.15092420982411,4.715993234770527,65.74431707890886,84.37315163549988,Sp1908+2238
48215.56368624583,None,-1.307827322129151,65.61791372709058,1.525269195423612,63.366181253537256,78.21556368624583,Sp1909+1629
121035.18525186309,None,-18.202467326356636,37.07705661876124,-15.294258430212864,35.886949803633456,42.10351852518631,Sp1909-1937
46807.939332136644,None,-2.1300035707884692,64.93203158919984,0.7220706497949144,62.729506754680614,76.80793933213664,Sp1910+1504
48765.897528091955,None,-1.102387422469993,65.98055414123004,1.7218906552590585,63.71310285066371,78.76589752809195,Sp1910+1702
31690.867191045156,None,17.80839540786922,57.25353744752531,19.52544769505793,56.235615510368184,61.69086719104516,Sp1910+5634
29047.209078438187,None,-11.59865811583326,52.411352663018896,-8.608788306810455,50.84513198614055,59.047209078438186,Sp1913-0241
20119.72298455099,None,21.99455278255776,47.96392048384638,23.1813880159722,47.42223857418092,50.11972298455099,Sp1914+6808
1592.2908627793645,None,-23.323654308210553,27.9433423408203,-20.57737766765666,27.00305974501974,31.592290862779365,Sp1914-3008
32600.785819525485,None,-10.446658915288566,55.70942455593388,-7.469985607813119,54.060417742480695,62.600785819525484,Sp1916+0051
36888.64408953569,None,-8.499363078066148,59.2424463456648,-5.550259189757278,57.455117825220086,66.88864408953569,Sp1916+0509
141.84511362135373,None,-23.941129408887743,27.997205572781024,-21.193838526103427,27.084149176551204,31.418451136213537,Sp1917-3019
486.3895731512926,None,-24.709422459161686,27.300902514015483,-21.9782103738882,26.42329233833985,30.486389573151293,Sp1919-3115
56157.4812872379,None,0.48141705472060425,71.36628835446945,3.1483303530429256,68.9470188221822,86.1574812872379,Sp1921+2425
2478.7070981647475,None,-24.477861376881094,29.328308862902027,-21.701575130191404,28.437091548380256,32.47870709816475,Sp1921-2915
41034.26595002731,None,-7.844709754918575,63.47129635362022,-4.943915707199331,61.596307038986424,71.0342659500273,Sp1923+0917
-1401.9802520952815,None,-26.18542811248257,25.835477709567233,-23.48985271990541,25.026091055395387,28.59801974790472,Sp1923-3308
51809.493772947506,None,-2.456707204649795,70.44055681787925,0.284676520024595,68.13552256372695,81.8094937729475,Sp1924+2004
55099.09112673233,None,-0.7444387783976006,71.80049559309609,1.9341406980001445,69.40302488359522,85.09909112673233,Sp1924+2322
1270.754185652079,None,23.97289820083781,41.68729898736674,24.77161753793026,41.392442847330905,42.70754185652079,Sp1924+7533
-0.5,None,-30.669046379677283,8.056649124201934,-28.597059820288514,7.520152054363001,9.8341895694639,Sp1924-5154
38746.15816989055,None,-9.34208729194637,61.976577511151234,-6.419709168386836,60.20984199718835,68.74615816989055,Sp1925+0700
41376.770988792996,None,-8.068012428209574,64.03797781643549,-5.174224181408184,62.16892319376259,71.376770988793,Sp1925+0938
-0.5,None,-29.35176731386553,16.465721394006586,-26.941537081888622,15.82272428377675,18.56347251141831,Sp1926-4310
57365.377917646125,None,-0.05598715694415888,72.9875356269181,2.568841485123049,70.55919151645405,87.36537791764613,Sp1927+2537
-0.5,None,-30.62955455901276,11.394762929533611,-28.41607215856844,10.833300142808886,13.182423802093789,Sp1927-4833
44775.15754265217,None,-6.934295109643185,66.98921799757808,-4.089294059670165,65.00473198821275,74.77515754265217,Sp1928+1301
55392.90150882962,None,-1.2852205142454787,72.64960514772969,1.378084397574192,70.25216951656782,85.39290150882962,Sp1928+2339
54191.425877664245,None,4.113977567363818,73.16662996340483,6.531403990547321,70.94161094794538,84.19142587766424,Sp1928+3403
-0.5,None,-29.99612954684689,15.887603673321776,-27.608031994361376,15.274789460432665,17.805803638000665,Sp1928-4356
-0.5,None,-30.507000638878864,12.924743859005174,-28.231902183061596,12.348909983250497,14.736115366754284,Sp1928-4700
4276.872973956592,None,-8.239495280266901,65.76663995523906,-5.370175358916259,63.88444551132428,72.76872973956593,Sp1929+1101
26760.674844377172,None,-16.187487922582743,52.42052726476757,-13.197338364092943,51.10743356568668,56.76067484437717,Sp1929-0458
1638.313699719545,None,-21.058330117279276,43.052085625198714,-18.08998423393642,41.99817204730188,46.38313699719545,Sp1930-1521
4212.503515498782,None,-9.285326374082324,65.8186102153086,-6.413976586662297,64.00474414446161,72.12503515498781,Sp1933+1022
5148.711675870702,None,-4.414683341314074,72.09009959817155,-1.6903872470770014,69.84239098259745,81.48711675870702,Sp1933+1944
5357.582147167179,None,-3.2920173102913117,73.0889869082786,-0.6074197006071638,70.75801634924731,83.57582147167179,Sp1933+2150
2357.3032607636114,None,-18.477150898377655,49.92828174705432,-15.484608169891649,48.745056186747945,53.573032607636115,Sp1933-0810
297.3314444820602,None,-27.28593992394236,30.80873808974243,-24.477718640356915,30.045924280689107,32.9733144448206,Sp1935-2846
2681.772273615247,None,-17.69448269880871,53.22233208652707,-14.706584829318329,51.998940489363875,56.81772273615247,Sp1936-0455
1775.7216329798503,None,-21.89570597018364,44.89680177125543,-18.915759843621665,43.89154203227979,47.7572163297985,Sp1937-1359
4489.515516131774,None,7.404366204755176,70.15260560809254,9.514885257650471,68.64942848988072,74.89515516131775,Sp1938+4321
-0.5,None,-31.559123927846336,17.627278053582295,-29.112407691314854,17.07471263925227,19.093988051653813,Sp1939-4239
-0.5,None,-33.35817902628361,2.9349313026622474,-31.548584769585098,2.5584490579719503,3.91042377187709,Sp1939-5750
4436.178042326303,None,-9.550398285596978,68.62851147958973,-6.724137317992823,66.7966275787024,74.36178042326303,Sp1940+1237
-0.5,None,-33.22012133193066,-6.454591726011354,-31.92317423532286,-6.71776158190752,-5.799821613184328,Sp1941-6733
5097.9193129940295,None,-6.558122518890465,73.64670978830465,-3.850180136471458,71.49229718944264,80.9791931299403,Sp1942+1913
-0.5,None,-31.907242235387876,19.144722583174357,-29.409073180900943,18.602434374348455,20.500764087233815,Sp1942-4115
-0.5,None,-33.80942951284889,-0.4447985036577422,-32.181410644358124,-0.7643352989345279,0.32680776030761477,Sp1943-6125
3354.6762077721773,None,-16.067988594482834,60.11670749239605,-13.123296456028276,58.80196669498287,63.54676207772177,Sp1944+0147
5170.314541032238,None,-6.4216519023520355,74.32933955044616,-3.731545936297373,72.14639202900486,81.70314541032238,Sp1944+1957
3376.7023864830653,None,12.370058271624961,61.7890659021744,14.066853048817038,60.99234608037235,63.767023864830655,Sp1945+5428
579.7412003109066,None,-28.369187581568095,34.11438425617243,-25.49894456449865,33.40870228573664,35.797412003109066,Sp1945-2557
-0.5,None,-33.60077497894583,11.645590651618932,-31.389526788730503,11.20943285977947,12.673202440696718,Sp1945-4904
5068.169279588939,None,-7.3964066567090585,74.1119493634073,-4.6927004016501295,72.00682883992465,80.68169279588939,Sp1946+1856
1999.8599445760462,None,-23.06663454923999,47.79937547028383,-20.07590244215775,46.87313445239798,49.99859944576046,Sp1946-1145
4896.189457457735,None,-8.974819205001008,73.54431542751664,-6.248329626006353,71.58159376499316,78.96189457457736,Sp1949+1713
5646.891652580702,None,-4.826998201545318,77.6853645576633,-2.254242892642485,75.30286557938997,86.46891652580702,Sp1949+2445
5633.930356598718,None,-5.045909310679925,77.79952168863916,-2.472604805971948,75.42415388888102,86.33930356598718,Sp1950+2436
5400.842376013648,None,-0.04618219807946406,77.88534167118578,2.2789246344286447,75.79085359054538,84.00842376013648,Sp1953+3414
4383.005544213206,None,5.725535736336515,71.11020173475302,7.746224387997425,69.88439876114161,73.83005544213206,Sp1953+4424_1
4382.924528172662,None,5.724477280547282,71.11061783603108,7.745101374180217,69.88502592606054,73.82924528172661,Sp1953+4424_2
4977.670480952429,None,-9.555220999473262,75.0048512887198,-6.859217129239233,73.06257603575133,79.77670480952429,Sp1954+1801
3885.425938483324,None,8.460442392943154,66.92047198734436,10.311846774329972,65.99687637709883,68.85425938483324,Sp1954+4923
4261.552504290866,None,-13.616237512866807,69.38080790029694,-10.798482695347081,67.88028566497026,72.61552504290866,Sp1955+1052
1848.711826694384,None,-25.617919402023258,46.96233539047804,-22.628183058792434,46.18024796438577,48.48711826694384,Sp1955-1316
-0.5,None,-33.83074233402543,-10.004062354669843,-32.76205904265266,-10.179750361666134,-9.677193171877509,Sp1955-7126
3263.6525502087325,None,-19.207873197533374,60.523715582142735,-16.27088648827668,59.442936721872584,62.63652550208732,Sp1956+0052
4618.950974521428,None,-11.88174360512799,72.51032015886935,-9.12484191206628,70.8311419192813,76.18950974521428,Sp1956+1426
1385.1761596016686,None,-27.714318834927365,42.52514038951215,-24.744420777491104,41.827363080852415,43.851761596016686,Sp1956-1754
5589.674090455448,None,-6.696445370512234,79.17835498935209,-4.138032205882853,76.85492235921285,85.89674090455448,Sp1957+2408
5412.098939074558,None,-8.049796177553857,78.69034691205167,-5.45894207475084,76.49641991245788,84.12098939074558,Sp1959+2223
5723.25875005261,None,-3.0983657205835766,80.35014643066894,-0.7123178468258472,78.03028981564636,87.2325875005261,Sp2000+3057
3855.1517175235263,None,-17.23427447454979,66.50269560296397,-14.373333097053349,65.32007823122062,68.55151717523526,Sp2001+0647
2639.6777858769888,None,-23.647505982435046,55.06842776570624,-20.67182698883676,54.24919874744779,56.39677785876989,Sp2002-0521
-0.5,None,-36.1021221583693,16.664552494918816,-33.696625669628716,16.313585258857476,17.213092890590893,Sp2002-4433
-0.5,None,-36.46001936907418,6.890303525037971,-34.48026783955833,6.6107225008273165,7.332518909744332,Sp2002-5425
1748.608957739269,None,-28.126255446644663,46.533061836526514,-25.136349976215058,45.897254776486534,47.48608957739269,Sp2004-1416
2288.113551788994,None,-26.095085172436505,51.87885409752976,-23.107095825835362,51.18328114884079,52.88113551788994,Sp2006-0852
3833.6472868260244,None,-19.151484976650693,67.06030742023556,-16.306487003594707,66.07132167479615,68.33647286826024,Sp2010+0634
445.400636496987,None,-16.141578283133136,73.06143324069085,-13.402945900129897,71.85640819711344,74.5400636496987,Sp2012+1246
482.15967101222066,None,-13.998500346260187,76.36086282594808,-11.329109499978726,74.91718794244949,78.21596710122206,Sp2012+1627
-0.5,None,-38.183195633660716,4.820317196450789,-36.32219172214842,4.633644931974528,5.005271398857469,Sp2015-5645
490.8570623901876,None,-14.233904440752092,77.56593325782252,-11.595324247190662,76.16775922544927,79.08570623901876,Sp2016+1719
2100.1680673545416,None,-29.228122531629147,50.514808229428866,-26.238623576151575,50.009116517210124,51.001680673545415,Sp2016-1045
316.34912014433246,None,-24.307305641396262,61.03639464880938,-21.391910594993846,60.3874705734532,61.63491201443325,Sp2018-0007
2474.742339912347,None,-27.882410739479024,54.28338165359892,-24.909344212144504,53.75866094608433,54.74742339912347,Sp2018-0701
-0.5,None,-38.60660569398474,3.3720924977472877,-36.827113637235335,3.2182890369309787,3.493591234665001,Sp2019-5816
521.5949159636433,None,-3.2884458596648685,80.82231168409977,-1.1250228682408616,79.41461535194775,82.15949159636433,Sp2020+3603
540.3824068972073,None,-12.209503171192248,82.41149743329258,-9.698601638781518,80.6588318827201,84.03824068972072,Sp2021+2216
-0.5,None,-39.11020028325861,21.867500609095,-36.518649321441096,21.64378936822275,22.02614342318376,Sp2022-3944
-0.5,None,-39.644133307214595,18.556686728674254,-37.16873827671233,18.358114705180512,18.686833634298647,Sp2023-4305
231.780807609727,None,-30.19076312918059,52.96154405634142,-27.214179471630278,52.57773818399577,53.1780807609727,Sp2025-0835
364.3179714800547,None,-23.531559375450605,66.13157987712808,-20.69643973738939,65.5780303662771,66.43179714800547,Sp2026+0439
20.53381267303969,None,-38.065116435184585,31.928001794493866,-35.21017690180023,31.694752406334576,32.05338126730397,Sp2026-2943
576.9014530214854,None,-10.897696073742518,85.86400762543708,-8.497124047062409,83.67368854126651,87.69014530214854,Sp2027+2555
315.91682546979246,None,-26.499990853827605,61.38727705677954,-23.602039138462448,60.95202066006285,61.59168254697924,Sp2028-0010
303.8792174781248,None,9.465380448458488,60.288896531271945,10.881016449966449,60.06856716527993,60.387921747812484,Sp2029+5750
426.37838542230753,None,-20.946108940130337,72.44564291283855,-18.23103166419446,71.88006552093728,72.63783854223075,Sp2031+1052
463.01020696770905,None,-1.2749572169489096,76.1273488868125,0.659684324651793,75.60024836392395,76.3010206967709,Sp2032+4155
-0.5,None,-37.40581638073009,-7.5504107012375075,-36.25863350773864,-7.605108879647705,-7.537089162586258,Sp2032-6918
597.8712107814727,None,-10.342443791812709,87.92089889269536,-8.032182562402827,85.49360014669237,89.78712107814727,Sp2033+2823
568.9408902151655,None,-8.416482050473576,86.27059184876204,-6.183469506218812,84.56356026556288,86.89408902151655,Sp2033+3119
402.1875112236111,None,-23.002663514550814,70.13711834079776,-20.253144735730885,69.72616705989739,70.21875112236111,Sp2034+0827
410.84291338336516,None,1.835400282951296,71.01858821465818,3.594514141959572,70.71494483981355,71.08429133833651,Sp2034+4708
6.074424058206027,None,-40.304539350967694,30.586342450754476,-37.46863234307836,30.45519042884017,30.607442405820603,Sp2035-3110
-0.5,None,-41.89847797310465,17.937573289687084,-39.445669880424546,17.840301621720776,17.952362884186343,Sp2035-4349
229.89327027896115,None,-32.668249703677446,52.964162402063394,-29.69918572096663,52.769371178673595,52.98932702789612,Sp2036-0847
201.4466929784985,None,-34.06137400504027,50.12418508197515,-31.077085637526107,49.94921042816929,50.14466929784985,Sp2037-1137
-0.5,None,-42.33919817653559,21.43767310342426,-39.755331251074395,21.36077395523213,21.440883749093597,Sp2038-4020
-0.5,None,-41.95175325769253,9.39195866285885,-39.88336153321391,9.331104314786959,9.395605043020744,Sp2038-5223
23.345494777289915,None,-40.76832961187627,32.33271078044325,-37.894494240095156,32.2408600574209,32.33454947772899,Sp2039-2926
557.9830400263501,None,-9.241656001580845,85.798304002635,-7.08675100946287,85.194507946255,85.798304002635,Sp2042+3225
267.73704387834414,None,-32.11102568267466,56.773704387834414,-29.18256593510359,56.673031836295756,56.773704387834414,Sp2042-0500
234.1961811148596,None,-33.67395478512087,53.41961811148596,-30.71343339761413,53.32016027123416,53.41961811148596,Sp2042-0821
470.6262550142674,None,-20.774965578771496,77.06262550142674,-18.200955069931872,76.90404519444266,77.06262550142674,Sp2044+1517
-0.5,None,-40.43432422279404,-1.7530340419307968,-38.97784289439763,-1.7635652382730527,-1.7530340419307968,Sp2045-6332
460.9873378090326,None,-21.883705475112652,76.09873378090326,-19.300962530154504,76.06904697841655,76.09873378090326,Sp2047+1421
236.21539331591933,None,-34.69943605231034,53.62153933159193,-31.746694823981304,53.6139785657391,53.62153933159193,Sp2047-0808
557.0444999386623,None,-10.30947647686799,85.70444999386623,-8.183223684542295,85.82336460368607,85.70444999386623,Sp2049+3216
544.1812668702719,None,-9.426466214192198,84.41812668702718,-7.338354917339838,84.52774404552828,84.41812668702718,Sp2049+3336
144.7784605480581,None,-39.23038847246123,44.47784605480581,-36.23797853935656,44.50606081946304,44.47784605480581,Sp2049-1716
120.11044844719059,None,-40.03567678499039,42.01104484471906,-37.0484871882419,42.03059462692306,42.01104484471906,Sp2049-1944
368.3125368163023,None,-28.552217095006647,66.83125368163023,-25.801241018431895,66.9561108884785,66.83125368163023,Sp2052+0510
171.213574593924,None,16.301651625759902,47.1213574593924,17.132985646792385,47.13898530932876,47.1213574593924,Sp2052+7104
84.27460708196996,None,-41.844484386667325,38.427460708196996,-38.87737272842238,38.48091372586635,38.427460708196996,Sp2052-2318
-0.5,None,-44.690765492246726,13.77185376174438,-42.41878531246679,13.807488666406021,13.77185376174438,Sp2052-4758
-0.5,None,-40.90540971714202,-2.7565270412451546,-39.5204806629769,-2.7312784521261637,-2.7565270412451546,Sp2052-6431
34.701541055591704,None,-30.010651373195874,64.7015410555917,-27.224493712746774,64.84387998966059,64.7015410555917,Sp2053+0303
544.069519736862,None,-10.213279208600905,84.4069519736862,-8.138177922965463,84.89249113291454,84.4069519736862,Sp2053+3319
-0.5,None,-43.85235793913966,7.591994764078844,-41.890635288423674,7.626924514907474,7.591994764078844,Sp2053-5409
286.895841850908,None,-34.206765164940556,58.6895841850908,-31.33486770339592,58.89229193021192,58.6895841850908,Sp2057-0252
-0.9726882619046116,None,-45.77943940783871,29.02731173809539,-42.95198980359498,29.155590473807393,29.02731173809539,Sp2100-3236
34.51689761751764,None,-31.457992632204352,64.51689761751764,-28.696633045979436,64.84011248635296,64.51689761751764,Sp2101+0307
38.51049382606665,None,-29.589412617991705,68.51049382606665,-26.92773931075553,68.99470489902292,68.51049382606665,Sp2104+0722
54.52867146150672,None,-13.489919441190755,84.52867146150672,-11.412672943395998,86.3754540000897,84.52867146150672,Sp2104+3100
20.804175895408733,None,-39.51083449807746,50.80417589540873,-36.5557388982602,51.073987754507144,50.80417589540873,Sp2104-1037
39.45070022536257,None,-1.117212682541806,69.45070022536257,0.4492895250683557,69.80531421371406,69.45070022536257,Sp2105+4816
14.563833447614108,None,-42.76251429850646,44.56383344761411,-39.77208250095765,44.83252439613249,44.56383344761411,Sp2106-1650
-0.5,None,-47.57287683899169,20.816332783339348,-44.99473952793573,20.976791955777713,20.816332783339348,Sp2106-4044
28.08907811044169,None,-36.35598017025592,58.08907811044169,-33.50400222590116,58.48255751214313,58.08907811044169,Sp2107-0307
-24.526088487221642,None,-47.43071842285603,27.547391151277836,-44.63147225838683,27.74251686969768,27.547391151277836,Sp2107-3357
-0.5,None,-47.54945852576911,15.82581736691947,-45.183243016854156,15.98182112449009,15.82581736691947,Sp2107-4544
-0.5,None,-45.89430094819935,5.895389033394782,-44.04647827689382,6.03367311659593,5.895389033394782,Sp2110-5540
3.7180021903415224,None,24.67617862362061,33.71800219034152,24.920181620035592,33.743215160700636,33.71800219034152,Sp2112+8427
34.20762698412442,None,-34.10777473642725,64.20762698412442,-31.41442901717147,64.89966256855973,64.20762698412442,Sp2116+0341
50.6238430166473,None,-21.31580687660151,80.6238430166473,-19.083585281539225,82.48241255103655,80.6238430166473,Sp2116+2238
50.256255727627234,None,-12.883712012473318,80.25625572762723,-10.983116169556945,81.91800725831679,80.25625572762723,Sp2117+3428
-0.5,None,-49.47913042152234,16.231107527369563,-47.09200509403545,16.471677647725834,16.231107527369563,Sp2118-4505
40.055738209239436,None,-30.627014697547985,70.05573820923944,-28.107955642259316,71.07168362494816,70.05573820923944,Sp2120+1021
-0.5,None,-50.27483590192458,19.71563314193036,-47.72949306023883,19.995244328976195,19.71563314193036,Sp2120-4130
49.768125095555746,None,-20.903458789724418,79.76812509555575,-18.81650880273723,82.11615774057839,79.76812509555575,Sp2126+2531
-0.8437360186805023,None,-51.15872725815629,29.156263981319498,-48.29105817375165,29.556218773210055,29.156263981319498,Sp2126-3143
-0.5,None,-34.132721919132734,-20.034542148147754,-33.75190913655671,-19.967149293192566,-20.034542148147754,Sp2126-8140
44.645627650061925,None,-27.339990450472737,74.64562765006193,-25.026553702973402,76.23273304675287,74.64562765006193,Sp2127+1652
31.200995696035818,None,2.531412721586517,61.20099569603582,3.750282829116642,61.68247353259051,61.20099569603582,Sp2127+5553
-0.5,None,-51.424550249538086,18.775758732370434,-48.914852797373314,19.104463458581325,18.775758732370434,Sp2127-4215
-0.5,None,-38.3397419316662,-13.614942462501585,-37.63346249546019,-13.500157566503082,-13.614942462501585,Sp2127-7508
-0.5,None,-43.997765781765004,-3.811845434542772,-42.74642502367561,-3.630229989428876,-3.811845434542772,Sp2128-6510
21.243727798433753,None,-44.248828450483146,51.24372779843375,-41.36409343924539,51.96236682030794,51.24372779843375,Sp2130-0845
41.47062110224984,None,-30.379671637404062,71.47062110224984,-28.011588760154485,72.94962679795043,71.47062110224984,Sp2132+1341
47.66093164400064,None,-23.445703328046033,77.66093164400064,-21.341868870288412,79.89790795322025,77.66093164400064,Sp2133+2321
47.642805733215894,None,-23.134460609183332,77.6428057332159,-21.05968779669229,79.94140123276388,77.6428057332159,Sp2134+2404
45.033155944080775,None,-11.794544219056654,75.03315594408078,-10.118252279111234,76.57968706579774,75.03315594408078,Sp2134+3838
-0.2539264113734596,None,-53.011210525866076,29.74607358862654,-50.11459703005135,30.249897114418587,29.74607358862654,Sp2135-3040
-1.400167342140751,None,-53.009369935606145,28.59983265785925,-50.14025021193059,29.08476492074864,28.59983265785925,Sp2135-3153
41.60848345698699,None,-30.39515185396983,71.60848345698699,-28.08927870067208,73.26398885070304,71.60848345698699,Sp2137+1450
23.83775673236334,None,-43.80755078874472,53.83775673236334,-41.00243590621647,54.72348506955352,53.83775673236334,Sp2137-0527
-0.5,None,-43.60138237834803,-6.171599091246689,-42.507990662877766,-5.965663936307881,-6.171599091246689,Sp2137-6723
-0.5,None,-41.91532642411412,-8.9495408012639,-40.97745939586196,-8.766839421842434,-8.9495408012639,Sp2137-7014
33.22058145806927,None,-0.7580923064638512,63.22058145806927,0.4891142937246096,63.93005640573393,63.22058145806927,Sp2138+5257
43.744997110626386,None,-11.605394163522032,73.74499711062639,-9.986118781543016,75.28594381017228,73.74499711062639,Sp2139+3934
27.854714821342675,None,-41.59475004384404,57.854714821342675,-38.90323757503296,58.89946844532937,57.854714821342675,Sp2140-0050
-0.5,None,-51.736414709937876,9.404923418999608,-49.72427946300096,9.767525388564218,9.404923418999608,Sp2141-5118
-0.5,None,-33.17326034387634,-22.05071247197585,-32.904864159661464,-21.976047118587413,-22.05071247197585,Sp2143-8337
10.650960836999793,None,-51.84442596148524,40.65096083699979,-48.8614089158162,41.39974483275665,40.65096083699979,Sp2144-1847
43.888254895912894,None,-14.237835074008562,73.8882548959129,-12.606575096431236,75.73131627465915,73.8882548959129,Sp2146+3719
31.812481588264276,None,-39.5246795368081,61.812481588264276,-37.02284468557061,63.1857932433496,61.812481588264276,Sp2148+0447
33.33748488011176,None,-38.27847401163687,63.33748488011176,-35.828933942270154,64.78890206592212,63.33748488011176,Sp2148+0639
-0.5,None,-49.752359686570536,2.581562302355612,-48.16760391856925,2.9240116505560527,2.581562302355612,Sp2149-5805
-0.5,None,-45.31884631433132,-5.2749299799230345,-44.20513953627512,-5.006752863299688,-5.2749299799230345,Sp2150-6610
-0.5,None,-25.989714015503196,73.91295453497959,-24.01894159012054,76.26347058112145,73.91295453497959,Sp2151+2328
16.789709453726907,None,-50.065300588975454,46.78970945372691,-47.18108951304487,47.74621863257594,46.78970945372691,Sp2151-1141
-0.5,None,-56.1615645874559,19.651343150700715,-53.5847277297989,20.19412937331535,19.651343150700715,Sp2151-4017
-0.5,None,-21.23842618529138,74.4188621545376,-19.46078245718199,76.81125039915943,74.4188621545376,Sp2153+2950
-0.5,None,-55.97399949857316,14.811730665909836,-53.649174140447656,15.335897110602934,14.811730665909836,Sp2156-4505
-0.5,None,16.69463322229009,41.69565975858507,17.1817081245509,41.933153089697754,41.69565975858507,Sp2157+7537
-0.5,None,-57.24833687540886,31.490338614269152,-54.28354001269457,32.25599455129369,31.490338614269152,Sp2157-2726
-0.5,None,-52.046006457134006,4.678586261310666,-50.349191037449664,5.095823735863752,4.678586261310666,Sp2157-5534
-0.5,None,2.3569281591418996,56.93083239280634,3.335038273038247,57.630527075867526,56.93083239280634,Sp2158+5836
-0.5,None,-53.52866287224471,42.316589210986486,-50.590830973496196,43.27810841863861,42.316589210986486,Sp2158-1550
-0.5,None,-0.34225672697070053,59.30215237139297,0.7059051972254938,60.139222627203246,59.30215237139297,Sp2200+5536
24.536728561298993,None,-46.32302793109861,54.53672856129899,-43.71904010039955,55.88160018422688,54.53672856129899,Sp2201-0145
-0.5,None,-2.6216071554360436,61.144566673701505,-1.518704487209335,62.11367907413417,61.144566673701505,Sp2202+5305
-0.5,None,-52.165109479809026,3.2665892378123114,-50.57182995203919,3.705538102262849,3.2665892378123114,Sp2204-5646
-0.5,None,-52.747826084742705,45.8849650508411,-49.92040948107034,47.03711882612113,45.8849650508411,Sp2205-1104
-0.5,None,-57.32211543514923,36.9916665304803,-54.339126794652564,37.95446319721414,36.9916665304803,Sp2206-2047
-0.5,None,-58.567181482796414,16.878730243668997,-56.11545203690484,17.516140749304252,16.878730243668997,Sp2206-4217
-0.5,None,-60.00730638401103,21.564277967248405,-57.30675976362607,22.292687315091563,21.564277967248405,Sp2209-3707
-0.5,None,-53.00766596105402,46.58032440662783,-50.23812020833407,47.83113162601023,46.58032440662783,Sp2210-0936
-0.5,None,-59.64811244847187,16.004501820550622,-57.240511012217006,16.68632628676705,16.004501820550622,Sp2213-4245
-0.5,None,-54.36370943386332,4.646952811268624,-52.70392524093977,5.164375325075595,4.646952811268624,Sp2213-5451
-0.5,None,-48.82485647542802,-3.66686086356907,-47.684260572652214,-3.268268933114958,-3.66686086356907,Sp2213-6342
-0.5,None,-55.863900758902524,42.841170375387385,-53.01592315893132,44.04846616489051,42.841170375387385,Sp2214-1319
-0.5,None,-57.538382372358754,41.118315102670586,-54.67458283138896,42.34665830921051,41.118315102670586,Sp2219-1440
-0.5,None,-39.57601545267672,61.7126229403493,-37.54267800065782,63.78061462628176,61.7126229403493,Sp2221+1158
-0.5,None,1.092730121138971,54.799836992444135,1.9268932470818092,55.67619689118169,54.799836992444135,Sp2222+5857
-0.5,None,-53.890371110027296,1.895633798655899,-52.435435997049886,2.4278935850214736,1.895633798655899,Sp2222-5719
-0.5,None,-31.184354705309204,66.30977380782295,-29.478125889018635,68.71194666425633,66.30977380782295,Sp2224+2230
-0.5,None,-62.60642012215797,18.699614645848516,-60.018838150508316,19.51876325692779,18.699614645848516,Sp2224-3901
-0.5,None,3.277442523553879,52.36574645462874,4.023203695778636,53.158387794142946,52.36574645462874,Sp2226+6139
-0.5,None,-41.01702042826059,-14.636109654603878,-40.48114837630187,-14.361628579536116,-14.636109654603878,Sp2226-7503
-0.5,None,-58.79830117914859,41.06541593229791,-56.00342024329336,42.41818836010323,41.06541593229791,Sp2228-1325
-0.5,None,-54.98890337375118,46.41915691571685,-52.41274146347666,47.94934147597474,46.41915691571685,Sp2229-0650
-0.5,None,-60.39511621775646,10.561084508119363,-58.3529749168577,11.283273671583283,10.561084508119363,Sp2229-4728
-0.5,None,-64.70718190966194,22.73978699578865,-61.89079432517083,23.694991780837476,22.73978699578865,Sp2230-3358
-0.5,None,-56.93728194384742,4.792441064844465,-55.30896381079332,5.41827427877899,4.792441064844465,Sp2230-5344
-0.5,None,-43.344171960419764,57.9612304894744,-41.32722214412845,60.00765855865406,57.9612304894744,Sp2232+0909
-0.5,None,-22.10625309684087,65.6160378051772,-20.77678146289139,67.88582759917048,65.6160378051772,Sp2233+3359
-0.5,None,-20.495334063650933,65.359091789813,-19.20849776992944,67.55340353987121,65.359091789813,Sp2233+3547
-0.5,None,-30.999763556237802,64.6656784184633,-29.42722514011427,67.09324832844646,64.6656784184633,Sp2234+2359
-0.5,None,-65.16058747545455,28.33762341644614,-62.17861378654231,29.442457053969314,28.33762341644614,Sp2234-2720
-0.5,None,-47.77934816130005,54.022225757739044,-45.64273061439522,55.938701177420974,54.022225757739044,Sp2235+0418
-0.5,None,-35.811246523982085,62.43893521325437,-34.11242948721663,64.7865654126035,62.43893521325437,Sp2235+1840
-0.5,None,-17.590037508613992,63.815346430335744,-16.418291702461552,65.84302433748994,63.815346430335744,Sp2237+3922
-0.5,None,-13.537685783247916,62.130061144234936,-12.470480721066926,63.91023480967119,62.130061144234936,Sp2238+4353
-0.5,None,-17.000427380242634,62.94667482729084,-15.877607723867575,64.93614192472799,62.94667482729084,Sp2240+4018
-0.5,None,-64.1920932349812,13.914303654159838,-61.90056754248988,14.784005556258652,13.914303654159838,Sp2240-4253
-0.5,None,-67.0287786949361,22.605285292717415,-64.17893949680058,23.663848148630937,22.605285292717415,Sp2241-3258
-0.5,None,-54.338325060344225,-0.8892833284883466,-53.127439372617864,-0.2928807691334588,-0.8892833284883466,Sp2241-5915
-0.5,None,-52.758885185689834,-2.739269412519894,-51.65990926412218,-2.1795183206630084,-2.739269412519894,Sp2241-6119
-0.5,None,-41.60324187079513,-15.008323690921644,-41.12001012113491,-14.693749940862162,-15.008323690921644,Sp2241-7500
-0.5,None,-30.39263190601427,63.17156471309508,-28.952921284006894,65.60413774415646,63.17156471309508,Sp2242+2542
-0.5,None,-54.24305495450219,-1.2176521863890701,-53.05799769264687,-0.6196230299570186,-1.2176521863890701,Sp2243-5932
-0.5,None,-67.77071370524529,24.22540316050715,-64.8474300597325,25.3510895194585,24.22540316050715,Sp2244-3045
-0.5,None,-1.1810565420499173,53.424209516381154,-0.4616758608505119,54.501849348873826,53.424209516381154,Sp2245+5750
-0.5,None,-35.98993308661833,60.52813041753409,-34.447426637921836,62.92159731774801,60.52813041753409,Sp2247+1955
-0.5,None,-39.56078015705257,-17.423454307661064,-39.18842595179675,-17.14556046904892,-17.423454307661064,Sp2247-7733
-0.5,None,-25.193306668129583,62.49237147389583,-23.96795163004703,64.83031579838783,62.49237147389583,Sp2249+3205
-0.5,None,-57.75040931134476,1.7274824017729338,-56.40427048816371,2.429939754880738,1.7274824017729338,Sp2250-5543
-0.5,None,-56.989139639737196,0.9163412258779847,-55.69538765868234,1.5987222979330526,0.9163412258779847,Sp2250-5640
-0.5,None,-65.71712520000047,34.57943274450487,-62.90011601838125,36.047153379297015,34.57943274450487,Sp2252-1730
-0.5,None,-63.33576451314802,8.326583470281042,-61.501793221163794,9.184273878379056,8.326583470281042,Sp2253-4801
-0.5,None,-69.85613170884508,24.910036888882992,-66.88344622307525,26.155669024046826,24.910036888882992,Sp2254-2840
-0.5,None,-57.03330337687224,0.11085824249615171,-55.815016777117876,0.8088467128540234,0.11085824249615171,Sp2255-5713
-0.5,None,-53.91761999873939,47.6427964261955,-51.88490623595796,49.60298585545791,47.6427964261955,Sp2256+0031
-0.5,None,8.734544699745166,44.92693851375337,9.18362001407593,45.581097074722315,44.92693851375337,Sp2256+6854
-0.5,None,-68.02384468692271,14.53695230573416,-65.65950361252607,15.5622467230744,14.53695230573416,Sp2257-4030
-0.5,None,-64.82291782129465,9.149467424093197,-62.92994806444605,10.061381688032295,9.149467424093197,Sp2257-4638
-0.5,None,-53.63569972619533,47.73603730292318,-51.6577138651791,49.72938830053731,47.73603730292318,Sp2258+0113
-0.5,None,19.28365637277129,36.13935619199439,19.497193914331117,36.41310710096569,36.13935619199439,Sp2259+8013
-0.5,None,-59.58915978922934,2.3588242640425374,-58.23567646838364,3.1307022794354924,2.3588242640425374,Sp2259-5420
-0.5,None,-36.60002355041949,57.41314118206342,-35.274213659160885,59.83486638826316,57.41314118206342,Sp2303+2100
-0.5,None,-59.85309615237386,41.99174562110301,-57.721213486452235,43.87274734906396,41.99174562110301,Sp2306-0502
-0.5,None,-63.534854072767196,5.359653479357108,-61.989339742183596,6.255776037323015,5.359653479357108,Sp2306-5008
-0.5,None,-72.6334236684039,24.376517008214474,-69.64249431146541,25.74815459180299,24.376517008214474,Sp2308-2722
-0.5,None,-69.61569928034987,31.613541733532877,-66.887470639647,33.20959367749282,31.613541733532877,Sp2310-1759
-0.5,None,8.960875162066246,43.26062634839693,9.318089710481814,43.950286782078365,43.26062634839693,Sp2314+6939
-0.5,None,-62.3816898793162,39.33590169967433,-60.32163313249739,41.24263881710102,39.33590169967433,Sp2315-0627
-0.5,None,-72.83460710028446,27.744081747283634,-69.972624623998,29.301857119687934,27.744081747283634,Sp2316-2141
-0.5,None,3.8103533124553137,46.39462084344809,4.233981600923309,47.320496855987244,46.39462084344809,Sp2317+6423
-0.5,None,-59.34635099341983,41.744163788037305,-57.48444753675778,43.75153135082767,41.744163788037305,Sp2317-0236
-0.5,None,15.692971672738862,38.08309120725146,15.918552030411423,38.513649072725734,38.08309120725146,Sp2319+7645
-0.5,None,-68.63664111472563,33.37883650157404,-66.28079830037039,35.1545310612197,33.37883650157404,Sp2321-1326
-0.5,None,-75.81711725731301,19.121935936735984,-72.93957129014878,20.501690449249317,19.121935936735984,Sp2322-3133
-0.5,None,-58.25410741748813,-2.8855681862168767,-57.3815937118084,-2.073222596066446,-2.8855681862168767,Sp2324-5817
-0.5,None,-17.351431036683678,54.18067074797526,-16.683752214018526,56.159246932374735,54.18067074797526,Sp2325+4251
-0.5,None,-72.67476401650578,29.214708884244995,-70.13258561051201,30.93264433422988,29.214708884244995,Sp2327-1741
-0.5,None,-32.820886063724025,53.29002877231525,-31.947764911407344,55.69960718227996,53.29002877231525,Sp2329+2704
-0.5,None,-14.022186110580353,52.767458533600234,-13.436939776324659,54.5952880641875,52.767458533600234,Sp2329+4626
-0.5,None,-72.01629605018891,29.992575375322623,-69.61519103350537,31.760416463597842,29.992575375322623,Sp2329-1607
-0.5,None,-62.2438179783245,0.11751134921131472,-61.22287205707649,1.043913748409949,0.11751134921131472,Sp2329-5408
-0.5,None,-67.90280042900409,5.335810659175589,-66.48350648892105,6.410973377325398,5.335810659175589,Sp2330-4736
-0.5,None,-43.73459559180274,49.22025028099392,-42.679349174196396,51.62189723129946,49.22025028099392,Sp2331+1552
-0.5,None,-62.3130192961617,38.20320241700883,-60.63027466428171,40.24856245961783,38.20320241700883,Sp2331-0406
-0.5,None,-77.78441669204919,20.906332983512208,-74.79258983593994,22.42219186188138,20.906332983512208,Sp2331-2749
-0.5,None,13.716901541502676,38.67756437279586,13.923280357876195,39.20998582995689,38.67756437279586,Sp2333+7456
-0.5,None,-76.173841401428,25.342616665011303,-73.43267271723141,27.01211710103916,25.342616665011303,Sp2333-2133
-0.5,None,-40.406216289740016,49.962735392605154,-39.47254633285409,52.391579130574684,49.962735392605154,Sp2334+1933
-0.5,None,-61.21122001311671,38.529735834850975,-59.68493583987844,40.63177288411229,38.529735834850975,Sp2335-0223
-0.5,None,-41.43964696846411,49.25315510426584,-40.51155515704896,51.67843223187506,49.25315510426584,Sp2336+1835
-0.5,None,-38.26045786932886,50.29219878664358,-37.39889886502933,52.72528537797259,50.29219878664358,Sp2336+2153
-0.5,None,-16.61699705882569,51.87952326676837,-16.075031912806015,53.82442767438063,51.87952326676837,Sp2337+4405
-0.5,None,-67.84476405957318,33.38664308241235,-66.01538742156231,35.34416392741649,33.38664308241235,Sp2337-0933
-0.5,None,2.7965302022303895,44.78859096377454,3.112162315154188,45.81229426710146,44.78859096377454,Sp2338+6352
-0.5,None,-70.78860160415856,30.871611942810308,-68.79427933498059,32.76715450675283,30.871611942810308,Sp2338-1246
-0.5,None,-76.51220755558532,25.351521773560933,-73.9105273155736,27.074910277172638,25.351521773560933,Sp2338-2029
-0.5,None,-68.78445344477625,4.658197388581824,-67.4866823525216,5.779153856562605,4.658197388581824,Sp2338-4726
-0.5,None,-25.486473698711315,52.08477037134511,-24.85469186675136,54.341018532212395,52.08477037134511,Sp2339+3507
-0.5,None,-80.5115431667173,18.204116000984104,-77.5387069165031,19.764359408193155,18.204116000984104,Sp2343-2906
-0.5,None,-47.14156839666571,45.1819192009544,-46.24420092966195,47.5728796586639,45.1819192009544,Sp2344+1312
-0.5,None,-66.83660811759718,33.48204108877279,-65.27306778622727,35.516431995535484,33.48204108877279,Sp2344-0733
-0.5,None,6.698199832195154,41.96865932871718,6.930376522157412,42.829108913992584,41.96865932871718,Sp2345+6758
-0.5,None,-48.939720942904,43.93346516156383,-48.04380841150938,46.30863134606805,43.93346516156383,Sp2346+1129
-0.5,None,-33.75714883897707,49.27919207230681,-33.122249477042274,51.680253625152524,49.27919207230681,Sp2347+2702
-0.5,None,-66.36391161246688,33.37067410248196,-64.93755844626237,35.44105185708523,33.37067410248196,Sp2347-0638
-0.5,None,-81.14550843039333,15.64955946765472,-78.34764491384948,17.182931219153843,15.64955946765472,Sp2348-3134
-0.5,None,-72.98723398048884,28.29609474970106,-71.1936042976443,30.22739496564924,28.29609474970106,Sp2349-1344
-0.5,None,-52.4485801235629,41.43254483326525,-51.55435152271419,43.772246276576695,41.43254483326525,Sp2350+0806
-0.5,None,-30.794604042134644,49.07734273920911,-30.246046838233013,51.43400352059008,49.07734273920911,Sp2351+3010
-0.5,None,-78.68640320995131,23.309024461552816,-76.38491915329713,25.117850568543474,23.309024461552816,Sp2352-2009
-0.5,None,-68.6923671146018,30.976194342086362,-67.33599452426164,33.0346886693312,30.976194342086362,Sp2353-0833
-0.5,None,-32.25380999154604,48.090236104275476,-31.73510854377239,50.46544194021152,48.090236104275476,Sp2354+2849
-0.5,None,-78.0070534194591,23.839159226117783,-75.90763408037671,25.687112052887137,23.839159226117783,Sp2354-1852
-0.5,None,-81.49489220495046,13.58308586547518,-78.97228761509469,15.109212384331563,13.58308586547518,Sp2354-3316
-0.5,None,-54.83008798221026,-8.968326684347176,-54.433638935068934,-8.158684641514165,-8.968326684347176,Sp2354-6312
-0.5,None,-59.92326298462071,-5.135995877051619,-59.401915613910596,-4.1890620049906975,-5.135995877051619,Sp2355-5800
-0.5,None,-81.13977163364463,12.441844727628284,-78.83543812685562,13.952573506081992,12.441844727628284,Sp2356-3426
-0.5,None,-78.19482268295911,9.368217913918839,-76.48958435641279,10.790671109830644,9.368217913918839,Sp2356-3827
-0.5,None,-21.04504902021163,48.6060218357047,-20.659289860310945,50.71151843617549,48.6060218357047,Sp2357+4011
-0.5,None,-3.8922043935932726,45.37775197507082,-3.639229440596395,46.75943772989718,45.37775197507082,Sp2357+5727
-0.5,None,-55.361095765955604,-8.963618365916298,-54.9973024292151,-8.127436878009924,-8.963618365916298,Sp2358-6245
-0.5,None,-37.51578052511852,45.892527610631625,-37.00162858058528,48.31517855843546,45.892527610631625,Sp2359+2338
-0.5,None,-79.7074554804686,22.126112442091625,-77.62121600073047,23.972142878028244,22.126112442091625,Sp2359-2007
-0.5,None,-83.84753553855676,15.600720333952395,-80.9061421209701,17.236554367348248,15.600720333952395,Sp2359-2932
