priority,set or rise,alt set start,alt rise start,alt set end,alt rise end,max_alt,Sp_ID
-0.5,None,35.5139551501664,-51.83391971216544,24.44348214779658,-45.32584472296724,35.5139551501664,Sp0000-1245
-0.5,None,21.879491979825044,-78.20379144672893,12.008798539899738,-64.89836193888604,21.879491979825044,Sp0001+1535
-0.5,None,29.80972184403163,-65.48949512853302,19.059255974977706,-56.588872964149566,29.80972184403163,Sp0002+0115
-0.5,None,-5.195604777601032,-55.386518972138894,-10.279696508568929,-51.74593134583601,-5.195604777601032,Sp0004+5843
-0.5,None,41.48456939770521,-24.384269479368793,32.2533689941431,-20.97147894181907,41.48456939770521,Sp0004-4044
-0.5,None,39.071653450588855,-43.94689616909373,28.152240298146168,-38.78869237124042,39.071653450588855,Sp0004-2058
-0.5,None,29.930345383572284,-66.6875550529084,19.246619396633196,-57.83534193425289,29.930345383572284,Sp0005+0217
-0.5,None,39.575575536715064,-43.01944673733559,28.69154088782411,-38.04737456591452,39.575575536715064,Sp0005-2157
-0.5,None,29.012714793948692,-69.05127284482649,18.46326108215779,-59.747718512527946,29.012714793948692,Sp0006+0439
-0.5,None,40.562549994195,-40.08368206781485,29.820812114758937,-35.50643827112279,40.562549994195,Sp0007-2458
-0.5,None,-2.198164518542873,-59.25224134475257,-7.741360479199465,-55.13342414173298,-2.198164518542873,Sp0008+5453
-0.5,None,14.945829692355021,-82.70092477062391,6.404838930467141,-68.91904578021142,14.945829692355021,Sp0008+2911
-0.5,None,40.14724272237751,-44.58050119885667,29.198823607161025,-39.772270879340844,40.14724272237751,Sp0010-2031
-0.5,None,35.82524157524022,-57.19217035675789,24.808945748657862,-50.83178788106203,35.82524157524022,Sp0010-0746
-0.5,None,42.615931167763485,-31.64154522176109,32.53284059737073,-28.049677117105027,42.615931167763485,Sp0011-3334
-0.5,None,0.19128439524422416,-62.21429006998143,-5.674084783338387,-57.740698163580056,0.19128439524422416,Sp0012+5159
-0.5,None,8.291241575745257,-73.69997422591004,1.0048514393922652,-65.76308441877983,8.291241575745257,Sp0013+4012
-0.5,None,41.559697302531745,-42.63837993601157,30.6805280478467,-38.33000983171901,41.559697302531745,Sp0013-2235
-0.5,None,43.193858105865715,-32.514839771541155,33.02292009478946,-29.04802835131192,43.193858105865715,Sp0014-3245
-0.5,None,42.471390054317354,-16.615270551699812,34.46834227985294,-14.226723609222857,42.471390054317354,Sp0014-4844
-0.5,None,6.927143401221326,-71.44424897916136,-0.036603299724316224,-64.64778203995093,6.927143401221326,Sp0015+4239
-0.5,None,12.018291043194465,-78.53848601642585,4.2282510086688525,-68.63459443066108,12.018291043194465,Sp0015+3516
-0.5,None,43.869480606055646,-24.4506791679788,34.655087299559625,-21.707368926168296,43.869480606055646,Sp0017-4054
-0.5,None,38.39817377937873,-1.4903457399428783,33.29426430115393,-0.06242060869629573,38.39817377937873,Sp0018-6356
-0.5,None,33.885023265824124,-65.71764908754189,23.209636298870723,-58.8240890684454,33.885023265824124,Sp0019+0030
-0.5,None,44.47799331434668,-27.975240593529083,34.80465488414302,-25.149244603913697,44.47799331434668,Sp0019-3724
-0.5,None,0.8458657230867752,-62.157438651217426,-4.872590689565885,-58.263659620983866,0.8458657230867752,Sp0019+5213
-0.5,None,42.898866127965974,-43.44016860565007,31.97576095656291,-39.57926028715201,42.898866127965974,Sp0020-2155
-0.5,None,44.42286969549238,-22.666818227825388,35.47378719657168,-20.229140391489448,44.42286969549238,Sp0021-4244
-0.5,None,28.090564337071687,-77.22163899448456,18.20631047884901,-67.50586528231996,28.090564337071687,Sp0022+1203
-0.5,None,-0.10341834293629615,-60.08564690288554,-5.457239080497004,-56.96441137090769,-0.10341834293629615,Sp0025+5422
-0.5,None,32.201458217923154,-71.93271727060066,21.96052237065085,-64.63281376758009,32.201458217923154,Sp0026+0632
-0.5,None,42.827237520881496,-10.982059787791274,35.918894479102484,-9.381353024199372,42.827237520881496,Sp0026-5428
-0.5,None,43.03281986034256,-11.435626336557553,36.041427683542324,-9.83274240578509,43.03281986034256,Sp0027-5401
-0.5,None,28.90647325702087,-78.34403845368445,19.186444535629708,-69.37991579233413,28.90647325702087,Sp0029+1255
-0.5,None,22.811921777507642,-88.03973976841885,13.999595575194379,-73.67207700444402,22.811921777507642,Sp0030+2244
-0.5,None,46.72037605302722,-26.79917089518354,37.202173070337516,-24.7016658729597,46.72037605302722,Sp0031-3840
-0.5,None,33.09854509039513,-72.30469926831555,22.937996714920935,-65.7209660701285,33.09854509039513,Sp0031+0649
-0.5,None,35.671641294574464,-67.79433486549215,25.205225300179208,-62.205471483673364,35.671641294574464,Sp0032+0219
-0.5,None,18.538132242552482,-85.03222891752759,10.436014285371238,-73.86822379358725,18.538132242552482,Sp0032+2927
-0.5,None,43.903385973931925,-50.12197028278669,32.8320467393171,-46.806855902112275,43.903385973931925,Sp0033-1521
-0.5,None,19.535611332032396,-85.68353241738184,11.432802711188005,-74.75460158383606,19.535611332032396,Sp0035+2848
-0.5,None,26.755292039732314,-83.81635263768216,17.62776042199903,-73.66615189441418,26.755292039732314,Sp0036+1821
-0.5,None,46.194982708053864,-44.95044507783614,35.191680918321886,-42.28571267932537,46.194982708053864,Sp0036-2031
-0.5,None,12.404041886128567,-75.31998683930105,5.461880951341939,-70.15095350662868,12.404041886128567,Sp0037+3910
-0.5,None,30.82603665884627,-79.02146288450223,21.367687366881036,-72.2949706743181,30.82603665884627,Sp0041+1341
-0.5,None,42.73510540342495,-58.19828490221861,31.84564287504284,-55.17795068652284,42.73510540342495,Sp0042-0712
-0.5,None,23.854125522036252,-87.83892541903437,15.456649709066358,-76.86932645874714,23.854125522036252,Sp0043+2426
-0.5,None,0.3943920516791423,-58.27972032831828,-4.418581540174598,-56.67639576715664,0.3943920516791423,Sp0044+5610
-0.5,None,38.30333083101372,-68.15183390034736,28.021619407592283,-64.59279343250407,38.30333083101372,Sp0046+0252
-0.5,None,50.01930148717913,-30.701670209673118,39.99943412989397,-29.36983674786964,50.01930148717913,Sp0046-3442
-0.5,None,47.856410163577195,-49.645694622407824,36.78736101864511,-47.95561867178123,47.856410163577195,Sp0050-1538
-0.5,None,50.03715131307513,-42.43631576517789,39.08202215272543,-41.086262300797316,50.03715131307513,Sp0051-2251
-0.5,None,51.05218100468152,-38.18105581649036,40.31743858698504,-37.06634746421187,51.05218100468152,Sp0052-2705
-0.5,None,51.23807143794331,-28.791734558808116,41.443724024335324,-27.90888442532943,51.23807143794331,Sp0053-3631
-0.5,None,6.284570001394808,-64.5110952290922,0.8698776604428223,-63.15557785223877,6.284570001394808,Sp0053+4942
-0.5,None,6.057689173913801,-64.19439250654446,0.6836773304213181,-62.88065348556016,6.057689173913801,Sp0053+5001
-0.5,None,46.44319271876654,-10.510758961512687,39.8397651855271,-10.007451202772687,46.44319271876654,Sp0055-5450
-0.5,None,51.79031835427037,-34.38545609409821,41.35563120171013,-33.50727717308232,51.79031835427037,Sp0055-3052
-0.5,None,46.09940258793236,-58.05707126029066,35.31707731686223,-56.94173592930728,46.09940258793236,Sp0058-0651
-0.5,None,7.68571279398868,-65.43540848046692,2.244729768783701,-64.52144274710902,7.68571279398868,Sp0058+4835
-0.5,None,0.7590192911516191,-56.75323565298622,-3.630152175275553,-56.2552711244997,0.7590192911516191,Sp0059+5726
-0.5,None,4.566693013348176,-61.12153820907861,-0.31347133595364846,-60.666382088465845,4.566693013348176,Sp0102+5254
-0.5,None,42.8544105603008,-1.92324750289667,38.05909983974966,-1.7504802634932386,42.8544105603008,Sp0102-6322
-0.5,None,52.99515811906864,-27.483888781802452,43.36630270656813,-27.186711100071328,52.99515811906864,Sp0102-3737
-0.5,None,10.856671999363998,-68.53545245561783,5.119156215082258,-67.9653674504057,10.856671999363998,Sp0103+4509
-0.5,None,43.83579037349846,-63.77842246932946,33.4853141505089,-63.09691389053381,43.83579037349846,Sp0103-0044
-0.5,None,25.458170876040693,-83.12508930194198,17.694303344697765,-81.22260814876257,25.458170876040693,Sp0103+2626
-0.5,None,34.04035971472634,-78.04950698940371,25.122747617179613,-77.12014655057351,34.04035971472634,Sp0104+1457
-0.5,None,45.430851715238745,-5.660108418396204,39.91694169931927,-5.60575279486189,45.430851715238745,Sp0106-5933
-0.5,None,27.398695481217686,-82.50374201224928,19.527850863505,-82.21107222080023,27.398695481217686,Sp0107+2435
-0.5,None,50.027671360312006,-14.07252945333469,42.81325451538662,-14.119885443392747,50.027671360312006,Sp0109-5100
-0.5,None,40.63242670994153,-70.06245898168507,30.976483165362808,-70.32815000184736,40.63242670994153,Sp0109+0625
-0.5,None,50.52023737795219,-15.157368793332113,43.088238368623976,-15.211952143382259,50.52023737795219,Sp0109-4954
-0.5,None,23.715165932919515,-80.53391717852395,16.455031443693958,-81.13821498829282,23.715165932919515,Sp0109+2949
-0.5,None,46.877608845147364,-60.45057627601148,36.38268222639933,-60.73034165919343,46.877608845147364,Sp0109-0343
-0.5,None,52.644772001698236,-50.135364400936474,41.63429353227115,-50.7619752651803,52.644772001698236,Sp0113-1408
-0.5,None,43.1518964136397,-0.16191008214775862,38.85797565240645,-0.4106723574183163,43.1518964136397,Sp0116-6455
-0.5,None,33.980603853292294,-77.9898811093979,25.64520029866669,-81.28379944984466,33.980603853292294,Sp0117+1752
-0.5,None,51.27841879092636,-55.84239759241098,40.616210825091265,-57.401873733300995,51.27841879092636,Sp0120-0741
-0.5,None,54.447798471489435,-19.864192015138087,46.13883800534148,-20.532746909034994,54.447798471489435,Sp0121-4447
-0.5,None,55.67846016825448,-21.832530572658406,46.99440973615752,-22.681841066908927,55.67846016825448,Sp0123-4240
-0.5,None,-19.416383352344113,-30.77327734891303,-20.270214657623196,-30.925432019246617,-19.416383352344113,Sp0124+8334
-0.5,None,26.603023174462805,-77.85589676800016,19.636358151193495,-84.38134182833491,26.603023174462805,Sp0125+2847
-0.5,None,47.03290239759041,-64.1145208921724,37.31941780933604,-67.44245248015456,47.03290239759041,Sp0128+0211
-0.5,None,36.38805717005149,-75.11020433459407,28.330305497139555,-82.37240240905544,36.38805717005149,Sp0130+1721
-0.5,None,55.986186045069495,-19.52558752589809,47.77596475832284,-20.664503482729025,55.986186045069495,Sp0130-4445
-0.5,None,50.25977528288909,-59.96231899509703,40.16257604817918,-63.15693208577948,50.25977528288909,Sp0130-0211
-0.5,None,54.45877878853405,-53.45312043189786,43.797587571951645,-56.230886767222366,54.45877878853405,Sp0132-0910
-0.5,None,29.991179700490896,-76.65047783086288,22.93076021242355,-87.65055170268204,29.991179700490896,Sp0132+2552
-0.5,None,60.00685496884444,-30.784864934078215,49.7939758296269,-32.51491521061461,60.00685496884444,Sp0134-3255
-0.5,None,41.28116924287336,-70.86180297381597,32.79343563649325,-77.48941321887006,41.28116924287336,Sp0135+1205
-0.5,None,37.425980907766096,-73.14631545119244,29.758889389097867,-83.55457877699534,37.425980907766096,Sp0141+1804
-0.5,None,61.54042965154671,-38.54957129165473,50.555414094231615,-41.17843979741187,61.54042965154671,Sp0141-2417
-0.5,None,56.04083328970196,-53.86554093700363,45.67727496406196,-58.1912879492699,56.04083328970196,Sp0144-0716
-0.5,None,9.354586940822267,-59.94010163312857,5.225417576675759,-63.15083144533991,9.354586940822267,Sp0144+5121
-0.5,None,47.62987242710504,-2.032878267253849,43.331571311425485,-3.2959429507834095,47.62987242710504,Sp0148-6209
-0.5,None,46.01209723393323,0.29657497930832977,42.200657149292724,-0.9341006134706121,46.01209723393323,Sp0151-6430
-0.5,None,53.41694805973709,-58.41041470417759,43.86417852038708,-64.4829305636649,53.41694805973709,Sp0151-0051
-0.5,None,-1.8350298981106172,-48.159775770192134,-4.544324111001634,-50.09857407320543,-1.8350298981106172,Sp0151+6423
-0.5,None,17.447529329419204,-65.20853911436357,12.762513822357484,-71.24913341864705,17.447529329419204,Sp0154+4305
-0.5,None,46.053657811448375,-65.78057220778226,37.873841156038516,-74.94768866254762,46.053657811448375,Sp0155+0950
-0.5,None,51.18880941971827,-61.05264309808481,42.30002433215747,-68.6732249170207,51.18880941971827,Sp0156+0331
-0.5,None,-3.913059364527171,-45.64692095281683,-6.29060900762073,-47.513127360163644,-3.913059364527171,Sp0157+6656
-0.5,None,39.71408850918294,-69.40932891863426,32.604290705617736,-82.47900255854874,39.71408850918294,Sp0158+1807
-0.5,None,58.42484753289088,-52.98675607241137,48.480571569751284,-59.20659628861354,58.42484753289088,Sp0200-0554
-0.5,None,-7.332016977576047,-41.91274361330857,-9.257565686524178,-43.5242262777608,-7.332016977576047,Sp0202+7053
-0.5,None,63.78785127856503,-22.370927523214828,55.00266735299573,-25.494545829319886,63.78785127856503,Sp0204-3945
-0.5,None,65.12441007303494,-25.33279077851604,55.668747795080506,-28.68633128171101,65.12441007303494,Sp0204-3632
-0.5,None,59.893785215176656,-51.55705817633478,49.922662533374535,-58.052821835121485,59.893785215176656,Sp0205-0653
-0.5,None,65.3381166097487,-24.352271907133975,56.08451974038772,-27.806133562323623,65.3381166097487,Sp0207-3721
-0.5,None,44.451993915863746,-65.57623090266436,37.193266145241594,-77.73093349653583,44.451993915863746,Sp0207+1355
-0.5,None,34.28194142634198,-68.66808049661012,28.350702949783265,-83.7780164568438,34.28194142634198,Sp0208+2542
-0.5,None,56.83650491342167,-10.155039502471311,51.09142677096051,-12.724746206739399,56.83650491342167,Sp0210-5228
-0.5,None,65.3589898930125,-44.389298962246016,54.656993246829664,-50.337237833425974,65.3589898930125,Sp0211-1427
-0.5,None,35.72155970601237,-67.70172850930156,29.816514261526894,-82.96238718150872,35.72155970601237,Sp0212+2433
-0.5,None,63.56263423430808,-47.48025701914368,53.284398669902885,-54.05983525317569,63.56263423430808,Sp0212-1036
-0.5,None,17.38245198490014,-61.460153315005506,13.406778688967494,-68.74974165902904,17.38245198490014,Sp0213+4444
-0.5,None,65.52063152024398,-44.697476252740806,54.91749565399448,-50.94448336232727,65.52063152024398,Sp0213-1343
-0.5,None,68.9289161553217,-29.73968038864232,58.50967525981017,-34.211813384158596,68.9289161553217,Sp0215-3040
-0.5,None,69.43737410369206,-28.622432484097445,59.17508117700657,-33.21423322011513,69.43737410369206,Sp0218-3133
-0.5,None,62.095607601614944,-49.976562462780386,52.54098452866097,-57.83983005930343,62.095607601614944,Sp0218-0617
-0.5,None,69.23426887611417,-38.928996348562656,58.22182167652769,-44.860709448880904,69.23426887611417,Sp0219-1938
-0.5,None,70.99517289473872,-31.718185302508623,60.189613818832754,-36.9764872139927,70.99517289473872,Sp0222-2732
-0.5,None,1.3189772897404988,-47.691469826329495,-0.9289726731357346,-51.30546872443584,1.3189772897404988,Sp0225+6229
-0.5,None,69.68296102933915,-40.646061947441964,58.963272361523686,-47.55827824205057,69.68296102933915,Sp0227-1624
-0.5,None,47.88372406082704,1.969181718169652,44.879577970344165,-0.22868805054479122,47.88372406082704,Sp0227-6447
-0.5,None,12.735568385490406,-55.9688299786362,9.639083833530801,-62.44472719395185,12.735568385490406,Sp0227+5034
-0.5,None,44.503993783522304,-62.1120011480194,38.419718909483,-76.41552366569702,44.503993783522304,Sp0228+1639
-0.5,None,49.18084081133639,0.7987011886145815,45.9965129653045,-1.5527080776502153,49.18084081133639,Sp0228-6325
-0.5,None,14.199492578063914,-56.69152483058769,11.032462320827682,-63.68421297088889,14.199492578063914,Sp0229+4906
-0.5,None,44.54169157660189,-61.78295278319339,38.549693379303946,-76.17572865799066,44.54169157660189,Sp0230+1648
-0.5,None,66.67268370241813,-45.352721806777616,56.91283132007051,-53.53485575329803,66.67268370241813,Sp0230-0953
-0.5,None,72.70617521786487,-35.452221575516624,61.64467538862612,-41.9800124346296,72.70617521786487,Sp0232-2152
-0.5,None,31.055230219318084,-62.90844318625199,26.61926397437767,-76.59464399248415,31.055230219318084,Sp0233+3134
-0.5,None,39.911741854140985,-62.53882168781136,34.62050806033565,-77.79335062309991,39.911741854140985,Sp0233+2209
-0.5,None,3.8249530291473754,-48.703092949980906,1.5953912888512554,-53.146746393670014,3.8249530291473754,Sp0234+6012
-0.5,None,72.8889658845951,-37.933682644898894,62.184490463158156,-45.53563254954476,72.8889658845951,Sp0239-1735
-0.5,None,54.0245090899537,-55.34929818582876,47.36913594026511,-67.85854968496203,54.0245090899537,Sp0240+0727
-0.5,None,9.327650200240612,-51.76550403890724,6.882778719507405,-57.81846275666512,9.327650200240612,Sp0241+5444
-0.5,None,59.63117746564003,-7.975746954153401,54.944710701101165,-11.759515875416477,59.63117746564003,Sp0242-5232
-0.5,None,15.989305636932153,-55.453830591220424,13.144276052324,-63.60271579439382,15.989305636932153,Sp0243+4755
-0.5,None,72.56506661361826,-22.2982814704,63.65266571748796,-27.866299755706656,72.56506661361826,Sp0244-3548
-0.5,None,46.36834894101463,-58.01872732512827,41.10199569905085,-72.72069309906927,46.36834894101463,Sp0246+1625
-0.5,None,74.38051695107939,-37.193329512942086,63.92627680007941,-45.4746956431186,74.38051695107939,Sp0248-1651
-0.5,None,76.68125095347631,-33.13221110569992,65.65823226728986,-40.769269657625216,76.68125095347631,Sp0249-2147
-0.5,None,61.2068250250782,-49.238995468896235,54.16705559537922,-60.86059973953739,61.2068250250782,Sp0251+0047
-0.5,None,61.211943063929624,-49.08974736646633,54.2661231440082,-60.80910825610612,61.211943063929624,Sp0252+0056
-0.5,None,46.42991553220352,-56.72127751338203,41.54226067435597,-71.59637588448037,46.42991553220352,Sp0253+1652
-0.5,None,36.52332958917132,-58.65860230272299,32.576237059253586,-73.5913228848487,36.52332958917132,Sp0253+2713
-0.5,None,77.8357893880954,-31.193508791471057,66.7640969894214,-38.77690344885265,77.8357893880954,Sp0253-2336
-0.5,None,76.82502813685339,-34.26890184844228,66.04530770986406,-42.46529401094121,76.82502813685339,Sp0254-1934
-0.5,None,65.42208938464798,-11.712828165675662,60.05210922784459,-16.541883467096838,65.42208938464798,Sp0255-4700
-0.5,None,77.3968098778965,-24.65963042951824,67.48088797381276,-31.466305713043717,77.3968098778965,Sp0257-3105
-0.5,None,11.693174021335585,-50.869846448697125,9.577557746333529,-58.19212561916311,11.693174021335585,Sp0257+5253
-0.5,None,23.158890545181166,-55.84140495210018,20.371530856502485,-66.9409333865923,23.158890545181166,Sp0257+4111
-0.5,None,68.12630335254994,-13.509344147248246,62.32681538105133,-18.822597165729775,68.12630335254994,Sp0259-4421
-0.5,None,41.063706736138805,-56.717720900431466,37.07177939310989,-71.99220349229896,41.063706736138805,Sp0259+2254
-0.5,None,80.44499982666227,-28.861619733364893,69.38638073362857,-36.9112618260776,80.44499982666227,Sp0304-2435
-0.5,None,80.6269014943172,-26.936296742287762,69.79793844988244,-34.754015006828524,80.6269014943172,Sp0306-2647
-0.5,None,75.11559368580672,-18.983244280182753,67.41000980202159,-25.492991143546586,75.11559368580672,Sp0306-3647
-0.5,None,7.566620361673767,-47.29263157629679,5.9367583880655115,-53.748856757905465,7.566620361673767,Sp0307+5719
-0.5,None,75.33532757309816,-18.48184877121156,67.86519766677092,-25.105187893672323,75.33532757309816,Sp0309-3658
-0.5,None,76.13802993162098,-36.00661226534778,67.12496379275753,-45.943532135506,76.13802993162098,Sp0309-1354
-0.5,None,56.654427773311795,-49.033633261036286,51.74565575033492,-62.771296736016154,56.654427773311795,Sp0310+0726
-0.5,None,78.95275253314054,-21.582785770630792,70.0316240999859,-28.882583436851903,78.95275253314054,Sp0311-3239
-0.5,None,48.4977474786301,-51.685361575503016,44.71586156739143,-66.703419603611,48.4977474786301,Sp0314+1603
-0.5,None,67.3579721697658,-10.331437972721558,62.91889675146999,-15.997379711330662,67.3579721697658,Sp0314-4623
-0.5,None,-16.141395947152983,-30.926452829536675,-16.531005087591428,-32.360156237619115,-16.141395947152983,Sp0315+8122
-0.5,None,82.1635522449766,-23.868435519641718,71.99190222585808,-31.930133845880313,82.1635522449766,Sp0316-2848
-0.5,None,16.26286206369216,-49.58864738380304,14.61302645932595,-58.97887410459516,16.26286206369216,Sp0319+4848
-0.5,None,69.12727972993531,-40.052157145980345,63.18585351787172,-52.04465507371628,69.12727972993531,Sp0320-0446
-0.5,None,45.964796296984055,-50.973747613666134,42.818267798637464,-66.21444222357268,45.964796296984055,Sp0320+1854
-0.5,None,26.24988441245223,-52.01590671718398,24.229961712787333,-64.48578066002574,26.24988441245223,Sp0321+3847
-0.5,None,71.01365416738432,-11.949310408465726,66.44460377551187,-18.395186824874425,71.01365416738432,Sp0323-4304
-0.5,None,60.230004594332556,-3.1689495901765623,57.69145242529711,-8.204887611450236,60.230004594332556,Sp0324-5410
-0.5,None,32.654434750357446,18.538314368980796,32.27205516640656,17.287176081017083,32.654434750357446,Sp0325-8159
-0.5,None,50.7662246337885,-48.45987491792233,47.55474116455354,-63.41704119650174,50.7662246337885,Sp0325+1412
-0.5,None,70.51585722981764,-38.359340259109295,64.8508936718947,-50.387756158104864,70.51585722981764,Sp0325-0551
-0.5,None,85.34160754179973,-25.519368334363428,74.27816725730496,-34.59959819462165,85.34160754179973,Sp0326-2443
-0.5,None,71.60850446402523,-12.000582245258451,67.13983287317885,-18.616648100786044,71.60850446402523,Sp0326-4236
-0.5,None,45.72472242386182,-49.77958992350974,42.94757587766184,-65.04468847896669,45.72472242386182,Sp0326+1919
-0.5,None,53.551412318599574,-46.729593968599495,50.33879198833612,-61.448199165616366,53.551412318599574,Sp0328+1129
-0.5,None,32.09372373611763,-50.99910141055581,30.14862932656514,-64.9734597409392,32.09372373611763,Sp0329+3304
-0.5,None,65.43545567772257,-40.54096499226616,61.14242863609892,-53.62839215140135,65.43545567772257,Sp0330-0025
-0.5,None,33.41516661266234,-50.61663359064623,31.499668101173658,-64.85233179688613,33.41516661266234,Sp0330+3146
-0.5,None,83.1091044177739,-20.325732046203626,74.64731863264119,-28.780374325160974,83.1091044177739,Sp0331-3042
-0.5,None,86.39286995981126,-25.599904932287966,75.47681901736559,-35.155379967901744,86.39286995981126,Sp0332-2317
-0.5,None,27.581450537680045,-49.62130301348144,26.050717793771828,-62.58170257468955,27.581450537680045,Sp0334+3740
-0.5,None,58.23731341802013,-43.1783904415902,55.19677728162514,-57.473472271191575,58.23731341802013,Sp0335+0658
-0.5,None,60.05066079574658,-1.5691351417084878,58.26155092444981,-6.9727629579276185,60.05066079574658,Sp0338-5435
-0.5,None,79.14678557520433,-15.717350430058262,73.86021690020911,-23.83321544201962,79.14678557520433,Sp0339-3525
-0.5,None,77.7858959084982,-14.615027639913468,73.06339523221492,-22.558517761203905,77.7858959084982,Sp0340-3649
-0.5,None,17.608196094012364,-46.493174735725134,16.636959945498877,-56.80195461219489,17.608196094012364,Sp0341+4741
-0.5,None,18.81168518570242,-46.712257787447925,17.82838420866984,-57.37993839773348,18.81168518570242,Sp0342+4629
-0.5,None,64.11895308065891,-38.53365519249974,61.3231373760303,-52.24569962418637,64.11895308065891,Sp0344+0111
-0.5,None,39.64029614346025,-46.84006950817402,38.25242493685314,-61.876348134498485,39.64029614346025,Sp0345+2540
-0.5,None,67.62393223421705,-36.24513266795897,64.69610790310176,-49.52089792571668,67.62393223421705,Sp0346-0218
-0.5,None,2.709700307398734,-40.36356494751704,2.1931002728761055,-46.552877479635896,2.709700307398734,Sp0346+6236
-0.5,None,83.55027462093985,-26.47157161939492,77.05780890207316,-37.403622403708354,83.55027462093985,Sp0347-1814
-0.5,None,53.87487671954095,-42.30824404979982,52.103172806279886,-57.24527862503391,53.87487671954095,Sp0348+1126
-0.5,None,66.17148346808857,-35.99500776706142,63.91212390798524,-49.59561689878683,66.19646254738343,Sp0351-0052
-0.5,None,83.07987387949946,-25.924269195806524,77.71254730372364,-37.07701651800701,83.17179571245335,Sp0351-1751
-0.5,None,63.10170852409893,-37.29748346196838,61.18617595885167,-51.321450308571485,63.13802745372926,Sp0352+0210
-0.5,None,54.74063624506287,3.668797177635241,53.96383935519577,-1.359562515630192,54.754406996436295,Sp0352-5955
-0.5,None,42.004187220106175,-44.53784907068571,41.023168348369275,-59.71397372568394,42.03750352556085,Sp0354+2316
-0.5,None,50.59882410264132,-41.84456982000844,49.48461505443309,-57.02900192797312,50.65820537321071,Sp0355+1439
-0.5,None,62.59223720966508,-36.72835962955289,61.066324361764416,-50.8794374601408,62.68578295050388,Sp0355+0237
-0.5,None,24.48323128525037,-45.08870177236216,23.926315653556365,-57.51422768677685,24.528139184229744,Sp0356+4047
-0.5,None,49.74271083715379,-41.72685831227283,48.77512931460726,-56.94990847680106,49.82846537049467,Sp0357+1529
-0.5,None,77.86172144892191,-27.86074352891437,75.19925910131441,-39.97058006975036,78.15164161954021,Sp0357-1249
-0.5,None,35.17384344731292,-44.61337727669682,34.56053317972998,-59.140544412337924,35.2518331340466,Sp0358+3003
-0.5,None,38.053645793819115,-44.17158832961978,37.41680443581018,-59.03993943537942,38.140672518188296,Sp0358+2710
-0.5,None,83.70812515736255,-23.446758345130714,80.20206773203044,-34.70792639309783,84.52579556047128,Sp0400-1913
-0.5,None,21.76635053726533,-43.963386644364036,21.41615253388534,-55.76793471935546,21.853810729390936,Sp0401+4327
-0.5,None,36.36041654841056,-43.79474726975779,35.892610845248264,-58.47515223449043,36.488445003235114,Sp0401+2849
-0.5,None,38.8877405568706,-43.080519184647414,38.47423317878053,-58.02392060086419,39.05042057558034,Sp0403+2616
-0.5,None,23.724371628203894,-43.57470986859346,23.482180590991522,-55.911703674746505,23.85705276328552,Sp0404+4127
-0.5,None,79.97368755548193,-24.211979285355532,79.00012504471339,-36.184412262362535,81.20132186762382,Sp0407-1552
-0.5,None,57.177566096209056,-36.27836469042662,56.95263847557122,-51.11449403570461,57.610509569256635,Sp0408+0742
-0.5,None,78.89721007611261,-24.555601971995127,78.32960648354621,-36.71767294470582,80.16787804921528,Sp0408-1450
-0.5,None,78.78762097281177,-24.0552531978175,78.7193767143207,-36.26025066871262,80.29925223598548,Sp0410-1459
-0.5,None,51.78982291870744,-37.80411317853664,51.78753565414649,-52.98437110844752,52.24982899652054,Sp0410+1304
-0.5,None,27.830551145285717,-41.864025816462664,27.973012704878794,-55.20559314883699,28.1715837741542,Sp0413+3709
-0.5,None,54.70658041550264,5.5765425592682005,54.90369363241207,-0.07223236372396319,55.07174243741142,Sp0416-5935
-0.5,None,48.059268755225176,-37.4540699505709,48.52797417588082,-52.73303598619504,48.75043920684079,Sp0417+1634
-0.5,None,71.7445080385068,-26.58643149178712,72.80923439019213,-39.90925817732063,73.32874406895435,Sp0417-0800
-0.5,None,82.1474110068178,-18.800126038556925,84.86711493639659,-30.309055789832335,86.81455021329607,Sp0417-2129
-0.5,None,22.317149543797306,-40.62059651234706,22.680244105955218,-52.82371258014836,22.767052222908482,Sp0419+4233
-0.5,None,76.23544387427063,-8.923701054989852,78.22209178718693,-18.439664494635913,78.55858687589088,Sp0422-3606
-0.5,None,67.67694834829317,-27.244048064610435,69.38437690454552,-41.144254636819625,69.56639382860007,Sp0423-0414
-0.5,None,40.40158848910398,-37.79171857210097,41.23631608805388,-52.84315354333873,41.29549652299513,Sp0424+2402
-0.5,None,60.10307379478286,-30.42865033356904,61.64222063792222,-45.13054275274195,61.71542165888568,Sp0426+0336
-0.5,None,54.91076579998867,-32.5179073226343,56.29267367775419,-47.58926283846322,56.34542851826873,Sp0427+0859
-0.5,None,68.74395628171877,-2.8813159753573667,70.52125275342384,-11.369633683064082,70.56683269543491,Sp0429-4405
-0.5,None,47.328051438311334,11.30213867462102,47.819511329654794,6.635508699148378,47.833715564942494,Sp0429-6649
-0.5,None,70.94423655089237,-23.379894201190282,74.11890405186902,-36.89650690120167,74.14711430910089,Sp0430-0849
-0.5,None,4.220836937958491,-36.09471529699517,4.728796812554887,-43.67890160001414,4.730248381995621,Sp0431+6035
-0.5,None,68.87590010758505,-24.118919149538016,71.99003401962788,-37.916237167865056,71.9950025535524,Sp0432-0639
-0.5,None,8.114452688232937,-36.72220378883783,8.739095892387526,-45.44237880374705,8.739833961140105,Sp0433+5635
-0.5,None,77.18309280220018,-9.46150212279303,82.479169102489,-19.91203231947839,82.4848953423596,Sp0433-3210
-0.5,None,16.283149126548828,-37.349856734814956,17.164466952816834,-48.32893220406003,17.163810171527153,Sp0436+4810
-0.5,None,78.47710432915073,-13.967798068055325,88.91661816468199,-25.72376769335643,88.84656149828912,Sp0436-2338
-0.5,None,78.03022785955504,-13.432176106161732,88.85805534429697,-25.210260379611537,89.20004514122408,Sp0439-2353
-0.5,None,52.49042200555178,8.754725312432804,53.569269276947615,2.853232142321458,53.574393087010876,Sp0439-6105
-0.5,None,66.87892099948866,-23.03352572303964,70.8016122119897,-37.09150146244651,70.84128577974467,Sp0440-0530
-0.5,None,73.09914123721003,-18.34950439506077,79.16350346910434,-31.494280503337972,79.2682787899532,Sp0442-1356
-0.5,None,75.57534821963291,-7.985356905720012,82.43016896725214,-18.712876930384535,82.60584887022445,Sp0443-3202
-0.5,None,72.5658199094914,-4.8702792243133635,77.57074900459446,-14.90731739687594,77.72649220947993,Sp0444-3655
-0.5,None,66.66353282119854,-21.725911778365862,71.23648593647505,-35.806857964071796,71.38979632296878,Sp0445-0602
-0.5,None,52.79130582574439,-28.612372134344128,55.60532115244784,-43.80021362224405,55.69834395221541,Sp0445+0938
-0.5,None,72.57011088613174,-4.853174990463845,77.75643088349324,-14.948477814361542,77.94907118469706,Sp0445-3642
-0.5,None,75.53546696577884,-8.208822526823907,83.42612004247526,-19.191508128477842,83.84920325364354,Sp0445-3048
-0.5,None,47.983631672938195,-29.94487301289089,50.61466434566743,-45.22614676454536,50.7285212246171,Sp0447+1436
-0.5,None,34.98488784551181,-33.71957358850636,36.9289711210894,-48.329627763524186,37.01651128812594,Sp0447+2819
-0.5,None,64.86526820109273,1.307091327482384,67.90960587942223,-7.291641480839875,68.04740247974138,Sp0448-4636
-0.5,None,12.442283558624377,-35.10617167785794,13.628309824516128,-45.310381742542305,13.694769095433157,Sp0449+5138
-0.5,None,63.15639469559767,-22.585498459827058,67.5636560251894,-37.054255774727004,67.81425956996995,Sp0449-0228
-0.5,None,73.16393952290981,-5.476383467245417,80.02238759647116,-16.1190314111837,80.61614383867017,Sp0451-3402
-0.5,None,58.09473146580809,-24.615031996847758,61.978384402760966,-39.51861983406514,62.25189380736664,Sp0451+0305
-0.5,None,54.439847614034456,8.427838931734827,56.22065297817915,1.7735162804177267,56.33832657732775,Sp0451-5818
-0.5,None,73.01722721614968,-13.935898456169006,82.00311108596443,-26.849651048387205,83.18838891199444,Sp0453-1751
-0.5,None,41.908154822358206,-30.496131440674915,44.55428640422572,-45.64679917042257,44.77694337795303,Sp0453+2033
-0.5,None,61.706220612793075,3.9117712361776005,64.64147214381482,-4.302314525713466,64.8920549442277,Sp0454-4945
-0.5,None,11.010063291525505,-34.08886292325403,12.337237559592731,-44.026470273404904,12.467752502799366,Sp0455+5252
-0.5,None,74.32213080699694,-8.580221135471614,84.87354289214294,-20.34427575806142,87.62030081062137,Sp0455-2701
-0.5,None,67.59004204074644,-17.6578485746552,74.10396624795176,-31.561764272136198,74.89666605145176,Sp0456-0932
-0.5,None,26.71106090663698,-33.127998284554224,28.74782138784764,-46.62979244244937,28.974949461588487,Sp0457+3622
-0.5,None,56.589639206304355,-22.740465169144752,61.17494090554585,-37.73590332848418,61.83377660061319,Sp0500+0330
-0.5,None,55.512230674386394,-23.139864545554865,59.986735747288876,-38.198249441622266,60.64423909387248,Sp0500+0442
57.487177027495164,None,72.48000774076249,-6.995460296050034,83.1479716778329,-18.945926178728346,87.48717702749516,Sp0503-2705
-0.5,None,51.54435943196207,-23.64207529082182,55.923766953284776,-38.86378408717178,56.74261452770356,Sp0505+0836
34.7034365056945,None,60.33952556324119,5.731400043681829,63.99154443682042,-2.741666686703325,64.7034365056945,Sp0506-4956
52.12265479770586,None,69.24659625471415,-11.345948135029408,78.90255698382302,-24.6930126664109,82.12265479770586,Sp0508-1647
2.022986612116071,None,28.770199024881585,-30.26495707479037,31.462021466453233,-44.19275118677788,32.02298661211607,Sp0508+3319
8.116703236715011,None,34.29269990372148,-28.617423517940622,37.419552923050965,-43.24457404961816,38.11670323671501,Sp0510+2714
38.54291388770679,None,62.70369910130521,4.324431604656523,67.39415596047122,-4.902723449143344,68.54291388770679,Sp0511-4606
38.3437736864621,None,62.480280247354706,4.528303752938173,67.1653173342621,-4.680270692893659,68.3437736864621,Sp0511-4618
58.34857484985959,None,70.53108595659337,-5.735730455465797,81.42269337267025,-17.98995011247943,88.34857484985959,Sp0512-2617
-0.5,None,-0.761905380883132,-30.454931975911038,0.5783287103588546,-37.46317294798815,0.9364638502079916,Sp0515+6424
-0.5,None,6.4287740104014,-30.78864197818963,8.186430878467288,-39.89186671740778,8.680725332118048,Sp0516+5640
50.82405444740144,None,68.20600063357837,-0.9463076720403342,77.01652591907188,-12.259317281985826,80.82405444740144,Sp0517-3349
56.36929486245428,None,69.26883201636274,-3.7076956911006973,79.80283198889768,-15.809224886606952,86.36929486245428,Sp0517-2816
10.755865557315303,None,35.93161592072882,-26.152372420368867,39.64344617852886,-40.967918382931664,40.7558655573153,Sp0518+2435
-0.5,None,-12.160982782777415,-28.094032103528782,-11.353755951723898,-31.778355019583483,-11.094098362598327,Sp0520+7626
35.40256496371143,None,56.21618647987409,-16.300597530788124,62.90238135563499,-31.254896441165897,65.40256496371143,Sp0522-0002
-0.21261753209448386,None,25.64677274816252,-28.02647528258154,28.756416652760585,-41.583307326403414,29.787382467905516,Sp0522+3534
-0.5,None,5.025599981277677,-30.04780850476596,6.851235438637832,-38.86005149502443,7.453992334747608,Sp0522+5754
30.043304029227265,None,51.944906602842806,-18.393888445563096,57.87106079313936,-33.57812758549009,60.043304029227265,Sp0522+0518
49.407049341194764,None,64.81923733118674,-9.570783828864542,74.4489411808515,-23.454807799211807,79.40704934119476,Sp0523-1403
-0.5,None,15.590725923619354,-29.333165289673218,18.10014967935078,-40.909510347308654,18.96558447503333,Sp0523+4623
14.3111816221557,None,38.36414460159047,-23.58977862625279,42.70814564733679,-38.61006666398254,44.3111816221557,Sp0525+2102
34.196650540384994,None,57.776293283809764,8.787169793941207,62.35391666154248,-0.021074157171418553,64.196650540385,Sp0526-5026
-0.5,None,14.52001030612484,-28.598350190467333,17.13448502249585,-40.00139976679839,18.15752333520277,Sp0528+4712
55.387150981527,None,65.6952549882213,-5.378824011204092,76.56431482428454,-18.72868481359902,85.387150981527,Sp0529-2002
20.297195660743,None,42.86330819610594,-20.393140927031837,48.05937475325151,-35.627216573921814,50.297195660743,Sp0530+1503
33.096507325019154,None,52.93996086664894,-15.170647234228754,59.82472068549078,-30.28511039762412,63.096507325019154,Sp0531+0215
2.674651099575172,None,31.82272986959559,22.146484763783082,32.43514899266163,20.067411607765404,32.67465109957517,Sp0532-8157
31.050398715673822,None,51.150594227589515,-15.683196331914209,57.81510656150342,-30.872735698001414,61.05039871567382,Sp0532+0418
-2.312597047607209,None,22.79104603488105,-26.257974528620885,26.190550849139424,-39.4460425632894,27.68740295239279,Sp0533+3740
31.97532443431021,None,51.753968114343394,-15.167656048506338,58.586383702520386,-30.330927193721756,61.97532443431021,Sp0533+0323
-0.5,None,10.786509714614269,-28.096808003698637,13.330191421355421,-38.675243215893616,14.455969086325718,Sp0533+5054
50.55114167290701,None,62.881992643068926,-6.611991874748622,73.10816629382953,-20.547377090925817,80.55114167290701,Sp0534-1511
44.874246148086385,None,60.01220521229528,-9.13558210902312,69.18187403015816,-23.57667824138684,74.87424614808639,Sp0535-0931
43.632893090935625,None,58.89015573863444,-9.250770879654915,67.9076821118074,-23.80941569123123,73.63289309093562,Sp0537-0816
37.49647398078896,None,58.344207017287104,9.0364176917286,64.1965404025094,-0.5925048969694381,67.49647398078896,Sp0539-4708
-0.5,None,19.601836939388363,-25.68147557051684,23.011009129026327,-38.34779318559428,24.71852034634728,Sp0539+4038
-0.5,None,13.727386372179902,-26.773325037703422,16.677262593902782,-38.166751423848524,18.14774903769845,Sp0539+4712
-0.5,None,8.591761481375288,-27.36394697385018,11.1710348793924,-37.48153440875313,12.462993371684052,Sp0539+5253
36.34800765496351,None,53.79605329238914,-11.890611427150501,61.645507671533224,-26.911274786980808,66.34800765496351,Sp0539-0059
598.9322239465876,None,63.32149192088444,-0.3595078358694391,74.35840842897078,-13.425726963975412,89.89322239465875,Sp0544-2433
465.2212209104566,None,59.00345238252071,-6.433176931937376,68.78949678204042,-20.842889641140207,76.52212209104566,Sp0544-1109
485.28751640013354,None,59.8831666652956,-5.4555505877254795,70.00924798644496,-19.702476286685748,78.52875164001335,Sp0544-1309
28.705365753451197,None,47.42334088041134,-13.91409137038967,54.383679181021755,-29.17943692708261,58.7053657534512,Sp0544+0639
197.50607486251454,None,45.00257311829385,17.816865925533875,47.90238390235951,11.49255140408088,49.750607486251454,Sp0552-6452
354.0594766550988,None,50.816344742551514,-9.426950197894469,59.091597830375115,-24.5514163234848,65.40594766550988,Sp0552-0002
305.76132423094174,None,52.14914499547393,14.234867902922721,57.05630280870739,5.603990083293418,60.57613242309417,Sp0555-5402
192.27783561959185,None,38.487512259684564,-15.194746925573444,44.76006880510725,-30.328606938012374,49.227783561959185,Sp0555+1608
273.2749747407544,None,44.52957041586576,-11.91713632093109,51.82127910460559,-27.198313871690736,57.327497474075436,Sp0556+0802
460.6976797234272,None,59.230782730057186,8.240991674848575,67.87404841893348,-3.1324004027548047,76.06976797234272,Sp0556-3832
182.3009742708058,None,37.422944099332845,-15.137487132485191,43.66504501163703,-30.224132632640423,48.23009742708058,Sp0557+1708
241.18899234190104,None,41.29833534161518,-12.006842259567762,48.402289449690585,-27.257358630399953,54.1188992341901,Sp0601+1115
-38.088062799774995,None,18.671256484151453,-21.03792576970197,22.979038444495007,-33.84232115414138,26.1911937200225,Sp0602+3910
31.620475102618002,None,31.629669039270482,23.115955565860116,32.52448238192079,20.779835691842333,33.1620475102618,Sp0603-8127
20.02822010603289,None,23.32488148010062,-19.0513128024187,28.21341875274562,-32.69267654620309,32.00282201060329,Sp0604+3322
130.53137430298102,None,32.26305756089272,-15.379473380105507,38.24561912318818,-30.132745731233715,43.0531374302981,Sp0604+2219
62.67005239759932,None,26.787913095589655,-17.653761088861398,32.09104095987199,-31.799459741024922,36.26700523975993,Sp0604+2906
590.8673454150166,None,58.496507392661755,3.530332191659308,69.54352917376751,-9.949069201713082,89.08673454150167,Sp0605-2342
108.76482374357181,None,30.124536158542934,-15.504741717984835,35.99487552654492,-30.07191598514567,40.87648237435718,Sp0607+2429
-0.5,None,12.534883511694575,-21.744542298876524,16.4330061040808,-33.33233780995356,19.53136805631154,Sp0607+4550
246.8054953400826,None,40.52792313157827,-10.198268310264366,47.98274560466058,-25.44603868930439,54.68054953400826,Sp0608+1041
469.57553572508886,None,57.00970308574492,10.194209587731244,66.10462239675346,-1.530420774997974,76.95755357250889,Sp0609-3739
508.44152157581175,None,57.44303214329085,8.851559154461835,67.34546141287126,-3.455610738264522,80.84415215758118,Sp0610-3346
-0.5,None,-6.709661847706965,-24.786825831385187,-4.635162103669247,-30.975574967757943,-2.9305708186633863,Sp0611+6818
334.6253811524161,None,51.72229275604694,15.485757198840068,57.73357695133196,6.046720376421916,63.46253811524161,Sp0611-5109
19.518955623014556,None,22.382114725432128,-17.567818547216735,27.52714141579704,-31.15135147570528,31.951895562301456,Sp0611+3325
556.8970629199567,None,55.72869750440077,4.0272359354516,66.78853687263445,-9.92159270783746,85.68970629199568,Sp0614-2019
-317.9808395057773,None,17.892245515388115,-18.623965892877347,22.641749320020516,-31.452706302917825,26.820191604942227,Sp0614+3833
-0.5,None,12.039373005264915,-20.473289088834587,16.162904946595955,-32.06994061445348,19.76643420096009,Sp0614+4536
363.95834993227663,None,46.88218328963352,-3.7290320825322505,56.1037397635674,-18.911895421108028,66.39583499322767,Sp0615-0100
386.6217785571,None,53.3364579608953,14.400595903412315,60.651913334706904,3.934385744162529,68.66217785571,Sp0616-4557
-0.5,None,2.0091899307454373,-22.7755634893336,5.131314003340197,-31.776150993302977,7.885819916998964,Sp0616+5729
317.83455797188685,None,49.80656621224838,17.215697130384378,55.66254107478509,7.987632807494476,61.78345579718869,Sp0619-5249
194.58098032511054,None,34.488324480889496,-9.24354590249283,41.81438504146571,-24.28424589976997,49.45809803251105,Sp0621+1555
575.6916629485487,None,54.30923188774739,6.521872774449975,65.37353896195624,-7.3392675593338765,87.56916629485487,Sp0622-2211
511.8851484570237,None,52.48501743424219,3.9658225209581666,63.389775124395754,-10.468770676678307,81.18851484570237,Sp0622-1548
159.72317176752483,None,40.2008801387424,21.770160410624626,43.12245981633082,16.02094854077043,45.97231717675248,Sp0623-6838
88.57684536302479,None,26.340534131574767,-12.921573916871013,32.56031341936779,-27.20322185676459,38.85768453630248,Sp0623+2631
-0.5,None,6.258909346299752,-20.510241918500462,10.07856141261857,-30.836421191687183,13.767725751681882,Sp0623+5137
-0.5,None,-5.899377030914159,-23.277666476092318,-3.4367926726322806,-29.982587519834837,-1.0559050442266702,Sp0624+6626
392.41349324307606,None,52.13170019098343,15.626355355902424,59.76826740831962,4.929314277568199,69.2413493243076,Sp0624-4521
459.6638409813596,None,49.851336585076446,2.3802185187887104,60.374125604197985,-12.435374055112785,75.96638409813596,Sp0625-1034
347.0060355447964,None,43.72521786920809,-2.0095447496368593,53.02371283491782,-17.25751795591535,64.70060355447964,Sp0626+0041
4.784330029805872,None,19.3407485912614,-15.12497422019438,24.827768630805682,-28.399721304872482,30.478433002980587,Sp0626+3454
-0.5,None,-19.424504125611413,-24.38115776310344,-18.590742446837485,-26.396924204677916,-17.69375278784475,Sp0632+8305
4554.954703032442,None,48.12655775614534,3.7651898644751354,58.695505231391024,-11.121962666637371,75.54954703032442,Sp0632-1009
5912.861885742763,None,50.54410642945454,11.010315693392206,61.541536107831625,-2.8881267959828842,89.12861885742763,Sp0640-2352
4122.498175889207,None,49.85535662134522,17.811674063739808,58.191822735351565,6.546059558913876,71.22498175889207,Sp0641-4322
5412.163891106893,None,48.69933540593645,9.662814998024528,59.76394848298594,-4.732232759118247,84.12163891106893,Sp0643-1843
3778.2334256482914,None,41.8816599381552,3.159280049420817,51.888337147618316,-12.069107762928091,67.78233425648291,Sp0643-0223
5588.918432684118,None,50.338156384682904,13.571270466115255,61.010336438900495,0.1548921500810332,85.88918432684117,Sp0644-2841
22.081644759238372,None,28.619913723634344,24.653326908560434,29.367987934821212,23.04003016103475,30.220816447592384,Sp0644-8422
1897.695268537467,None,40.01860937871199,23.70377873401518,43.89756014041272,17.024129220383625,48.97695268537467,Sp0648-6537
5899.8990003291165,None,48.16897841846861,14.151620544436197,59.06252336754316,0.30109041155871613,88.99899000329117,Sp0652-2534
-0.5,None,6.831352492099451,-14.751257222413956,11.78481387519672,-25.7910308313,18.22392950220807,Sp0652+4710
5164.068031691792,None,45.754175424636195,10.824266132159133,56.78763309803831,-3.8374492423077897,81.64068031691792,Sp0652-1614
-0.5,None,-20.06400540564598,-23.699030114005083,-19.141400015442617,-25.660890518458213,-17.90256088867391,Sp0655+8318
-0.5,None,-9.527558537323067,-20.774579354402217,-6.828211548426423,-26.831748601469457,-3.2825211017995493,Sp0656+6841
1811.4641341894255,None,26.902827763965686,-1.4514365901132993,35.20834108506288,-16.208290967871264,48.114641341894256,Sp0659+1717
3444.1584637263672,None,16.83933116565257,-7.494105145794568,23.600619998944964,-20.85535448213816,33.44415846372637,Sp0700+3157
2822.252811325277,None,32.53396768467944,3.552638523952919,41.955539372071215,-11.643587251729121,58.22252811325277,Sp0703+0711
5232.498520732305,None,46.46176154751305,18.646986402172043,56.75351670713291,5.452342391746086,82.32498520732305,Sp0703-3216
5678.877834157419,None,46.04461070649312,17.235684276176777,56.7679204579675,3.509095552692042,86.78877834157419,Sp0703-2748
-0.5,None,6.033147568421399,-12.77724099069446,11.310668338243241,-23.838219624090755,18.86755738849125,Sp0703+4632
2302.1814649926205,None,40.503966666373366,24.877855464819067,45.40605071287086,17.112616706945825,53.021814649926206,Sp0703-6134
476.0992157210659,None,17.220798260886585,-6.271251563536138,24.21224810214184,-19.758842679285383,34.76099215721066,Sp0704+3038
3243.5191825977354,None,34.54516564829744,5.733223026188212,44.403069887241166,-9.534580727876273,62.435191825977356,Sp0704+0258
-0.5,None,4.968576127003888,-12.934744194742782,10.160643962668463,-23.756928013575855,17.690169688296308,Sp0705+4742
1282.0569541563877,None,22.302792890589874,-2.37195712441042,30.207588100322617,-16.6763359121695,42.82056954156388,Sp0706+2234
-3568.336924664216,None,11.047324638780596,-9.282240229479664,17.209759742406117,-21.599879611625013,26.431663075335784,Sp0706+3858
3557.512461731518,None,44.08125298399056,23.64068610059711,51.60676248840341,13.103791282702575,65.57512461731518,Sp0707-4900
1007.1417333080319,None,33.6964086012798,26.027943936833253,36.221303809438936,21.591393854903473,40.07141733308032,Sp0710-7431
5454.966750140585,None,44.61089847130846,19.56077722202769,55.1325865590433,6.008623590150339,84.54966750140585,Sp0711-3001
-0.5,None,4.119625359576786,-11.60759985786286,9.509672832906377,-22.380164842805357,17.862280712971437,Sp0713+4732
-1635.3003825388726,None,11.312106810163487,-7.117014726091616,17.865379659966706,-19.642312821717148,28.364699617461127,Sp0714+3702
4716.563885189319,None,38.96397212930914,14.246849816840841,49.929616308932076,-0.8040825141585688,77.16563885189319,Sp0715-1145
1884.2843070026668,None,37.49915988668793,26.506521853766092,41.73919428561976,19.710871920704545,48.84284307002667,Sp0715-6544
4191.349731758563,None,36.600937687325725,12.392405487852699,47.328790097597704,-2.829516642430148,71.91349731758564,Sp0716-0630
3372.4260571981786,None,41.846290099696695,25.78869865031887,49.13132324993844,15.518912118151766,63.72426057198179,Sp0719-5051
1578.2193825923216,None,21.41900441599659,2.1596815239592257,29.986746318880492,-12.260518203031205,45.782193825923216,Sp0721+1937
5348.140257734775,None,42.439389052311355,22.071945660841727,52.84517104456226,8.544072625854751,83.48140257734775,Sp0721-3105
32676.97810411773,None,31.020567559228617,9.729337845828486,41.158667420715815,-5.514925700869596,62.67697810411773,Sp0722+0243
5167.431660303629,None,38.9271602763296,17.542618494546723,49.99623501570648,2.6807562607864495,81.67431660303629,Sp0723-1616
-0.5,None,-3.7778034230158553,-14.212883531465147,0.6680477828651737,-22.85429486170932,7.962222498342649,Sp0723+5727
5007.48245498912,None,38.19888333457161,17.144759322821393,49.25354424527439,2.190113093340227,80.0748245498912,Sp0723-1439
5141.657488772433,None,42.22389887421392,23.030683808446643,52.409107939546736,9.745065196738166,81.41657488772432,Sp0723-3309
432.93419610170645,None,30.07841292539781,26.25050260340623,31.68443534924963,23.425008376094485,34.329341961017064,Sp0723-8015
-0.5,None,-7.837803961285973,-15.998102332262267,-4.0162061850460855,-23.32197463304481,2.379525344824565,Sp0726+6302
58420.919673641794,None,40.00648824720882,22.27260349805223,50.79086282296757,8.133633243829927,88.42091967364179,Sp0729-2608
19531.88546271431,None,21.939178123554186,5.789822487475491,31.05602823582758,-8.83686256731879,49.53188546271431,Sp0730+1553
55576.07948436271,None,37.6986347020953,21.262108260849836,48.7249205207334,6.5864289102743,85.57607948436271,Sp0733-2010
41068.73472348644,None,40.34997921363185,27.174665486536547,49.08905094160004,15.38074393654689,71.06873472348644,Sp0734-4330
-0.5,None,-7.647197793289629,-14.565208711773272,-3.5255554963029665,-22.15206440762106,3.7880300124241777,Sp0735+6137
12195.512441171324,None,16.399433250523508,3.6385817554081505,24.921015923904644,-10.309103598903889,42.195512441171324,Sp0737+2313
35125.53380890107,None,38.9848577225484,28.75080121663323,46.704122472099776,18.050986944702693,65.12553380890107,Sp0739-4926
20388.841005015038,None,20.61361620069038,8.145259303670972,29.97240054082342,-6.466678522060596,50.38884100501504,Sp0740+1502
52833.87125948031,None,35.365978914854786,21.818416067698195,46.42898529292545,6.923974312698056,82.8338712594803,Sp0740-1724
39420.647253898875,None,30.070700158999955,16.887172343778808,40.83471317781743,1.60667070489981,69.42064725389888,Sp0741-0359
17777.57399185625,None,18.911192690975977,7.137278168295019,28.04858006272589,-7.268348656600426,47.77757399185625,Sp0741+1738
29890.317917026863,None,25.31640599193432,12.965545905138345,35.49247064236716,-2.1418754557551694,59.89031791702686,Sp0741+0531
42527.06025505367,None,31.202405692234,18.357611054533546,42.106738374837015,3.097779205477236,72.52706025505367,Sp0741-0706
55925.78284548548,None,37.39143525876781,25.968050530607396,47.9708394708416,11.968805772068517,85.92578284548549,Sp0743-2836
32950.414718556065,None,25.487744493680957,15.724320348745731,35.94193043283859,0.5426534522800524,62.95041471855607,Sp0748+0228
-0.5,None,-9.055799768614067,-12.839508880640674,-4.689908505540738,-20.299019559085547,3.9050488332692823,Sp0750+6131
59053.1940107077,None,35.11745833636167,26.751708461709672,45.88574538887066,12.387961474280138,89.0531940107077,Sp0751-2530
26523.47444504329,None,21.05353269558592,14.036241493773481,31.123662608811063,-0.8530606774875849,56.52347444504329,Sp0753+0854
19369.51913633142,None,17.222991988189644,10.623895266451777,26.716210950898454,-3.7849417312949147,49.36951913633142,Sp0754+1603
59380.83596872597,None,33.85010996099838,27.26598891239082,44.684753424989225,12.747709051538887,89.38083596872598,Sp0755-2404
47982.82510494633,None,35.61437191739701,30.55450532595572,45.37253846908742,17.4584093641312,77.98282510494633,Sp0757-3635
48295.56838903461,None,29.694727419911192,24.324931004120366,40.762438388859366,9.152178066505007,78.29556838903461,Sp0758-1252
44808.209300698945,None,35.75297723106869,31.157967466880844,45.103243156483565,18.54730380747491,74.80820930069895,Sp0758-3945
32025.291509861225,None,22.56965743142521,17.826340870894995,33.07018148730779,2.7181832293219617,62.025291509861226,Sp0759+0323
-0.5,None,-6.38846038870882,-8.598551914428919,-1.04340676146491,-17.302994038958907,10.238156846553657,Sp0800+5511
-0.5,None,-10.562320265923217,-11.647524915758682,-6.065479778906483,-18.876867854515453,3.5390290259069017,Sp0804+6153
33571.55986740456,None,22.257785812974735,19.57506224409306,32.88399869095834,4.43312823710116,63.57155986740456,Sp0804+0151
31915.917299402652,None,21.473416898518792,18.827130484051885,32.00793695606167,3.745327897689668,61.91591729940265,Sp0804+0330
52574.214086840766,None,33.44381359814789,31.234736413763258,43.68082537489055,17.463762309705377,82.57421408684077,Sp0805-3158
-0.5,None,-3.0366492335877684,-4.230269892782665,3.2736343039158853,-14.210420477272802,17.223692664209715,Sp0805+4812
44012.40155924971,None,26.388245389530947,24.383222143058884,37.41181107557795,9.111448680568431,74.01240155924971,Sp0805-0835
55898.73023073312,None,32.52482825266477,30.807070945440003,43.03861930027734,16.64863236484619,85.89873023073312,Sp0806-2839
3215.1855553280698,None,5.71631490402363,4.80386557370625,13.881631822217926,-7.684183411513072,33.21518555532807,Sp0807+3213
53622.845631427,None,32.77036426502919,31.514461935066187,43.094227562357126,17.604117379730337,83.622845631427,Sp0807-3056
3483.259806050633,None,5.760910231332132,5.0562904915566245,13.964467763854405,-7.458539972346257,33.48325980605063,Sp0808+3157
47225.35458138386,None,33.34681245390538,33.00921579846519,42.998590757120034,19.944965350889525,77.22535458138385,Sp0809-3720
43294.99078926203,None,33.64070474157455,33.53702660127966,42.78143825950719,21.10624450004068,73.29499078926203,Sp0810-4115
32027.376409040364,None,20.09693864269106,20.31255403516372,30.68959467640023,5.258873617801183,62.027376409040365,Sp0810+0324
21089.382416035336,None,14.66646398755733,15.005679518177326,24.533177518355522,0.6304739153510032,51.089382416035335,Sp0810+1420
16509.939740473208,None,12.24647742269787,12.666087896709644,21.74175696590697,-1.3031848787863198,46.50993974047321,Sp0811+1855
51150.17526936447,None,32.29930617991571,32.89070510993909,42.379054867672764,19.257248084835286,81.15017526936447,Sp0811-3324
59778.46161405022,None,30.266119475565553,31.188827110507507,41.0167084740213,16.619980381867947,89.77846161405022,Sp0812-2444
32029.85646915063,None,33.37987851736917,34.169675853481756,40.70780555202478,23.99130582430529,62.02985646915063,Sp0813-5232
48510.07730585676,None,32.130736240799166,33.882077039294266,41.922541839520186,20.59429782515158,78.51007730585675,Sp0814-3602
44159.20679980351,None,24.197746271185963,26.69380146324756,35.2417976959791,11.415992890063908,74.15920679980351,Sp0815-0843
11874.584889673599,None,8.263858133000946,11.691229213869654,17.461460587413978,-1.689462418319535,41.8745848896736,Sp0818+2333
40271.692661416455,None,21.726182447093933,25.994090766108094,32.70056463750684,10.736732878765055,70.27169266141645,Sp0819-0450
18456.171733602012,None,11.501158556003535,15.429278493090873,21.270196010520703,1.3836418724977735,48.45617173360201,Sp0819+1658
40629.0050542423,None,21.82524315448081,26.194890349728826,32.80933725485438,10.933078239068786,70.6290050542423,Sp0819-0511
-0.5,None,-3.9007203725136215,-0.42144424687559245,3.001228210687092,-10.60773568881231,19.906184721184385,Sp0821+4532
-0.5,None,-12.239458849358714,-9.495827792543027,-7.4363758137047,-16.588066148739145,4.0186270751856235,Sp0823+6125
24860.028735450407,None,13.836882708692533,19.612296734688865,24.113813321967566,5.076381524167935,54.860028735450406,Sp0823+1034
10958.520680436464,None,6.842972213982964,12.094925964341668,16.026098230457965,-1.1073126364306731,40.958520680436465,Sp0823+2428
14175.288663532434,None,8.192449912791359,14.19058077413197,17.680191133964556,0.6505083976671907,44.175288663532434,Sp0825+2115
53864.02457729224,None,28.79249181860585,35.40600997592019,39.080815678666525,21.346256857282103,83.86402457729224,Sp0826-3040
32281.04427974421,None,31.29613685233503,36.27126654183069,38.70800327157928,26.01862232768173,62.28104427974421,Sp0827-5216
-0.5,None,-4.4665204440125015,0.6544704075850937,2.5810172473466544,-9.519392651282544,20.407855963822154,Sp0827+4502
48597.70651665362,None,22.981470065266198,31.257097615733453,34.044926270724275,16.017276855377943,78.59770651665362,Sp0828-1309
50556.673488448054,None,23.687449855967802,31.9377519241469,34.728775627069794,16.74629649010938,80.55667348844806,Sp0828-1506
20503.78880994726,None,10.572353419665852,18.42102000504534,20.604661558666425,4.304857903232881,50.50378880994726,Sp0829+1456
38091.217111631464,None,18.58386186248492,27.255849240015454,29.530941664503292,12.06920008586119,68.09121711163147,Sp0829-0238
8667.020423478305,None,4.502228369438085,11.894026570959399,13.558302537273672,-0.9339701040492931,38.667020423478306,Sp0829+2646
36283.86512939291,None,17.63869743119904,26.610441952149717,28.532783884282665,11.48501895722945,66.28386512939291,Sp0830-0050
25653.69856386439,None,12.747852679426085,21.454155820283734,23.137141782955304,6.927472668251388,55.65369856386439,Sp0830+0947
58817.96781158941,None,26.33675657501462,35.584993044516594,36.97530359589735,20.97983190262849,88.81796781158941,Sp0831-2535
25011.771379182675,None,12.142980863792925,21.410965072131308,22.5053224576286,6.947677712764238,55.011771379182676,Sp0831+1025
36914.87210235871,None,17.51031880070776,27.296022184787034,28.43193930409798,12.155865625245887,66.91487210235871,Sp0832-0128
37017.855622012175,None,17.455921612804023,27.43807731984971,28.382259497649144,12.296259756314507,67.01785562201218,Sp0832-0134
30944.521530950682,None,30.309118303359813,37.1019394777853,37.498491807582866,27.166540980240093,60.94452153095068,Sp0833-5336
32265.93368775422,None,30.22927859492617,37.32919916362418,37.65000214953638,27.081211623741847,62.26593368775422,Sp0833-5217
24952.143715359056,None,11.362686049723013,22.099841508038452,21.751304762864272,7.679177429758516,54.95214371535906,Sp0835+1029
43765.03906848242,None,19.515673254835058,31.048022250209726,30.57834103000618,15.772694241941895,73.76503906848242,Sp0835-0819
17044.51087032205,None,6.507962194095675,18.750736132846235,16.40801732014651,5.133574050273981,47.04451087032205,Sp0840+1824
-0.5,None,-8.168626061341298,0.3644699648017363,-1.3549015726880373,-8.959888611013909,16.98591994619565,Sp0840+4827
-0.5,None,-13.127635290186351,-6.393604695588427,-7.788627620752524,-13.686548471761792,6.2626296368258165,Sp0840+5911
-7454.380583873537,None,-2.294333814737636,8.137395721489563,5.974797384894503,-3.1856371619457837,29.254561941612646,Sp0841+3611
25034.150597493757,None,9.6248313606159,23.835167424550175,20.085325208132584,9.501772294645418,55.034150597493756,Sp0843+1024
30871.49061895598,None,12.164197988222549,27.010250412260238,22.919671207981835,12.248241102893278,60.87149061895598,Sp0844+0434
551449.7031537506,None,24.690345498900708,39.056963875090176,35.014275444095766,24.755710200884145,85.14497031537506,Sp0844-2924
509743.1819824142,None,19.582386691917673,36.37840282418121,30.583621584579767,21.152978446223873,80.97431819824142,Sp0847-1532
276160.0492898453,None,28.24773867937302,38.56276542498172,34.86405632619667,29.494467810920966,57.61600492898453,Sp0848-5656
33111.165947481975,None,12.042675343351355,29.204638723649975,22.909194315720743,14.345028030409837,63.11116594748198,Sp0849+0220
387591.638537601,None,14.193691660704992,32.15031958696401,25.212881223343935,17.02315998072285,68.7591638537601,Sp0850-0318
4009.63561673278,None,-1.7859634200895016,12.697540379335448,7.104758141240139,0.8841827412184526,34.00963561673278,Sp0850+3126
-0.5,None,-21.14968167724606,-17.0612500725188,-18.72719640509173,-20.210570109317334,-12.0036546102207,Sp0851+7727
389387.6820309929,None,13.487214682051938,33.00068770846338,24.516362549495547,17.882457822594837,68.93876820309929,Sp0853-0329
595353.716689398,None,21.276374677492218,40.34255482312815,31.879171420831867,25.560625098634805,89.5353716689398,Sp0853-2446
593373.9341238642,None,20.999109539206678,40.85372348913695,31.568177731397277,26.097224688214357,89.33739341238642,Sp0855-2512
-0.5,None,-14.30578974677114,-3.359967315010931,-8.476811380399486,-10.75577904903701,8.305172913308475,Sp0857+5708
-0.5,None,-17.008430998064952,-7.624890426958418,-12.16988618596837,-13.703670997049832,1.7617628561751306,Sp0859+6341
236942.4551149065,None,5.491623149751667,26.36115760647487,15.99876061809722,12.363256494111377,53.69424551149065,Sp0859+1145
136200.87793759396,None,0.7742103960123733,20.426093207710103,10.622073968949984,7.546744153914129,43.620087793759396,Sp0900+2150
148730.4906048412,None,26.917923368920857,35.39238657375295,31.091978573242475,29.879198985760034,44.87304906048412,Sp0901-6940
348977.59679094364,None,9.85377377206678,32.93233887043762,20.82114046884234,18.07052107338333,64.89775967909436,Sp0902+0033
-0.5,None,-19.329427589876605,-11.450943349257411,-15.463792804355535,-16.246602099396906,-4.210933341321345,Sp0902+6939
416504.1427363195,None,11.736732112486461,37.01674243658571,22.805600868740154,21.854359956058147,71.65041427363195,Sp0906-0611
510111.2447438192,None,21.268898775294318,44.191823524854186,31.13616211309429,30.302236977743892,81.01112447438192,Sp0906-3332
497211.38748229493,None,21.61358933681734,44.25344379187156,31.354600903088876,30.549502934533564,79.72113874822949,Sp0906-3449
487387.58507727867,None,21.832065631279356,44.31958487673249,31.471709328599417,30.764317614508663,78.73875850772787,Sp0906-3548
413976.26020424865,None,23.48752190905232,44.055547034953634,32.257187620800075,31.821554663535796,71.39762602042487,Sp0907-4308
268411.3299388538,None,5.030778359358268,29.859870234924212,15.74673393178074,15.686264720516002,56.84113299388538,Sp0908+0836
204661.5229188359,None,2.1049568430290586,26.197804041508597,12.495066750622156,12.678506743478646,50.46615229188359,Sp0908+1459
-0.5,None,-13.134502036461535,2.337648711007752,-6.249126788841997,-6.0484900422945085,14.920366985225968,Sp0908+5032
157775.58082150406,None,-0.22475610211001684,23.493268090859704,9.87176952819312,10.538439267724568,45.77755808215041,Sp0909+1940
-0.5,None,-21.289610033433934,-13.900866933100257,-18.146032650404564,-17.651724087635635,-8.559939460921344,Sp0911+7401
110278.2453851183,None,-2.92695905410427,20.929403875916925,6.841005873444981,8.63796125108403,41.02782453851183,Sp0912+2425
430057.77423318574,None,10.72573224257237,39.14450651760474,21.794446625748908,23.96313175010447,73.00577742331858,Sp0913-0733
192968.13263410918,None,25.639150931195772,38.46093453096789,30.713158203734963,31.823887665440147,49.29681326341092,Sp0914-6514
137957.76603352095,None,-2.4493735216459176,23.358593816367314,7.563227107085599,10.78644863935985,43.795776603352095,Sp0916+2139
468092.93667348183,None,11.364139955068955,41.57507203305961,22.391276168930926,26.313289502237186,76.80929366734819,Sp0916-1121
351851.02784492687,None,5.989002569088209,36.85983576978151,17.006634973176322,22.13812215407556,65.18510278449268,Sp0919+0016
565300.8582044821,None,14.109063053369566,45.64303783834273,24.801019648004015,30.521362617911713,86.5300858204482,Sp0921-2104
-0.5,None,-18.267994535801474,-3.41972159593307,-12.697068086914085,-9.773750102894745,5.165968236923152,Sp0921+6017
43640.465877671275,None,25.328820489113514,30.859008076283107,27.365705698438642,28.379551209600077,34.36404658776713,Sp0922-8010
570723.4733478895,None,15.87791982309756,47.33218579581104,26.167464844665705,32.657715091918696,87.07234733478894,Sp0923-2727
176153.21575164402,None,24.762369317373636,38.527157777448714,29.512352288485783,32.46224866978151,47.6153215751644,Sp0924-6655
183821.760416705,None,-2.473676936975028,28.029913327703095,7.918682280045113,15.088628969062887,48.3821760416705,Sp0925+1704
53297.7708167504,None,-7.9827178993404155,19.146077502118317,1.4294613108507928,7.959466495187557,35.32977708167504,Sp0925+3007
-0.5,None,-16.611145303613302,2.3048802867559406,-9.911721888930574,-5.227840716826838,12.30274120260474,Sp0926+5309
-0.5,None,-13.251651694771704,10.486692381399314,-5.119549821136115,1.2425645301176516,22.948838180320845,Sp0928+4230
74224.31559323151,None,-8.199042850612736,21.448920839210224,1.4484133529871017,10.10303165221805,37.42243155932315,Sp0931+2802
527488.587079598,None,10.468132159583838,46.915497989327335,21.288709227572284,31.652279996741953,82.7488587079598,Sp0931-1717
-117.47692701638854,None,-11.599974859766577,15.227638862159655,-2.772151219418554,5.150884954726724,28.825230729836115,Sp0931+3638
299894.94648425805,None,1.1328553695745356,36.408591073968076,12.064818152708462,22.28447100690157,59.989494648425804,Sp0931+0528
515099.0584366116,None,9.44018978638962,47.082609508224095,20.29901112715774,31.80453368589516,81.50990584366116,Sp0933-1602
507580.1495770493,None,15.307231364305625,50.5388041150571,24.98788508080929,36.60544121414011,80.75801495770493,Sp0936-3346
583433.5135586602,None,12.619172585556134,50.134434676405945,22.929091341221678,35.2933919998673,88.34335135586602,Sp0936-2609
567293.2927341965,None,12.85826297503985,50.708633906602,23.038916849102574,36.01476691576629,86.72932927341965,Sp0938-2748
-43724.250886510665,None,-14.19455653841873,13.840353159612423,-5.640181207360405,4.4709943806627415,25.627574911348933,Sp0939+3950
57422.46365517772,None,-10.503822252554393,21.456307996287702,-0.9270804311760292,10.57553296493918,35.74224636551777,Sp0939+2943
22120.553594019442,None,-12.190002213281547,19.084558968833523,-2.923068942607865,8.773468274110444,32.212055359401944,Sp0941+3315
337403.6223130165,None,19.45492313080924,48.02296912465128,26.99082824016159,37.76848106568292,63.74036223130165,Sp0942-5047
116126.37485487192,None,-8.959347971179806,26.291852686480656,1.1190612110592257,14.67674125399419,41.61263748548719,Sp0942+2351
459689.1146282424,None,15.65772343079408,51.443111166604275,24.800403858495397,38.34334723652291,75.96891146282424,Sp0943-3833
379664.30922703666,None,1.6910127891317255,43.42038562343241,12.760936894030047,28.744266544183176,67.96643092270367,Sp0943-0229
531235.8847834681,None,13.070560194617455,52.068792074843486,22.923910454324133,37.7828316876436,83.1235884783468,Sp0944-3124
-0.5,None,-22.109862349706606,-5.804711198374844,-17.279444279653205,-10.74482916757997,-0.16330670705791195,Sp0944+6537
330580.89348118193,None,-1.2696233691381484,41.49312964160498,9.766028425774733,27.323789783361686,63.058089348118195,Sp0947+0224
273564.7878898454,None,-4.006415211462425,38.27451764549929,6.910922766998659,24.76925886638105,57.35647878898454,Sp0949+0806
453802.361864398,None,2.8380490251507164,48.9047915761812,13.819866553549154,33.80771466917407,75.3802361864398,Sp0952-0955
463319.70989276585,None,13.22033788354313,53.93170366299961,22.32103036464525,40.79125717401827,76.33197098927658,Sp0956-3811
546117.6454504243,None,5.6839883458407385,53.22912490792627,16.308303407870717,37.96634435098635,84.61176454504243,Sp0956-1910
9010.086367632568,None,-12.90683580904131,26.484927644322873,-2.913330322957984,15.660223048732506,39.01008636763257,Sp0957+2627
452928.98059171875,None,1.0335797807703275,50.60041404890664,11.997218766130354,35.55742505826863,75.29289805917188,Sp1000-0949
-0.5,None,-23.71021566553608,-3.2060173884056917,-18.46823265138521,-8.105286800235143,1.6491640351633234,Sp1002+6349
9525.357799600179,None,-13.876441758662365,27.669812741308764,-3.803200620423893,16.947828471193848,39.52535779960018,Sp1002+2556
365548.0983823571,None,-3.345782909168829,46.696646886167606,7.72426457046423,32.4226399585096,66.55480983823571,Sp1003-0105
509403.86306216865,None,9.869083763057837,56.30913537424582,19.38185586818493,42.330552606334955,80.94038630621687,Sp1004-3335
487769.85569796426,None,1.5126497562771637,53.06795344875223,12.35622600916358,37.87780382941347,78.77698556979642,Sp1004-1318
475078.7871655999,None,0.8411191446826141,52.68571680314715,11.72577007040327,37.55373833824185,77.50787871655999,Sp1005-1202
523534.5370548596,None,2.622546062194137,54.77494034377866,13.309973130712903,39.50044035689091,82.35345370548596,Sp1006-1653
-0.5,None,-20.760095178760352,15.097918674285584,-12.273530270933797,7.138936954391771,22.724583885304092,Sp1011+4245
151561.99109190126,None,-13.770925531860943,33.34445659248055,-3.2688915418694644,22.10688147906743,45.156199109190126,Sp1011+2019
536910.3462980229,None,7.311242944906617,58.079096847129485,17.022791181635043,43.669821420954165,83.69103462980229,Sp1012-3049
58137.44087595879,None,22.873887940836116,33.54264678489984,25.22237761761552,31.120030576657644,35.81374408759588,Sp1013-7842
126.36581492674637,None,-19.168508925191166,21.51489410980636,-9.835688705206792,12.542965381434092,30.126365814926746,Sp1013+3520
7612.324381831094,None,-17.458013959005402,28.03332204220958,-7.432941206619732,18.072586981075123,37.612324381831094,Sp1016+2751
281483.89244212006,None,-10.033365233849594,43.9368070141417,0.9783138622723542,31.025763752212814,58.148389244212005,Sp1017+0719
553404.2676960627,None,5.2631712943307924,59.61322081782589,15.06522564090948,44.97245817419111,85.34042676960627,Sp1018-2909
573815.667994738,None,4.298549741314029,59.67104328112457,14.263564823942307,44.796884873226254,87.3815667994738,Sp1019-2707
-0.5,None,-25.93310436670406,-11.236777097521804,-22.64019107442691,-14.070441098352601,-8.852620363143329,Sp1019+7419
-0.5,None,-24.268490301835964,9.100181706243259,-16.814567896843144,2.6826259664494487,14.560329765220757,Sp1021+5055
562075.0900730323,None,1.0746743282432227,59.25567943502837,11.470096354748291,43.99293917893685,86.20750900730323,Sp1021-2044
334614.455987592,None,-8.902113319401456,48.41978758435282,2.1674386537268346,34.90645096992389,63.4614455987592,Sp1022+0200
-0.5,None,-22.408352547084238,17.491229955718634,-13.657339480916663,9.68902118188921,24.23664833972751,Sp1022+4114
-0.5,None,-25.511116575550275,2.6845292502791644,-19.241384738411494,-2.582854529222167,7.0482742964866265,Sp1022+5825
210719.08846186686,None,17.47768350196415,45.89038714483832,22.706728926037034,39.93415300561334,51.07190884618669,Sp1028-6327
19027.698663881652,None,-16.257193790203317,38.98362217631046,-5.477309752486107,27.808529261578954,49.02769866388165,Sp1029+1626
423750.1854386862,None,8.450080198095232,59.30756532777068,16.805802920254898,47.415633720712286,72.37501854386862,Sp1032-4208
30460.364490979522,None,-12.462986689083115,48.16565818562701,-1.4014330395911314,35.37029247275907,60.46036449097952,Sp1032+0501
-49.867728179355524,None,-24.168507899372074,19.16126590172521,-15.255470956397035,11.62632997095826,25.013227182064448,Sp1032+4027
22414.310235768306,None,-15.87030982308616,42.24032430122021,-4.955152143057927,30.70081430625912,52.414310235768305,Sp1033+1303
103500.70994825423,None,-20.564670363312814,32.654305409350876,-10.223255676791029,23.017835070109548,40.35007099482542,Sp1035+2507
36243.064625175364,None,10.577037644733858,56.72129335860335,18.116527848909012,46.6387373373586,66.24306462517536,Sp1035-4816
39900.47127565077,None,8.782310035898858,58.888226259295394,16.790278441175023,47.77058877607301,69.90047127565077,Sp1036-4437
498293.4694514792,None,4.303710060543882,62.69551207299433,13.440923886307148,49.01915883302199,79.82934694514792,Sp1036-3441
5294.216698050953,None,-22.51762137576773,28.57135987171542,-12.543800290862128,19.757909518217513,35.29421669805095,Sp1037+3011
36824.38143980046,None,-11.428673623191138,53.91562032773159,-0.3906649200581037,40.39037517810914,66.82438143980046,Sp1039-0121
20261.877120601745,None,-18.13799424914352,41.4645619197678,-7.271131935686516,30.51387191708933,50.261877120601746,Sp1039+1512
58316.841797811736,None,-1.3063320858786862,65.40682109154459,8.528577800024664,50.38362769543897,88.31684179781173,Sp1045-2607
37307.21399543791,None,-12.541161653389254,55.316817994656866,-1.5207171044579193,41.887162601168875,67.3072139954379,Sp1045-0149
-0.5,None,-27.396817308225604,16.55283229179722,-18.930294990824763,10.101590658051137,20.79504607002576,Sp1046+4441
27547.18443764106,None,12.78784434556245,52.236163699061386,18.95980869891022,44.99902742983728,57.54718443764106,Sp1046-5658
51512.63066417269,None,-6.430498846858043,63.54100070619082,4.0721075606224675,48.41673801705386,81.51263066417269,Sp1046-1602
53745.32015785088,None,-5.4980153393896645,64.46647146285345,4.871801020911879,49.23119532914601,83.74532015785088,Sp1047-1815
-0.5,None,-27.560971331315212,-12.06954624439167,-24.645919634912033,-14.217052162743338,-10.733538948498708,Sp1047+7613
44586.25180347886,None,4.7549469531458275,62.991305878560986,13.216614656915047,50.755197990586204,74.58625180347886,Sp1048-3956
46814.98100566831,None,-8.892571031864712,61.66150510182126,1.8326998445078493,46.97776833826598,76.81498100566832,Sp1048-1120
54902.30936419397,None,-5.112701722470355,64.99826269371728,5.179104027426816,49.731761791684136,84.90230936419397,Sp1048-1925
31617.39236163342,None,10.772276438387285,55.33838112001898,17.543564931750947,46.97591298889926,61.61739236163342,Sp1048-5254
34279.733609664916,None,-14.595049090071933,53.75667163172174,-3.5402779343976767,40.916370312353514,64.27973360966492,Sp1048+0111
-0.5,None,-28.657517954800557,12.821805748091641,-20.792704954461136,7.108227277717908,16.353814824637823,Sp1050+4907
39233.12101939933,None,6.915352192290441,60.56697254902512,14.705921182742806,49.966150629121486,69.23312101939933,Sp1050-4517
-0.5,None,-29.20535481158551,6.376078499906568,-22.462709904736936,1.6056326179529916,9.264460522754453,Sp1051+5613
49757.36064521328,None,1.1633201180331725,66.13841515024527,10.121679840175736,52.61620272787698,79.75736064521328,Sp1054-3445
27332.0433212107,None,-19.065229789014154,49.49225643471674,-8.007859823812318,38.09629756887372,57.3320433212107,Sp1055+0808
51284.6772568478,None,-9.04346993042495,66.04834377342908,1.3914779287718158,51.028499241540864,81.2846772568478,Sp1058-1548
56678.05080985414,None,-6.606953681357096,68.0745679114768,3.471210096778072,52.79517967380327,86.67805080985414,Sp1059-2113
-0.5,None,-30.27800218484021,12.66147689506526,-22.502345658741902,7.393999668414109,15.520619425908567,Sp1100+4957
-0.5,None,-30.105202952338445,-1.4211058607438634,-24.972606482470756,-4.786611434148288,0.3399134874217008,Sp1101+6508
15494.60185427779,None,-25.20121840680581,40.39400482421994,-14.434486347455659,31.302138019011032,45.49460185427779,Sp1104+1959
20317.96129241265,None,14.081586846921116,47.73612947881239,18.942948641605938,42.93179945191211,50.31796129241265,Sp1104-6412
31001.253913811135,None,-19.961695069966506,53.99812443481418,-8.89753980836934,42.45547734086692,61.001253913811134,Sp1106+0428
-0.5,None,-31.341475728514943,10.181362232566261,-24.026702310680545,5.497191487867713,12.492211504561643,Sp1106+5259
50519.39457034317,None,-12.265468477317985,68.61185068106742,-1.8866000949085284,53.833556117714984,80.51939457034317,Sp1112-1502
-0.5,None,-32.33135587971009,17.875342452484155,-23.82572139695827,12.576908234757905,20.218079780447574,Sp1114+4516
59703.30808531149,None,-8.027443217762466,72.13865317104988,1.6511668582212744,56.933083941961904,89.70330808531149,Sp1115-2429
16994.27836464267,None,14.711838816975574,45.33508687798974,18.932248924032788,41.58163644817924,46.99427836464267,Sp1115-6731
27141.61291322278,None,-24.590833607116664,52.47754710811717,-13.521398520712784,42.35232735436341,57.14161291322278,Sp1119+0820
48689.34607989479,None,-15.162712150948563,69.54710426115936,-4.74896053853178,55.24246596691106,78.68934607989479,Sp1121-1313
31755.363090590046,None,-23.220949717187963,56.78644486868116,-12.181871820532052,45.94286093693242,61.755363090590045,Sp1122+0343
45242.61801674648,None,-1.2521578206452848,68.91848162621056,6.893097396542981,57.352046057342264,75.24261801674648,Sp1122-3916
18964.212070381785,None,13.117908183357319,47.41138649296648,17.61323307355156,43.44790443183269,48.964212070381784,Sp1122-6533
-2647.831244927705,None,-33.56150785566964,25.235544784191084,-24.1165079252148,19.562717184979366,27.352168755072295,Sp1124+3808
4229.874344248192,None,0.07974328654282159,67.21640323407598,7.855833176877458,56.76703951414146,72.29874344248192,Sp1124-4213
5737.399966752886,None,-8.718541814944098,74.61006168092986,0.6110612432220134,59.6702437247391,87.37399966752886,Sp1126-2706
-0.5,None,-33.05435645990381,0.739110251629619,-27.684575272117605,-2.127147963356501,1.709890618603019,Sp1127+6346
5272.461757406906,None,-14.345826293508273,72.97104558809394,-4.244728050739092,58.122733391464365,82.72461757406906,Sp1128-1715
2652.4413744096073,None,8.267073902124093,54.63688704840437,13.86779503312825,49.237150578277735,56.52441374409607,Sp1130-5759
1975.1624798173375,None,11.920839378644379,48.49449649717279,16.466679942950947,44.65218192072437,49.751624798173374,Sp1131-6446
2482.404185764046,None,-28.5718225678352,51.83122236480798,-17.505084654383193,42.96427681014651,54.82404185764046,Sp1133+1039
3788.885733554427,None,-23.220082488806955,63.624741071281996,-12.371957557991383,52.25780241781895,67.88885733554427,Sp1134-0224
3510.3277406165844,None,-24.608763202817244,61.27236071837351,-13.67241823708886,50.546221762755806,65.10327740616584,Sp1134+0022
4340.228617035393,None,-20.997482569680493,68.47010629745594,-10.403042954123029,55.92831766123069,73.40228617035393,Sp1136-0755
5001.289739961496,None,-17.87940250992096,73.5236845108842,-7.690559368010585,59.43528691800859,80.01289739961496,Sp1138-1432
3865.138710021981,None,-23.997901114855672,64.94884784931511,-13.204458375866782,53.74902799677647,68.65138710021981,Sp1139-0310
5801.0254914319885,None,-14.126194360050699,77.84366553006548,-4.580289394687695,62.574780570429425,88.01025491431989,Sp1141-2232
3125.675871994237,None,-28.32234180062789,58.77257450474484,-17.318027428418656,49.48142067678401,61.25675871994237,Sp1143+0413
960.9024858733761,None,-37.57160553519312,29.8745164607825,-27.65873932863039,24.939433146842696,30.960902485873376,Sp1146+3431
5864.0718767712815,None,-13.58942040544845,79.70459802960872,-4.417768563032753,64.58015709951746,88.64071876771281,Sp1148-2544
4430.168792042885,None,-4.921401133172895,71.7702789227882,2.7383627333700913,61.90740434435093,74.30168792042885,Sp1149-4012
5285.087306902712,None,-10.227549829718784,77.95572069432214,-1.643883258288123,64.52658256245523,82.85087306902712,Sp1150-3139
5567.5533945283005,None,-12.043324064729557,79.38238093390007,-3.187708679386607,64.96450525414987,85.67553394528301,Sp1150-2850
-0.5,None,-32.063442553425155,-8.96329131906952,-28.890255872733746,-10.330154421370867,-8.725035954465405,Sp1152+7412
1085.1368899894503,None,-37.299547519925895,39.840631561368994,-26.58713980649797,34.25407984256346,40.8513688998945,Sp1152+2438
2848.206876880259,None,-31.762678005152818,56.99822832989833,-20.72874518812333,49.02870284459132,58.48206876880259,Sp1153+0659
3388.1945882375144,None,-29.52908800023203,62.18216368894092,-18.630493856293743,53.22547055403679,63.88194588237514,Sp1154+0135
4705.518141963491,None,-7.531566897918955,74.6820220183768,0.3496503294052967,64.06137903130347,77.0551814196349,Sp1155-3727
5788.54275461625,None,-16.81900539435566,80.95590850407882,-7.44129202738183,65.73188507578853,87.8854275461625,Sp1155-2224
3577.2193658861993,None,-0.6110291550309069,64.74729984713872,5.893573788531763,58.41427172322714,65.772193658862,Sp1157-4844
5872.481766065999,None,-15.222101164546359,81.75136622908914,-6.1798358146517485,66.6360709578661,88.72481766066,Sp1158-2545
2157.228283021549,None,-35.46343411205868,50.599244684062484,-24.40179143833946,44.090610707348596,51.57228283021549,Sp1158+1354
3172.550737855991,None,1.808827608798859,60.98167118189685,7.764563380821593,55.82851204530406,61.72550737855991,Sp1159-5247
3452.1419067250845,None,-30.34822726288822,63.193677249862375,-19.494950128715242,54.55646888618591,64.52141906725085,Sp1159+0057
1467.1698983090764,None,-38.0994295000777,43.94431015638,-27.186406275778314,38.467412353563375,44.671698983090764,Sp1200+2048
268.1029416562893,None,-40.487209316592065,32.144596314042595,-30.357799456859905,27.89957057925567,32.68102941656289,Sp1201+3248
-0.5,None,-40.91596438917725,24.27194641920581,-31.69511464036627,20.70912558526151,24.709155119148217,Sp1201+4046
4771.441207822475,None,-23.901641411927212,75.51751613937151,-13.789433953920222,63.429014142346624,77.71441207822475,Sp1201-1213
5496.954604161199,None,-13.540221362921027,81.25037671627696,-4.92267961719906,67.35241446143131,84.96954604161199,Sp1201-2932
4196.927116188264,None,-27.20268449453884,70.43698175992854,-16.72643020185723,60.22794953393477,71.96927116188265,Sp1202-0629
-0.5,None,-41.11641520429429,23.01554832624636,-32.07121369184431,19.616631098764188,23.407376623346213,Sp1202+4204
3521.8006982255843,None,-30.965288352455406,64.16924928715666,-20.16142331564154,55.796050862004684,65.21800698225584,Sp1203+0015
326.90485836462176,None,-41.13388411354886,32.832994032632094,-30.93907314323316,28.73895344608493,33.26904858364622,Sp1204+3212
5652.084279514858,None,-15.185538703994304,82.76810304885956,-6.472026462336319,68.33421729808133,86.52084279514858,Sp1205-2758
4423.036075896573,None,-7.299740455514798,73.19932560339407,0.08925766674418967,64.65603953066635,74.23036075896573,Sp1206-4017
4489.318898087807,None,-7.800496031238517,73.84300796558347,-0.34316516006481124,65.06669131533678,74.89318898087807,Sp1206-3937
-0.5,None,-32.44369962998059,-9.963463384424008,-29.5757185400487,-10.991844780629812,-9.871569495697951,Sp1207+7521
-0.5,None,-31.99775963380571,-10.89007019000147,-29.31734071125121,-11.8575338220281,-10.803681951355433,Sp1207+7617
2978.1120311024656,None,-34.682942401337414,59.190532353124986,-23.714887865548096,52.39203068731487,59.78112031102466,Sp1209+0542
2446.9243026450017,None,-37.1101625907869,54.00518213118203,-26.049051235242775,48.1071677785391,54.469243026450016,Sp1210+1100
3138.1656723890487,None,-34.43557418489157,60.85999394540348,-23.52366134167709,53.99690602783071,61.38165672389049,Sp1211+0406
4856.170013975338,None,-25.435859669645467,77.4113544187308,-15.501863134943623,65.97995404278717,78.56170013975338,Sp1211-1304
4003.066858144315,None,-30.473044710816175,69.39908851813104,-19.97353573004914,60.857418730038596,70.03066858144315,Sp1213-0432
3463.272656948128,None,-33.850511667696914,64.25690442528361,-23.089782649183377,57.25681882382637,64.63272656948128,Sp1215+0050
-0.5,None,-40.558610918720596,8.24388026799109,-34.09799700377032,6.378605974057138,8.330682139390534,Sp1216+5709
3489.272112185884,None,-34.071332229686064,64.57217239987166,-23.33234911831835,57.70242149275362,64.89272112185884,Sp1217+0035
4132.496885091445,None,-31.012743858996537,70.97727117107021,-20.647173920149474,62.81742841928907,71.32496885091444,Sp1218-0550
222.5657053187568,None,-44.505926147550845,32.132312153658496,-34.370334041514504,29.07727630816668,32.22565705318757,Sp1220+3315
3252.5865060246283,None,-36.09212900500611,62.35868539371466,-25.270930914896624,56.36627153824728,62.52586506024628,Sp1221+0257
387.04666743838686,None,-5.593814370518718,68.56499276216287,0.880667632405272,63.38518788822202,68.70466674383869,Sp1221-4548
444.628462418475,None,-30.231334804267586,74.27260908182747,-20.135118852779446,65.86788095523974,74.4628462418475,Sp1223-0858
565.5259292292676,None,-18.233109441064542,85.8712145883702,-9.823048805993258,72.33470486415368,86.55259292292676,Sp1223-2757
481.2250362716919,None,-28.252014137414083,77.92841020554827,-18.45143147919113,68.38179840080927,78.1225036271692,Sp1224-1238
495.15233377507485,None,-27.57372680164992,79.3490973224808,-17.90125162199472,69.36711626334058,79.51523337750749,Sp1225-1402
597.3637115585456,None,-21.45761074833653,88.68195969540727,-12.758866493554597,73.41211278257435,89.73637115585456,Sp1228-2415
276.07613436108124,None,-40.18187269877666,57.59093990256313,-29.219392564385334,53.20250705740775,57.607613436108124,Sp1229+0752
155.86771879973455,None,9.994721809326595,45.586771879973455,13.285036924613,44.404128314703264,45.586771879973455,Sp1232-6856
341.8418548221567,None,-3.649324687894095,64.18418548221567,2.0789995562444057,61.006953361587705,64.18418548221567,Sp1233-5020
143.5192354196802,None,-46.40539583357539,44.35192354196802,-35.42107893395474,41.74656181653388,44.35192354196802,Sp1237+2107
114.37291331443127,None,12.602466402817896,41.43729133144313,15.223609684321316,40.729078991423336,41.43729133144313,Sp1239-7304
524.3624623397426,None,-18.285314525237897,82.43624623397426,-10.629735174619318,75.01197079898121,82.43624623397426,Sp1241-3152
523.5527340124695,None,-19.11569554071962,82.35527340124695,-11.531470425426573,75.98301281696625,82.35527340124695,Sp1246-3139
-50334.2512634908,None,-49.4876608683377,24.96657487365092,-40.23904732515456,23.797384232315114,24.96657487365092,Sp1246+4027
-35.54853796691386,None,-49.858181915082056,26.445146203308614,-40.393289895801935,25.28505152297777,26.445146203308614,Sp1247+3857
560.9010960777248,None,-23.467010946664075,86.09010960777248,-15.382700149811834,78.17378290992735,86.09010960777248,Sp1249-2617
-0.5,None,-46.527147902069146,12.48817547976587,-39.49324504345986,11.740252082196232,12.48817547976587,Sp1249+5255
369.79412418189213,None,-39.691031737562646,66.97941241818921,-29.379747828225874,64.1492543667877,66.97941241818921,Sp1250-0149
-0.5,None,-49.05550515759688,19.03586604977843,-40.79887502545941,18.24903015590204,19.03586604977843,Sp1251+4620
516.6212037004942,None,-19.828906649375543,81.66212037004942,-12.388590981556618,76.98837479705446,81.66212037004942,Sp1252-3149
-0.5,None,-50.673883853530945,24.768682987820622,-41.459165450366235,23.95685553473772,24.768682987820622,Sp1253+4034
363.23911491081174,None,-40.92561041743477,66.32391149108118,-30.637488546127415,64.2809005133449,66.32391149108118,Sp1254-0122
453.2165746799069,None,-15.466148183367274,75.32165746799069,-8.839411310696043,73.25866506500462,75.32165746799069,Sp1256-3822
402.38150560861425,None,-11.646494670672592,70.23815056086143,-5.647768917494452,69.05515280847351,70.23815056086143,Sp1259-4336
157.98995799867635,None,-51.28807248238356,45.79899579986763,-40.2291752009941,45.16431664378157,45.79899579986763,Sp1300+1912
485.9943825934431,None,-33.42249714574862,78.59943825934431,-24.471797953702932,76.84682722638192,78.59943825934431,Sp1301-1510
-0.5,None,-29.47200073652407,-18.16946709124068,-28.428431342569954,-18.20464727308799,-18.16946709124068,Sp1304+8336
140.61839273742896,None,-52.819523130546315,44.0618392737429,-41.78065685033406,43.87894952515269,44.0618392737429,Sp1305+2046
-3.3056132070251536,None,-53.551219076877224,26.694386792974846,-44.03684142108594,26.602901253513508,26.694386792974846,Sp1306+3820
269.7681115491395,None,-48.484318876836724,56.97681115491395,-37.740317043196974,57.05516391182747,56.97681115491395,Sp1308+0725
-0.5,None,-49.26347952162812,12.462211907379317,-42.377435049874784,12.49999232171105,12.462211907379317,Sp1308+5239
518.8342853642523,None,-28.56138269147859,81.88342853642523,-20.632479068392634,82.6361244026789,81.88342853642523,Sp1309-2330
29.150755722659063,None,-3.8391424595413564,59.15075572265906,0.6891235703731464,59.322292624588144,59.15075572265906,Sp1309-5438
-0.5,None,-53.30003204830394,21.473026298721177,-44.66380383498005,21.670892822431906,21.473026298721177,Sp1311+4328
-1.6441578314782461,None,-54.91218310959319,28.355842168521754,-45.1416692496195,28.590069353272423,28.355842168521754,Sp1311+3629
25.98499495697361,None,-1.4304982219425633,55.98499495697361,2.684699157226005,56.298435012302974,55.98499495697361,Sp1312-5750
2.1120798438338326,None,-56.0700505252859,32.11207984383383,-45.794393702149065,32.60832274084912,32.11207984383383,Sp1315+3232
503.87852175838873,None,-26.899069057759625,80.38785217583887,-19.47409931026392,83.74900114301275,80.38785217583887,Sp1315-2649
-0.5,None,-52.33937993370901,16.284586497349895,-44.73323295150613,16.725441516910124,16.284586497349895,Sp1317+4833
-0.5,None,-37.41851809670299,-8.159965697977562,-34.720032306251746,-7.967289075803451,-8.159965697977562,Sp1318+7322
13.248716457452652,None,-56.086670132047,43.24871645745265,-45.03419862899006,44.29378197348342,43.24871645745265,Sp1319+2053
42.32759998487626,None,-17.477949562320276,72.32759998487626,-11.500406032567938,74.5947171167544,72.32759998487626,Sp1320-3916
-0.5,None,-55.09239586813475,22.00258440277937,-46.373720512919704,22.670576036749377,22.00258440277937,Sp1320+4238
23.69501887940553,None,-52.35894722941062,53.69501887940553,-41.5581674354536,55.14763196572623,53.69501887940553,Sp1320+0957
29.17068551362921,None,-49.378835014142865,59.17068551362921,-38.97596150209643,60.8916509993076,59.17068551362921,Sp1320+0409
39.477919841780945,None,-42.260762047113204,69.47791984178095,-32.93877090843607,72.24032403382505,69.47791984178095,Sp1321-0724
3.9592104013364207,None,-57.98703062707579,33.95921040133642,-47.46268155984772,35.07597938527246,33.95921040133642,Sp1323+3014
27.709523087635397,None,-50.929302955262806,57.7095230876354,-40.489532864997834,59.934354056971245,57.7095230876354,Sp1325+0517
43.77945301169632,None,-20.66035115288999,73.77945301169632,-14.518097152200273,77.84766174685845,73.77945301169632,Sp1326-3614
30.640736330811734,None,-49.4026174279346,60.640736330811734,-39.291099443943494,63.436831546221654,60.640736330811734,Sp1327+0149
39.31525895182102,None,-16.307042917926463,69.31525895182102,-10.818209927746116,72.55370957999068,69.31525895182102,Sp1329-4147
36.20916655646931,None,-45.53645798402853,66.20916655646931,-36.13548815671136,70.17825769493463,66.20916655646931,Sp1330-0453
-1.4153572662828395,None,-58.796008022176274,28.58464273371716,-48.92633167526762,29.976346320170787,28.58464273371716,Sp1330+3526
13.436755818088841,None,-58.28206206692154,43.43675581808884,-47.21360842322815,45.42952413636191,43.43675581808884,Sp1330+1958
-0.21215499847724573,None,-59.2716449464865,29.787845001522754,-49.216792502965184,31.299803055934593,29.787845001522754,Sp1331+3407
18.262181809624273,None,3.576070865684252,48.26218180962427,6.5357290835475945,49.2820479337419,48.26218180962427,Sp1331-6513
17.34054993822251,None,-57.35137466983261,47.34054993822251,-46.34729029992019,49.713012699372364,47.34054993822251,Sp1332+1542
26.81678976268062,None,-52.59547771425229,56.81678976268062,-42.240381632439764,59.98225529881223,56.81678976268062,Sp1332+0525
33.4974808916049,None,-47.99472102302494,63.4974808916049,-38.39782432913367,67.66764216807827,63.4974808916049,Sp1333-0216
20.26438652113471,None,1.4676412228628488,50.26438652113471,4.6238402407384465,51.5529577810311,50.26438652113471,Sp1334-6257
-3.9486419740658754,None,-59.5197080860164,26.051358025934125,-50.04590213561592,27.746093524774373,26.051358025934125,Sp1336+3743
-0.5,None,-55.50842735693548,16.267332185581832,-48.02332298928695,17.613243283932807,16.267332185581832,Sp1336+4751
-0.5,None,-54.66283731672102,14.513894564936933,-47.56676803323447,15.830915141986551,14.513894564936933,Sp1337+4938
-0.5,None,-58.53754621785664,22.156105543374384,-49.80765660159739,23.799546311073726,22.156105543374384,Sp1338+4140
43.89205204305716,None,-36.637172414569655,73.89205204305716,-28.963777713269923,84.09063901867626,73.89205204305716,Sp1338-1838
43.419664781357824,None,-37.32766861122832,73.41966478135782,-29.595868156078687,83.37797153938567,73.41966478135782,Sp1339-1755
-0.5,None,-51.87717925840136,9.000565124292052,-46.034291990209574,10.299945595701246,9.000565124292052,Sp1341+5510
43.61985709012971,None,-28.027025228447748,73.61985709012971,-21.713654877441115,84.64984428177927,73.61985709012971,Sp1343-2950
41.333938715550644,None,-39.47226969159625,71.33393871555064,-31.770115991190256,81.8107728750756,71.33393871555064,Sp1346-1624
-0.5,None,-53.7561891825467,10.786753881686183,-47.57403043291978,12.358460492134668,10.786753881686183,Sp1346+5306
42.428684266350245,None,-26.6591214070894,72.42868426635025,-20.639935312240866,82.60541996419718,72.42868426635025,Sp1346-3149
32.122670284180046,None,-50.00686573360599,62.122670284180046,-40.82496264393836,68.49055922632844,62.122670284180046,Sp1348-0304
36.40324926894647,None,-17.531347607771735,66.40324926894647,-12.627398712151022,72.0062373062496,66.40324926894647,Sp1348-4227
26.282173553252342,None,-54.8544991289461,56.28217355325234,-44.901635693023614,61.5198847876775,56.28217355325234,Sp1348+0353
27.050067631274857,None,-6.974993632875367,57.05006763127486,-3.2412795792681095,60.10653147374018,57.05006763127486,Sp1348-5423
29.898638366811433,None,-10.547142137941485,59.89863836681143,-6.5202790779006365,63.833529170005235,59.89863836681143,Sp1351-5036
-0.5,None,-56.21360847715191,12.664680668034247,-49.68948567777397,14.67405649980806,12.664680668034247,Sp1354+5044
39.90897221112294,None,-39.36342093015073,69.90897221112294,-32.19337710208001,82.80734311148935,69.90897221112294,Sp1356-1812
38.1091528124532,None,-42.47683763006383,68.1091528124532,-34.93677425892619,79.43557328645082,68.1091528124532,Sp1357-1438
40.54037589374015,None,-36.720413223441454,70.54037589374015,-29.978810720236424,85.19700708699308,70.54037589374015,Sp1357-2134
24.387024526290297,None,-5.605591393647282,54.3870245262903,-2.312417897313899,57.75347964222016,54.3870245262903,Sp1359-5636
35.93287166093289,None,-20.18134472244426,65.93287166093289,-15.42716343979869,73.48027470988652,65.93287166093289,Sp1359-4034
-0.5,None,-62.177535519370785,20.30110951533771,-53.8858611275205,23.12766219747871,20.30110951533771,Sp1401+4211
32.256134043332565,None,-49.76256481999557,62.256134043332565,-41.40706654334273,71.29589443414082,62.256134043332565,Sp1402-0630
1.311982340717325,None,-66.50622712417415,31.311982340717325,-55.98439925437798,35.0910735000135,31.311982340717325,Sp1403+3007
-0.5,None,-30.229268965703632,-18.814781415805186,-29.496944240759642,-18.39344551564787,-18.814781415805186,Sp1405+8350
-0.19289978356249193,None,-66.86253042472686,29.807100216437508,-56.5385955476957,33.64566253771498,29.807100216437508,Sp1406+3131
12.600358754657094,None,6.327867419901258,42.600358754657094,8.285885710185859,44.42780050259471,42.600358754657094,Sp1406-6957
32.387282326690794,None,-17.110327383485405,62.387282326690794,-12.948658584397313,69.23053735992211,62.387282326690794,Sp1407-4436
26.324459750904673,None,-9.326167796804048,56.32445975090467,-5.938810402427557,60.9437099172644,56.32445975090467,Sp1408-5307
37.3077611472996,None,-26.93908992339137,67.3077611472996,-21.849882452035718,78.79652085038126,67.3077611472996,Sp1409-3357
28.381322040997063,None,-12.3003900101184,58.38132204099706,-8.695409974253778,63.87373460550159,58.38132204099706,Sp1410-5001
-0.5,None,-62.59320883022791,18.09363631517374,-54.88160235131854,21.247029360218207,18.09363631517374,Sp1410+4354
-8.014956637773704,None,-65.04014007254031,21.985043362226296,-56.3423998936276,25.48827120089381,21.985043362226296,Sp1411+3936
26.301589477350653,None,-55.92272022925489,56.30158947735065,-47.12719559332723,64.92406510088806,56.30158947735065,Sp1412-0035
6.043225210962611,None,-68.54090948800298,36.04322521096261,-57.50354326556723,40.99320056032735,36.04322521096261,Sp1412+2354
12.448144186398942,None,-66.54925823191066,42.44814418639894,-55.688468236166024,48.229996666362005,42.44814418639894,Sp1412+1633
29.045828679415038,None,-52.7658891570862,59.04582867941504,-44.623172622940075,68.92083832897201,59.04582867941504,Sp1413-0457
-0.5,None,-61.50041529396954,15.275462840904586,-54.54973155141032,18.44713762623394,15.275462840904586,Sp1415+4636
-0.5,None,-66.1429171695037,44.26428651546956,-55.569275836563016,50.72494632438645,44.26428651546956,Sp1416+1348
34.93649973043797,None,-26.185618837500325,64.93649973043797,-21.572581926068285,76.30274588480953,64.93649973043797,Sp1418-3538
-0.5,None,-44.03692591783023,63.627585617838605,-37.596055629442894,77.54425989304681,63.627585617838605,Sp1421-1618
35.622809418669746,None,-31.999893264356132,65.62280941866975,-26.93978322369318,79.73197190752225,65.62280941866975,Sp1421-2935
-0.5,None,-69.29083345664621,39.685152868103735,-58.3544683628365,45.9142848163556,39.685152868103735,Sp1421+1827
-0.5,None,-58.58029167311516,10.057697672832973,-53.038832081545294,13.156045686958253,10.057697672832973,Sp1423+5146
-0.5,None,-51.41031076553955,59.22524201930937,-44.04842103439907,70.78232612972623,59.22524201930937,Sp1423-0806
-0.5,None,-26.987797580663962,63.929618094917416,-22.543811707192507,75.8191214861706,63.929618094917416,Sp1424-3514
-0.5,None,-39.18240079769805,-10.519500323167449,-37.470696764522515,-9.147188127438163,-10.519500323167449,Sp1425+7422
-0.5,None,-25.576323761030785,63.211467889921806,-21.310538864755223,74.47904085960172,63.211467889921806,Sp1425-3650
-0.5,None,-68.61851758431473,42.5459594262276,-58.20692282642631,49.88326297170409,42.5459594262276,Sp1428+1356
-0.5,None,-52.70401921927557,2.845415712372738,-48.837329670782765,5.522631259391151,2.845415712372738,Sp1428+5923
-0.5,None,-53.266090238660226,57.35059241140234,-45.953459687111774,68.92814470909931,57.35059241140234,Sp1428-0644
-0.5,None,-71.00504084510843,26.18216200367391,-61.141071019937726,31.207276162753445,26.18216200367391,Sp1428+3310
-0.5,None,-52.54790280502148,2.431852482118513,-48.799363191148075,5.147587264972238,2.431852482118513,Sp1430+5943
-0.5,None,-31.21836398870749,63.404850065138056,-26.670656908624647,77.15429600926228,63.404850065138056,Sp1430-3114
-0.5,None,-41.281824940644505,62.61822058176081,-35.73787960476935,77.71345134503929,62.61822058176081,Sp1431-2029
-0.5,None,-73.31541200024795,33.10947436773016,-62.280695312010195,39.362800548151405,33.10947436773016,Sp1433+2432
-0.5,None,-38.68975493651512,62.44703233406038,-33.60417282711295,77.72237813670206,62.44703233406038,Sp1434-2335
-0.5,None,-38.75246453409816,62.392146181163696,-33.67135646449618,77.66824227955804,62.392146181163696,Sp1435-2333
-0.5,None,-73.72210397051455,28.966062080485266,-63.13290671892714,34.86924661814304,28.966062080485266,Sp1436+2900
-0.5,None,-6.659061931972603,50.4843204057337,-4.28829654154094,55.68366552962931,50.4843204057337,Sp1436-5721
-0.5,None,-48.99000006174979,-1.9052455627347615,-46.154542029455115,0.6406992857486928,-1.9052455627347615,Sp1438+6408
-0.5,None,-73.19459285120179,37.184942119215584,-62.36599822275464,44.58814774369666,37.184942119215584,Sp1439+1839
-0.5,None,-63.74265393842209,48.04742494351952,-55.6059439566717,58.35807560860729,48.04742494351952,Sp1443+0316
-0.5,None,-75.18146650854179,27.148128215180293,-64.82670886331154,33.38920223705295,27.148128215180293,Sp1444+3002
-0.5,None,-48.70407800253718,-2.8803446032344944,-46.15930916824732,-0.1938880837594806,-2.8803446032344944,Sp1445+6447
-0.5,None,-23.932544856425487,58.34005138135883,-20.64412335148954,69.45379842811062,58.34005138135883,Sp1446-3952
-0.5,None,-31.61050012402467,59.84064845260816,-27.779465862040567,73.68074959637556,59.84064845260816,Sp1447-3158
-0.5,None,-59.05174179677032,6.743635466730328,-54.74837914001291,10.591946818725422,6.743635466730328,Sp1447+5335
-0.5,None,-61.36850078275796,8.561493781262536,-56.71023762258521,12.759189450937,8.561493781262536,Sp1450+5112
-0.5,None,-71.23435099805576,18.592191173628148,-63.59961741511327,24.09347111088921,18.592191173628148,Sp1450+3920
-0.5,None,-26.421679582808054,58.094686656442356,-23.149655730314418,70.21702166957283,58.094686656442356,Sp1451-3732
-0.5,None,-73.77258733695902,38.3714291304073,-63.919679389306786,47.3347002285131,38.3714291304073,Sp1453+1420
-0.5,None,-72.91325735234953,19.786746436094987,-64.85667369264105,25.627828551217615,19.786746436094987,Sp1453+3733
-0.5,None,1.3113572104095104,42.962187650773444,2.76647570493866,46.87900525550595,42.962187650773444,Sp1454-6604
-0.5,None,-78.25658059528905,28.82454295033372,-67.34030077523175,36.128402050602794,28.82454295033372,Sp1455+2619
-0.5,None,-36.127066662440605,58.093661035786276,-32.34595983138435,72.9399086351607,58.093661035786276,Sp1456-2747
-0.5,None,-35.80146553270299,57.97159060359906,-32.07654078128577,72.75831609189912,57.97159060359906,Sp1456-2809
-0.5,None,-37.40718806187799,57.81277276504598,-33.57013715697341,72.83735973056744,57.81277276504598,Sp1456-2631
-0.5,None,-67.15251535042165,12.930575395927272,-61.48942651982916,18.057464513665032,12.930575395927272,Sp1457+4517
-0.5,None,-78.528337990106,26.501367019498637,-68.01581644643608,33.67338089984184,26.501367019498637,Sp1458+2839
-0.5,None,-68.21399468427362,43.24693224435877,-60.421630899158394,53.97898771348554,43.24693224435877,Sp1459+0604
-0.5,None,-78.13191816963649,33.387994383672904,-67.46668167895841,41.9701578095842,33.387994383672904,Sp1500+1927
-0.5,None,-69.9817067013668,15.081155814475416,-63.69622676914458,20.678931171126965,15.081155814475416,Sp1500+4219
-0.5,None,-79.43456975572762,30.718342103068323,-68.38902824239744,38.83653073083801,30.718342103068323,Sp1501+2250
-0.5,None,-24.425724691995352,55.437823251977676,-21.717043634151548,67.04919203470267,55.437823251977676,Sp1501-4003
-0.5,None,-40.31323943227878,55.86605795486749,-36.628604295512396,71.09772630253522,55.86605795486749,Sp1504-2355
-0.5,None,-43.82979197222548,-8.733670595625705,-42.40352568680733,-6.201731320989691,-8.733670595625705,Sp1506+7029
-0.5,None,-47.78005679086975,53.24263844972538,-43.66487584809195,68.23880227708334,53.24263844972538,Sp1507-1627
-0.5,None,-44.8633924376996,53.78090779173804,-41.10225217629264,69.01139732882251,53.78090779173804,Sp1509-1932
-0.5,None,-61.24265511533401,46.49446553634228,-55.728915011573356,59.386950729311565,46.49446553634228,Sp1510-0241
-0.5,None,-76.01510032648874,18.84899860011761,-68.39454273365047,25.61326488743991,18.84899860011761,Sp1510+3619
-0.5,None,-78.07173089659267,20.366159663585606,-69.73963257374294,27.525010721393752,20.366159663585606,Sp1512+3403
-0.5,None,-41.92869270670346,53.462060780619666,-38.65795808345109,68.72507961145436,53.462060780619666,Sp1513-2243
-0.5,None,-82.57375917171719,28.103358273724723,-71.5136702885069,36.78062400809061,28.103358273724723,Sp1514+2341
-0.5,None,-41.78609247618203,53.30331695925751,-38.57318496381034,68.56036256740654,53.30331695925751,Sp1514-2254
-0.5,None,-63.714935573315316,44.13775478965243,-58.2923425114543,56.8559198956418,44.13775478965243,Sp1515-0030
-0.5,None,-41.488462275211454,53.05922209816149,-38.372583217131016,68.3023715649405,53.05922209816149,Sp1516-2315
-0.5,None,-73.4085151459259,37.632723168564524,-66.03742996849799,48.61885925947424,37.632723168564524,Sp1516+0942
-0.5,None,-13.57750715218744,48.88100873451716,-11.965262936078958,57.38203981459261,48.88100873451716,Sp1517-5128
-0.5,None,-30.83240303754398,52.979178149566394,-28.50238538419304,66.64568393868242,52.979178149566394,Sp1519-3407
-0.5,None,-63.3403486624127,6.109780153154544,-60.13585769902145,11.445939436572896,6.109780153154544,Sp1521+5053
-0.5,None,-41.18470565376682,51.59558180300501,-38.473343836073795,66.80377327700313,51.59558180300501,Sp1523-2347
-0.5,None,-83.1560228271313,22.31698278876443,-73.52332929724022,30.6441457892747,22.31698278876443,Sp1524+2925
-0.5,None,-52.956772410015965,-2.646528920016839,-51.22459590970453,1.4355839988560626,-2.646528920016839,Sp1524+6132
-0.5,None,-84.01090416258339,23.140067590839834,-73.86570193477081,31.664814833403927,23.140067590839834,Sp1524+2812
-0.5,None,-13.997160648160733,47.90437584035601,-12.604220969048907,56.74240737330383,47.90437584035601,Sp1525-5110
-0.5,None,-83.85546045506648,28.371479241831402,-73.59157584125317,38.05411575549624,28.371479241831402,Sp1526+2043
-0.5,None,-36.02760345330971,50.87732300655534,-33.91293148191092,65.54667173597905,50.87732300655534,Sp1529-2907
-0.5,None,-11.52958803288123,46.17550758036996,-10.374825912618652,54.418967612383355,46.17550758036996,Sp1530-5342
-0.5,None,-81.23276499417241,30.3175477279483,-73.03197247655886,40.841012817356,30.3175477279483,Sp1531+1641
-0.5,None,-16.03259470440542,47.24468267581796,-14.855675574823508,56.91804503650417,47.24468267581796,Sp1534-4914
-0.5,None,-77.33598764452026,32.53215065428297,-71.11809575179713,43.8893809146405,32.53215065428297,Sp1534+1219
-0.5,None,-50.897778168601945,46.35876083668493,-48.329018583083005,61.404251730935194,46.35876083668493,Sp1534-1418
-0.5,None,-84.27810130738241,20.053459474794817,-75.99016622616978,28.839161913340693,20.053459474794817,Sp1536+2959
-0.5,None,-25.377399352558143,48.85133113626578,-24.027287928388027,61.267225072451026,48.85133113626578,Sp1537-3954
-0.5,None,-59.922010942126064,41.55934855059532,-57.07499093573906,55.72334358573786,41.55934855059532,Sp1539-0520
-0.5,None,-40.057700440905045,-13.513674128486073,-39.51888244190934,-10.977170203577723,-13.513674128486073,Sp1539+7437
-0.5,None,-70.8586162586857,9.46843268116472,-67.82638459421182,16.437903161240737,9.46843268116472,Sp1540+4347
-0.5,None,-39.06612204254473,48.0908094731041,-37.41156228972818,63.087503799540904,48.0908094731041,Sp1540-2613
-0.5,None,-81.65134025768339,16.6912468350503,-76.1669345615394,25.35943108996928,16.6912468350503,Sp1544+3301
-0.5,None,-62.45174035967828,2.6775505375117494,-60.824655001788585,8.615467082816734,2.6775505375117494,Sp1545+5214
-0.5,None,0.8185547498321598,38.808623755388574,1.2971843326793462,44.036925632593835,38.808623755388574,Sp1545-6608
-0.5,None,-42.39359226483272,46.34956941024388,-40.911006553306905,61.55749855143818,46.34956941024388,Sp1545-2255
-0.5,None,-9.738575574183876,43.27386096910499,-9.089020982781205,51.41377883444623,43.27386096910499,Sp1546-5534
-0.5,None,-52.026389206041,43.227929544746495,-50.26553637257866,58.29031529011291,43.227929544746495,Sp1547-1317
-0.5,None,-40.91806521673837,46.16294833817087,-39.60524133287857,61.28616972448145,46.16294833817087,Sp1547-2423
-0.5,None,-48.71072151123144,43.934319049388414,-47.213657381493206,59.168545122346146,43.934319049388414,Sp1548-1636
-0.5,None,-25.397180513769467,46.48704183833491,-24.54686910639585,59.05352851930977,46.48704183833491,Sp1549-3954
-0.5,None,-49.73212851681164,-7.145615967537027,-49.08868025721125,-2.9181275319664417,-7.145615967537027,Sp1551+6457
-0.5,None,-59.97552146774205,0.2202581063370636,-58.89124183811348,5.993608049063555,0.2202581063370636,Sp1551+5442
-0.5,None,-79.20567735543517,27.988670219832038,-75.45850911562181,39.77947815984887,27.988670219832038,Sp1553+1400
-0.5,None,-81.79262425607577,26.206634718826905,-77.45489201843218,37.62915898949533,26.206634718826905,Sp1554+1639
-0.5,None,-55.315470644977886,40.10486576223759,-54.044498983185555,54.987353080489946,40.10486576223759,Sp1555-0956
-0.5,None,-82.72997758940724,24.785513767459285,-78.88500649946866,36.15389852647713,24.785513767459285,Sp1557+1752
-0.5,None,-55.39296951283439,-3.633089479127005,-54.80988517531238,1.6305186348333331,-3.633089479127005,Sp1557+5914
-0.5,None,-42.307353711680314,43.20399944339541,-41.64914661624958,58.383797345146704,43.20399944339541,Sp1559-2254
-0.5,None,-42.772935773715005,43.097990571610055,-42.107691387089055,58.2988492387621,43.097990571610055,Sp1559-2226
-0.5,None,-19.525169828963897,43.796274545670336,-19.164629441121306,54.995585002833586,43.796274545670336,Sp1600-4543
-0.5,None,-33.127652115196184,44.338276380126054,-32.64487990534638,58.563869572073564,44.338276380126054,Sp1600-3205
-0.5,None,-37.11859312380112,43.508795937869934,-36.68647919034862,58.27392616462657,43.508795937869934,Sp1602-2803
-0.5,None,-30.263856116224574,44.049413796656864,-29.90644545114663,57.78589270611301,44.049413796656864,Sp1602-3455
-0.5,None,-51.88697747319469,-6.488395018616721,-51.57952514755703,-1.6470033088579972,-6.488395018616721,Sp1602+6242
-0.5,None,-73.88222860920605,28.660243697237767,-72.82689545316529,41.49584798232526,28.660243697237767,Sp1604+0908
-0.5,None,-83.1622540662476,22.204604348101345,-81.46601866970973,33.61893287222827,22.204604348101345,Sp1605+1931
-0.5,None,-60.17493819200284,35.11812107765301,-59.86138020846269,49.68039581091392,35.11812107765301,Sp1607-0442
-0.5,None,-49.78620186547195,39.23603415154632,-49.56527366596378,54.47647598349978,39.23603415154632,Sp1607-1512
-0.5,None,-60.13748982041125,35.012289210741905,-59.87299949349765,49.58308129868617,35.012289210741905,Sp1608-0443
-0.5,None,-83.09336007682585,21.476787724151507,-82.19380985063106,32.90748454855934,21.476787724151507,Sp1608+1957
-0.5,None,-84.89857790463356,18.231961305062054,-84.02804184995436,28.962152508258747,18.231961305062054,Sp1609+2457
-0.5,None,-61.64829630655523,32.74125157606872,-62.01824576976842,47.222573484111535,32.74125157606872,Sp1614-0251
-0.5,None,-69.84470474595109,28.181477841478376,-70.53198552341684,41.73381553573804,28.181477841478376,Sp1615+0546
-0.5,None,-77.0861474564375,10.034227319111599,-77.92391554574982,19.359136185724036,10.034227319111599,Sp1615+3558
-0.5,None,-64.86230866591171,29.87961057438362,-65.86289402205149,44.068273179526074,29.87961057438362,Sp1619+0050
-0.5,None,-59.89406435816158,32.048625556901676,-60.832358375681615,46.73605592164907,32.048625556901676,Sp1620-0416
-0.5,None,-27.593937424427473,40.41624274602986,-28.052314830229705,53.76751342397339,40.41624274602986,Sp1621-3711
-0.5,None,-60.15383531388431,31.68548820243626,-61.19504118663939,46.35577733351362,31.68548820243626,Sp1621-0356
-0.5,None,6.7355157357992415,33.28573548237104,6.549091419440298,37.66154223019209,33.28573548237104,Sp1621-7151
-0.5,None,-64.12075166907293,0.20933054918349833,-64.9688836486383,7.65665796164144,0.20933054918349833,Sp1622+4934
-0.5,None,-46.39731317889439,36.50181634104735,-47.2592499883065,51.776083063364915,36.50181634104735,Sp1623-1758
-0.5,None,-58.82301336316241,31.629042966921695,-60.07119980225834,46.424049495228395,31.629042966921695,Sp1623-0508
-0.5,None,-46.56004459181095,35.943065586573034,-47.56782270743096,51.21839608848861,35.943065586573034,Sp1625-1742
-0.5,None,-57.220707090495864,31.822736389466947,-58.5949059900512,46.745238097584526,31.822736389466947,Sp1626-0639
-0.5,None,-80.28613231900009,17.425777404611672,-85.94099191929037,29.215150703102676,17.425777404611672,Sp1626+2113
-0.5,None,-80.92663781409148,14.95434854651974,-87.93911595001553,26.197934381040955,14.95434854651974,Sp1626+2512
-0.5,None,-33.45139002329078,-19.62387699153343,-33.5782238741768,-17.725758589995717,-19.62387699153343,Sp1627+8105
-0.5,None,-42.773859671674124,35.93493646491077,-43.98578881259523,51.112634653255704,35.93493646491077,Sp1630-2120
-0.5,None,-77.5190202878398,9.767288114640337,-82.16209815108166,20.095686448728173,9.767288114640337,Sp1631+3227
-0.5,None,-75.56922147428256,7.879442165241368,-79.56995224259511,17.866074140648852,7.879442165241368,Sp1632+3505
-0.5,None,-56.80508788606204,30.199877142214813,-58.79908329980307,45.1697527034933,30.199877142214813,Sp1632-0631
-0.5,None,10.836374235200163,30.941022964685356,10.550267766742047,34.397326300346236,30.941022964685356,Sp1633-7553
-0.5,None,3.237804718351285,33.70406524372085,2.807586030505069,39.2352632105276,33.70406524372085,Sp1633-6808
-0.5,None,3.2381452056288094,33.70300889555543,2.807723932743557,39.23432056682028,33.70300889555543,Sp1633-6808
-0.5,None,-62.93976058757969,25.955579479137207,-65.94851007477176,40.437492462372916,25.955579479137207,Sp1637+0037
-0.5,None,-29.271243529336473,36.556162150410714,-30.581789716573276,50.343705078465646,36.556162150410714,Sp1639-3444
-0.5,None,-27.0063935378257,36.111927864317835,-28.39926662138727,49.53451420989512,36.111927864317835,Sp1642-3654
-0.5,None,-49.37123227093112,30.011011851708393,-51.92559709836969,45.28062956732547,30.011011851708393,Sp1645-1319
-0.5,None,-75.90665486697779,8.735638815311384,-84.16112238760378,19.810226964498007,8.735638815311384,Sp1645+3004
-0.5,None,-61.89002490739789,-3.200945150726754,-64.25411897367134,4.727839064918292,-3.200945150726754,Sp1646+5019
-0.5,None,-75.61140349685658,8.418800140956037,-83.87257203902244,19.492550760793264,8.418800140956037,Sp1646+3016
-0.5,None,-60.965464490878006,23.992964512640913,-64.92848049594565,38.66819189437061,23.992964512640913,Sp1648-0012
-0.5,None,-34.090696226885065,33.777408769153915,-36.02606762878176,48.28726227774194,33.777408769153915,Sp1648-2913
-0.5,None,-75.5706384542908,9.040202556044806,-85.19569798027733,20.453730221672554,9.040202556044806,Sp1649+2822
-0.5,None,-65.04712495887057,21.520466547253932,-69.8121331532871,35.784137847249625,21.520466547253932,Sp1649+0444
-0.5,None,-3.8717682603674906,33.7956776248809,-4.841616879413988,41.67138696516924,33.7956776248809,Sp1650-6026
-0.5,None,-50.53729143282063,-10.93404839179871,-52.02039096315599,-5.025236221235959,-10.93404839179871,Sp1653+6231
-0.5,None,-70.4581487787853,2.727002187981047,-76.24183342684384,12.900626063265195,2.727002187981047,Sp1654+3747
-0.5,None,-52.89315782055734,25.831049478410648,-56.574370769997934,41.01259452521152,25.831049478410648,Sp1655-0823
-0.5,None,-47.38205066605504,27.86666227914551,-50.616345592771,43.145841184607086,27.86666227914551,Sp1656-1422
-0.5,None,-51.58630251741491,25.984671390197175,-55.259224103782756,41.20828198267679,25.984671390197175,Sp1657-0940
-0.5,None,-68.24764857108705,16.666066462772942,-75.26458889309724,30.45382812920418,16.666066462772942,Sp1657+1054
-0.5,None,-43.078999171498644,-15.489617595272872,-44.10007085041905,-11.07516615494434,-15.489617595272872,Sp1658+7027
-0.5,None,-60.21722501820571,-5.248754339160956,-63.22946351180043,2.850060575219188,-5.248754339160956,Sp1658+5103
-0.5,None,-70.99614468569676,3.301448209871291,-78.1688212215855,13.986135582525058,3.301448209871291,Sp1659+3515
-0.5,None,-39.873917724313934,29.418431371559848,-42.814879267637785,44.4678491476509,29.418431371559848,Sp1700-2207
-0.5,None,-40.62277799747002,29.02081285453196,-43.65681972708019,44.11434265425686,29.02081285453196,Sp1701-2115
-0.5,None,-7.989368501334086,32.83284871163106,-9.41566529881877,42.08974015718903,32.83284871163106,Sp1702-5542
-0.5,None,-51.04289685506012,23.82037232278913,-55.37376219635626,39.05395206892625,23.82037232278913,Sp1705-0909
-0.5,None,-8.817007382996017,32.43417622061142,-10.371623963098772,41.978127185599064,32.43417622061142,Sp1705-5441
-0.5,None,-54.376009910565834,22.253032481959153,-59.152171297398475,37.36232993955595,22.253032481959153,Sp1705-0516
-0.5,None,-47.31036284133314,25.085087288214364,-51.31684538069492,40.36455786102801,25.085087288214364,Sp1706-1314
-0.5,None,-47.947500479572945,-13.354290180159582,-49.67504546036194,-7.623100519727993,-13.354290180159582,Sp1707+6439
-0.5,None,-53.57841938663956,22.178186008373697,-58.38418681715073,37.3221533754416,22.178186008373697,Sp1707-0558
-0.5,None,-65.26288624920508,-2.166327645562487,-70.48845618674595,7.490030253028426,-2.166327645562487,Sp1707+4301
-0.5,None,-19.70408902124587,31.757726437914073,-21.86376566515121,44.02222185078505,31.757726437914073,Sp1708-4302
-0.5,None,8.161440013751136,29.63166348583782,7.287919381369505,34.3564832892312,29.63166348583782,Sp1709-7226
-0.5,None,-66.22043012979495,-1.4902278956261998,-72.44971000682061,8.672247650686337,-1.4902278956261998,Sp1711+4028
-0.5,None,-53.54972025239777,20.59005370455372,-58.84540472025391,35.72637753711806,20.59005370455372,Sp1712-0507
-0.5,None,-22.331445468925384,30.404763493447202,-24.851879344894115,43.274460723935476,30.404763493447202,Sp1713-3952
-0.5,None,-65.89669645927641,12.571219223883562,-74.5615738726905,26.490101548006034,12.571219223883562,Sp1713+1211
-0.5,None,-62.389993407596236,14.967448225614513,-69.82648779943915,29.38612114329285,14.967448225614513,Sp1714+0648
-0.5,None,-69.67359540747164,3.247753243772974,-79.57686406322289,14.998856291924973,3.247753243772974,Sp1714+3019
-0.5,None,-44.5927107199697,23.930959889919546,-48.91320940917869,39.18597572329657,23.930959889919546,Sp1715-1515
-0.5,None,19.89895063542034,26.116181954092607,19.57497729647094,27.489243946408234,26.116181954092607,Sp1717-8449
-0.5,None,-50.299054012852416,-12.7486981963233,-52.74576884285443,-6.149686590704667,-12.7486981963233,Sp1717+6112
-0.5,None,-20.423775672095662,29.646353208081372,-23.04512808829869,42.20257465161764,29.646353208081372,Sp1718-4131
-0.5,None,-14.761512428800318,30.206926862590205,-17.058074026089592,41.51391602883935,30.206926862590205,Sp1719-4736
-0.5,None,-62.35378756660691,-5.065818627086182,-67.91287900153196,4.593020237182552,-5.065818627086182,Sp1720+4446
-0.5,None,-38.09181907598749,24.66712265836824,-42.17672230098534,39.65563275400127,24.66712265836824,Sp1721-2149
-0.5,None,-65.80398285012234,-1.8547725887899449,-73.66438265903795,9.044719379991204,-1.8547725887899449,Sp1723+3724
-0.5,None,-52.24305238384747,17.167658077254824,-58.52901922517219,32.32998925393596,17.167658077254824,Sp1726-0415
-0.5,None,-32.39697422078677,25.22941490008963,-36.26158988111978,39.740998370050896,25.22941490008963,Sp1726-2737
-0.5,None,-54.32666461132853,15.511505366046716,-61.172907464914786,30.56160349823245,15.511505366046716,Sp1727-0111
-0.5,None,-60.972756732742354,11.108229452863027,-69.63617627124054,25.535464475577964,11.108229452863027,Sp1728+0839
-0.5,None,-37.72166262247147,-19.672973888434758,-38.8935671200537,-15.993917410668478,-19.672973888434758,Sp1728+7518
-0.5,None,-49.262732469329876,-14.08720217255586,-52.022797093696454,-7.371840537625224,-14.08720217255586,Sp1729+6131
-0.5,None,-64.35035218093209,-3.3114261568092718,-72.28135620634689,7.6188039908749765,-3.3114261568092718,Sp1729+3805
-0.5,None,-64.22128942468866,6.934653345178835,-74.54697970530579,20.698924172984075,6.934653345178835,Sp1731+1619
-0.5,None,-66.33220199023638,1.570091665577002,-77.11323667979399,14.061307180704453,1.570091665577002,Sp1731+2721
-0.5,None,-65.95141805531489,0.07233323224201313,-76.22931984276939,12.219976758460383,0.07233323224201313,Sp1732+3004
-0.5,None,-65.97896014541685,1.8030488799844766,-76.89936005032885,14.463897506088047,1.8030488799844766,Sp1733+2615
-0.5,None,-65.4836190380855,-0.9291719008185003,-75.37656839105203,11.00959212708464,-0.9291719008185003,Sp1733+3144
-0.5,None,-40.891776517364875,20.33624572737425,-46.05677554545788,35.5086807787934,20.33624572737425,Sp1733-1654
-0.5,None,-31.985035490621915,23.467842120405173,-36.229359784781536,37.983066019297006,23.467842120405173,Sp1734-2711
-0.5,None,-44.96339257669678,18.316576070969194,-50.72681451120322,33.5907227228064,18.316576070969194,Sp1734-1151
-0.5,None,-31.400634948320157,23.462706489702068,-35.63184164013846,37.918766645054575,23.462706489702068,Sp1735-2745
-0.5,None,-14.922686813214817,27.236567276321487,-17.831268244591815,38.848212013313315,27.236567276321487,Sp1735-4611
-0.5,None,-58.57502746164042,-8.791300563433328,-64.37661786338518,0.8167998349406042,-8.791300563433328,Sp1737+4705
-0.5,None,-64.44638379886608,1.1635438491273835,-75.46830999549961,14.105157922179945,1.1635438491273835,Sp1739+2454
-0.5,None,-52.83995731615236,-12.793767364845069,-56.9338342226948,-4.706346746385161,-12.793767364845069,Sp1739+5532
-0.5,None,-58.75460585009446,7.6300719532781995,-68.20213127904015,22.127888615160693,7.6300719532781995,Sp1741+0940
-0.5,None,-28.64333452324977,-23.430702713494348,-29.01436649519734,-22.216898892539866,-23.430702713494348,Sp1743+8526
-0.5,None,-62.93038795922899,1.8953254255347407,-73.96958593756426,15.309174268768313,1.8953254255347407,Sp1743+2127
-0.5,None,-62.12993228110535,3.191487401974309,-72.96415049131306,16.9176441650959,3.191487401974309,Sp1743+1832
-0.5,None,-3.2255387482261177,27.141141819839582,-5.537477328444531,35.86545815474018,27.141141819839582,Sp1744-5834
-0.5,None,-39.48380764988859,17.597090376548152,-45.250866768202066,32.74180323655822,17.597090376548152,Sp1745-1640
-0.5,None,-61.567614675739065,-5.880897844340948,-70.20839491229906,5.45476072855504,-5.880897844340948,Sp1746+3731
-0.5,None,-55.37913482154753,-11.567120744767353,-60.71713772386912,-2.425390324694906,-11.567120744767353,Sp1746+5034
-0.5,None,-62.98770969022065,-2.146752743098957,-73.5595800063751,10.394755274067341,-2.146752743098957,Sp1746+2903
-0.5,None,-61.743556047934845,0.034998002359007324,-72.8129645589556,13.408199884328837,0.034998002359007324,Sp1749+2241
-0.5,None,-58.132275084218506,-9.586524565398845,-65.08860148532078,0.7198851834155116,-9.586524565398845,Sp1750+4424
-0.5,None,-60.80390158139925,-6.353942676819557,-69.93031303825522,5.291966419615721,-6.353942676819557,Sp1751+3610
-0.5,None,-14.830431322403228,24.142197221206544,-18.358019364476842,35.996512695371806,24.142197221206544,Sp1752-4446
-0.5,None,13.191041875834445,26.21007923512695,12.05418820104362,29.978385837503335,26.21007923512695,Sp1752-7642
-0.5,None,-27.634247358213596,20.3347119691445,-32.41876266437989,34.4749234250885,20.3347119691445,Sp1752-2949
-0.5,None,3.8587137869837806,26.357113074690695,1.886869029192933,33.138019776928076,26.357113074690695,Sp1753-6559
-0.5,None,-45.39326456763874,-17.779861033483044,-48.460282134530345,-11.264658954544872,-17.779861033483044,Sp1754+6408
-0.5,None,-49.29285419530641,9.381213613479268,-57.46823919155671,24.56324877195514,9.381213613479268,Sp1755-0126
-0.5,None,-29.515865480363633,18.851810185294656,-34.67332427968721,33.252176907690405,18.851810185294656,Sp1756-2707
-0.5,None,-27.460831809491495,19.56376160212105,-32.39863505821979,33.71259072317209,19.56376160212105,Sp1756-2933
-0.5,None,-34.692907697939646,16.584361827681143,-40.51523056397028,31.485987619989757,16.584361827681143,Sp1756-2042
-0.5,None,-40.6804903477523,13.505570668283394,-47.42111010974093,28.729789311566513,13.505570668283394,Sp1757-1253
-0.5,None,-56.39595610392166,3.2522999689083214,-66.59852462798143,17.757290398562773,3.2522999689083214,Sp1757+1142
-0.5,None,-28.435259672512913,18.661618049529576,-33.59367522526566,32.95364232782779,18.661618049529576,Sp1758-2804
-0.5,None,-27.54456626195423,18.865870152362362,-32.62878002967398,33.05070047895635,18.865870152362362,Sp1758-2904
-0.5,None,-51.01090767950949,6.677897234200662,-59.948327354909964,21.73726569094634,6.677897234200662,Sp1759+0235
-0.5,None,-37.921954643611265,14.120118948441466,-44.405189497561416,29.24254655369918,14.120118948441466,Sp1800-1559
-0.5,None,-37.018817413266,-21.49550071467172,-38.71463603768041,-17.41721819866199,-21.49550071467172,Sp1801+7442
-0.5,None,-38.96624542564916,12.987743963328107,-45.74178399174871,28.165196340993646,12.987743963328107,Sp1802-1412
-0.5,None,-25.85312907419224,18.470674000252437,-30.955013499714052,32.46945323958472,18.470674000252437,Sp1803-3031
-0.5,None,-37.48574348581013,13.253938711600513,-44.136186723576685,28.369595177740266,13.253938711600513,Sp1803-1550
-0.5,None,-36.98554889757779,13.189600653150531,-43.627064115723414,28.28350496978155,13.189600653150531,Sp1804-1616
-0.5,None,-24.392773624463523,18.52924247545851,-29.426910945543206,32.33871031890593,18.52924247545851,Sp1804-3200
-0.5,None,-58.56007974143302,-6.274394034835928,-69.1423841378863,6.553720993203847,-6.274394034835928,Sp1806+2923
-0.5,None,-43.76878460705535,8.788700955217744,-51.71377010167092,24.068032239719393,8.788700955217744,Sp1807-0625
-0.5,None,-52.756422064634876,-14.53905002598294,-58.8507354697944,-4.993465450946199,-14.53905002598294,Sp1807+5015
-0.5,None,-57.742133904232695,-9.013692154983294,-67.3031133038786,3.0238886791937456,-9.013692154983294,Sp1808+3523
-0.5,None,-57.43832365833029,-4.087486598201124,-68.49715928420576,9.525771400689397,-4.087486598201124,Sp1809+2259
-0.5,None,-26.87535683608278,16.42081799206846,-32.429386374389765,30.622859440999946,16.42081799206846,Sp1809-2816
-0.5,None,-50.20076050428499,2.674163595844984,-59.90963812670328,17.67076977001871,2.674163595844984,Sp1812+0531
-0.5,None,-28.30680778503503,14.597637075694673,-34.28353769650465,29.018774757369787,14.597637075694673,Sp1813-2542
-0.5,None,-12.307727023394612,20.516477719553944,-16.43587141559952,32.16251137985231,20.516477719553944,Sp1814-4522
-0.5,None,-32.316375264645906,12.57697932337779,-38.872477337060424,27.40453631624213,12.57697932337779,Sp1814-2025
-0.5,None,-35.90671568861494,10.715937913719989,-43.01052378774651,25.79930749526463,10.715937913719989,Sp1814-1536
-0.5,None,-30.45029141687237,13.127249872516563,-36.81242893902791,27.793295342230625,13.127249872516563,Sp1815-2237
-0.5,None,-51.4977299789943,-0.4562783517235601,-61.87669184308305,14.316284192004744,-0.4562783517235601,Sp1817+1017
-0.5,None,-54.30757158806257,-13.265657876043525,-62.81983407718612,-1.9118757198142096,-13.265657876043525,Sp1819+4101
-0.5,None,-1.4256527776899015,22.422395071866614,-4.582795703961026,31.31552563915497,22.422395071866614,Sp1819-5754
-0.5,None,-52.17736464117862,-3.059382412833402,-62.96674996784406,11.483474339977766,-3.059382412833402,Sp1821+1414
-0.5,None,1.2784663781151668,22.755728317816253,-1.6334013127462579,30.872004174308046,22.755728317816253,Sp1821-6101
-0.5,None,-54.146132083095594,-13.202147905344924,-63.064537680224284,-1.5384722321213788,-13.202147905344924,Sp1822+3921
-0.5,None,-53.84686938121675,-13.652802863225938,-62.51909663600592,-2.1714090457876125,-13.652802863225938,Sp1822+4032
-0.5,None,-19.56982766297579,15.698955695733506,-24.957258452501737,28.973142674108068,15.698955695733506,Sp1824-3503
-0.5,None,-19.348149959499178,15.771748917342784,-24.71186412361888,29.008151212001035,15.771748917342784,Sp1824-3519
-0.5,None,-36.99666862253902,-22.743409797145794,-39.20478503065825,-18.15191915436341,-22.743409797145794,Sp1824+7316
-0.5,None,-49.71493733281878,-17.600762613673496,-56.024865284210705,-8.009378442108913,-17.600762613673496,Sp1825+5122
-0.5,None,-35.6969383556326,6.779224864867366,-43.56541648752591,21.919438111955564,6.779224864867366,Sp1827-1251
-0.5,None,-34.131373057012894,7.088063158665231,-41.852556610397805,22.15196642092888,7.088063158665231,Sp1829-1439
-0.5,None,-53.31643561023559,-9.535313046190605,-64.21734048305763,4.01001911057527,-9.535313046190605,Sp1829+2600
-0.5,None,-44.78244275789201,0.09240023211868044,-54.498743686207305,15.284533548586946,0.09240023211868044,Sp1829+0215
-0.5,None,-47.6545356872925,-2.3174459550237874,-57.986694764341884,12.666203128677633,-2.3174459550237874,Sp1829+0757
-0.5,None,4.843197766607313,22.252273233078906,2.083178739932339,29.438279772396143,22.252273233078906,Sp1831-6435
-0.5,None,-51.796685300760586,-9.008426362734548,-62.84607614401207,4.959459640917207,-9.008426362734548,Sp1833+2225
-0.5,None,-19.13629962503831,13.299809986767848,-24.95816334777904,26.64866042621438,13.299809986767848,Sp1834-3353
-0.5,None,-52.32779741749306,-13.356270646102642,-62.486444785905,-0.5880789283566074,-13.356270646102642,Sp1835+3259
-0.5,None,-17.873246344697556,13.265690517063444,-23.643207058767672,26.427797000991966,13.265690517063444,Sp1836-3507
-0.5,None,-7.902864361502983,17.41055972956092,-12.410108101692623,28.420592181451585,17.41055972956092,Sp1837-4755
-0.5,None,-49.12306301989559,-7.348544688884424,-60.10337497783809,7.209505758906859,-7.348544688884424,Sp1837+1558
-0.5,None,-49.938578519005965,-17.78842962131204,-58.033756862043106,-6.725512523465845,-17.78842962131204,Sp1839+4424
-0.5,None,-51.45009229076854,-13.02363865657301,-62.00623650042243,0.19514154705364786,-13.02363865657301,Sp1839+2952
-0.5,None,-4.843339222777106,17.686352669273443,-9.133427382552059,27.990417428183683,17.686352669273443,Sp1842-5114
-0.5,None,-14.15277088658441,13.676818051305746,-19.671504012259604,26.206678343738197,13.676818051305746,Sp1842-3905
-0.5,None,-39.30228555642023,-23.373118533144968,-42.66925854835336,-17.29319188867166,-23.373118533144968,Sp1842+6751
-0.5,None,-50.028958543299645,-17.35296310154721,-58.92693850827465,-5.613571382096578,-17.35296310154721,Sp1843+4040
-0.5,None,-50.33987983958176,-12.728585894960812,-61.16354206583468,0.887411198739949,-12.728585894960812,Sp1843+2651
-0.5,None,-38.99445259732126,-0.9030568068819194,-48.440991863025026,14.376942126088132,-0.9030568068819194,Sp1843-0255
-0.5,None,-46.180536103322005,-6.861756653450407,-56.95770603648924,8.022739903717554,-6.861756653450407,Sp1843+1132
-0.5,None,5.242095107754336,20.7125102294058,2.1927231967037017,28.031302392330307,20.7125102294058,Sp1845-6357
-0.5,None,-49.91991356161093,-17.162436978236272,-59.16699463756412,-5.117439085698634,-17.162436978236272,Sp1845+3853
-0.5,None,-43.889360528876,-5.523255647078731,-54.362084275011085,9.571185229697427,-5.523255647078731,Sp1845+0711
-0.5,None,-17.002203623721794,10.907971507216669,-23.164352226704715,24.08318017295081,10.907971507216669,Sp1847-3419
-0.5,None,-24.111579176182893,6.387118331504674,-31.42863989544768,20.701129985758126,6.387118331504674,Sp1849-2359
-0.5,None,-42.7775438478749,-23.06417480956753,-47.8781313593585,-14.92916060433152,-23.06417480956753,Sp1851+5935
-0.5,None,-45.29680272271633,-21.9969845080937,-51.7918882845517,-12.406460985108941,-21.9969845080937,Sp1852+5257
-0.5,None,-11.162463466557957,12.349983098352132,-16.779707108638956,24.448630215606833,12.349983098352132,Sp1853-4107
-0.5,None,-28.370170244093323,-24.886487140548972,-29.142102539120238,-23.297536594870508,-24.886487140548972,Sp1854+8429
-0.5,None,0.8068754406030136,17.68006208985428,-3.1521096615275894,26.622070267439003,17.68006208985428,Sp1854-5704
-0.5,None,-33.217461848627465,-1.486273348956012,-42.36914594613361,13.697996110645063,-1.486273348956012,Sp1856-0822
-0.5,None,-40.17461042743055,-24.301109866727355,-44.49502951412892,-17.159255172611342,-24.301109866727355,Sp1856+6356
-0.5,None,-22.41459636550475,4.704944994711487,-29.9352844942742,18.913783291607047,4.704944994711487,Sp1858-2420
-0.5,None,13.997012564559421,21.912624847991722,11.953410182682987,26.354864294359697,21.912624847991722,Sp1859-7435
-0.5,None,-46.60698574889619,-19.49395346291156,-56.50299266296209,-6.717114973724681,-19.49395346291156,Sp1903+3521
-0.5,None,-46.56515812258437,-19.245937438749046,-56.59432537474114,-6.332011620465165,-19.245937438749046,Sp1903+3422
-0.5,None,-45.451338965356506,-16.248815047583964,-56.37408161096787,-2.188718181651132,-16.248815047583964,Sp1903+2437
-0.5,None,-43.46042014103984,-14.039217843368817,-54.527919795817915,0.6131624326110805,-14.039217843368817,Sp1905+1740
-0.5,None,-5.700495916033169,12.610883263297547,-10.991412700442924,23.6171960385398,12.610883263297547,Sp1905-4644
-0.5,None,-33.01809737117273,-5.05425327112851,-42.6834611451473,10.176985291245748,-5.05425327112851,Sp1906-0515
-0.5,None,2.879500384276964,16.673425432746523,-1.145385459515231,25.218373090943828,16.673425432746523,Sp1906-5828
-0.5,None,-45.665503603376095,-21.50150745955738,-54.82816632064902,-9.408871015757041,-21.50150745955738,Sp1906+4011
-0.5,None,-43.89612375452335,-16.667319892471905,-54.89180971657905,-2.37696419076155,-16.667319892471905,Sp1908+2238
-0.5,None,-23.739619064500307,0.5144903007895087,-32.02033526971775,15.038368626363646,0.5144903007895087,Sp1909-1937
-0.5,None,-41.63028653225185,-25.139974893934728,-47.64496505539503,-16.16952511281732,-25.139974893934728,Sp1910+5634
-0.5,None,-32.83244124779223,-7.849486238119705,-42.85397593538238,7.409206306934022,-7.849486238119705,Sp1913-0241
-0.5,None,-36.62230815174073,-26.348756843666536,-40.370695719985605,-20.183145665415914,-26.348756843666536,Sp1914+6808
-0.5,None,-15.951020551578333,4.074270080910349,-23.249284653582333,17.51549407885166,4.074270080910349,Sp1914-3008
-0.5,None,-34.09961699178461,-9.92885950120183,-44.44230318292836,5.351337323680577,-9.92885950120183,Sp1916+0051
-0.5,None,-35.96776717929484,-11.86760237972511,-46.61409962184343,3.3796450967672076,-11.86760237972511,Sp1916+0509
-0.5,None,-14.413497204246779,3.6060695970546615,-21.71205646384737,16.857508307976328,3.6060695970546615,Sp1919-3115
-0.5,None,-41.54968447537281,-19.902947225365143,-52.44765569293886,-5.670243642261172,-19.902947225365143,Sp1921+2425
-0.5,None,-15.361573105603101,2.2889393497296586,-22.92214867217823,15.75682119032046,2.2889393497296586,Sp1921-2915
-0.5,None,-36.25042382204372,-15.03980138957077,-47.15418677045836,0.130135559534939,-15.03980138957077,Sp1923+0917
-0.5,None,-12.480696790655822,3.6452182752415117,-19.67638273884235,16.604013134786882,3.6452182752415117,Sp1923-3308
-0.5,None,0.17190907762249902,11.778780607577497,-4.950348092999342,21.58233129338164,11.778780607577497,Sp1924-5154
-0.5,None,-39.729894157852186,-19.208211028979218,-50.76981955422577,-4.587407002458094,-19.208211028979218,Sp1924+2004
-0.5,None,-34.94360092042174,-14.495013643209415,-45.75343111420138,0.7356266821109929,-14.495013643209415,Sp1925+0700
-0.5,None,-40.45895837439925,-21.572102412490423,-51.27965790009243,-7.402464883781615,-21.572102412490423,Sp1927+2537
-0.5,None,-1.7120157475309943,9.90873456773882,-7.280605683318235,20.334298210686995,9.90873456773882,Sp1927-4833
-0.5,None,-39.82254120125478,-21.167215065000004,-50.742049026443595,-6.807788229798565,-21.167215065000004,Sp1928+2339
-0.5,None,-2.6339930419300304,9.090881159792433,-8.398739361460205,19.796278964656132,9.090881159792433,Sp1928-4700
-0.5,None,-36.59151501165691,-17.563528776916847,-47.62462216360264,-2.510032370539934,-17.563528776916847,Sp1928+1301
-0.5,None,-41.296112349300216,-24.226478521062727,-51.37561022317367,-11.014509991442932,-24.226478521062727,Sp1928+3403
-0.5,None,-4.601544641434808,7.640085869981258,-10.725166832699292,18.886877623794202,7.640085869981258,Sp1928-4356
-0.5,None,-28.243723394269892,-10.445700914598008,-38.30254761961402,4.726825353894049,-10.445700914598008,Sp1929-0458
-0.5,None,-35.556118425827385,-17.095989264537838,-46.54372995515204,-1.9603046375166893,-17.095989264537838,Sp1929+1101
-0.5,None,-22.30239213854726,-5.9673741245978436,-31.462618913143864,8.69702370488037,-5.9673741245978436,Sp1930-1521
-0.5,None,-34.54092652946087,-17.609498527780428,-45.52007174851117,-2.4412414202845483,-17.609498527780428,Sp1933+1022
-0.5,None,-25.78096635506079,-9.83645643064482,-35.63016900660238,5.207241767213744,-9.83645643064482,Sp1933-0810
-0.5,None,-38.19103447654384,-21.750037036702903,-49.17014962166198,-7.199612323921928,-21.750037036702903,Sp1933+2150
-0.5,None,-37.62205193840848,-21.06870077797758,-48.657059818396895,-6.3633466368808955,-21.06870077797758,Sp1933+1944
-0.5,None,-26.78328109080042,-12.025907228486979,-36.936805433300655,3.123390874025349,-12.025907228486979,Sp1936-0455
-0.5,None,-21.797850185994616,-7.993182624499837,-31.1996044934379,6.7125233827047115,-7.993182624499837,Sp1937-1359
-0.5,None,-39.52321569747101,-27.976278682418954,-48.304528859145364,-16.11888501617061,-27.976278682418954,Sp1938+4321
-0.5,None,-4.014367128697184,5.3985304066508455,-10.493438532561441,16.732621698659607,5.3985304066508455,Sp1939-4239
-0.5,None,5.7095340340967455,12.375112343375779,1.0318402696493574,20.767069153420348,12.375112343375779,Sp1939-5750
-0.5,None,-33.81269025656215,-20.030941992748968,-44.858507197116005,-4.913170072066372,-20.030941992748968,Sp1940+1237
-0.5,None,11.892078519084865,16.417536848912192,8.462490053225597,22.530580749207797,16.417536848912192,Sp1941-6733
-0.5,None,-35.35015530375093,-22.990157361401916,-46.38257417891291,-8.191851801553993,-22.990157361401916,Sp1942+1913
-0.5,None,8.30432394542867,13.570830419950498,4.030123702453014,21.124435292408304,13.570830419950498,Sp1943-6125
-0.5,None,0.8634408897058219,7.551879782885928,-4.985975516781139,17.6593398492573,7.551879782885928,Sp1945-4904
-0.5,None,-13.23051982381807,-3.978370756771829,-21.640975525732806,9.585183781478722,-3.978370756771829,Sp1945-2557
-0.5,None,-37.24914619771199,-30.042026396884637,-44.061775389921124,-20.389365049816927,-30.042026396884637,Sp1945+5428
-0.5,None,-21.04293329662204,-11.142883804797563,-30.7918067286801,3.631090457263474,-11.142883804797563,Sp1946-1145
-0.5,None,-33.239107506560636,-23.797560411043758,-44.295632959201754,-8.844421314112099,-23.797560411043758,Sp1949+1713
-0.5,None,-35.264092713867015,-26.218642209846482,-46.07796961628144,-11.796377356458672,-26.218642209846482,Sp1949+2445
-0.5,None,-35.06542641172768,-26.343236333602896,-45.88468925025631,-11.90361103757459,-26.343236333602896,Sp1950+2436
-0.5,None,-36.237340108774205,-29.243415260941998,-46.27089290791268,-15.849288081029632,-29.243415260941998,Sp1953+3414
-0.5,None,-36.50031561758784,-31.24292676090446,-44.31551080763344,-20.443731378607588,-31.24292676090446,Sp1954+4923
-0.5,None,-32.314065038566405,-25.245607600453017,-43.352767997814226,-10.310558810217922,-25.245607600453017,Sp1954+1801
-0.5,None,-29.72134660143794,-22.809817779185803,-40.76368536811959,-7.592385737524133,-22.809817779185803,Sp1955+1052
-0.5,None,15.11631824424956,17.039692680864814,12.092757210713627,22.08604271244678,17.039692680864814,Sp1955-7126
-0.5,None,-18.45699218380092,-12.260599169481305,-28.203347561939516,2.3444135068788308,-12.260599169481305,Sp1955-1316
-0.5,None,-15.785843241765688,-10.141920848931864,-25.14840597619352,4.090878038678584,-10.141920848931864,Sp1956-1754
-0.5,None,-30.764344226520016,-24.37296300692227,-41.83425171508969,-9.261902697480819,-24.37296300692227,Sp1956+1426
-0.5,None,-33.3182148248389,-27.826195381130262,-44.14227419935731,-13.296749219981024,-27.826195381130262,Sp1957+2408
-0.5,None,-34.34124959910547,-29.955677422808435,-44.68351781662472,-16.09861539728087,-29.955677422808435,Sp2000+3057
-0.5,None,-26.568807079230762,-22.761909015378034,-37.53858407142732,-7.482327101735762,-22.761909015378034,Sp2001+0647
-0.5,None,6.152428318768873,7.995801625634467,0.6818701852601204,16.830234691024643,7.995801625634467,Sp2002-5425
-0.5,None,-20.89954434313258,-17.649707183223658,-31.308852803364733,-2.639258248271611,-17.649707183223658,Sp2002-0521
-0.5,None,0.5583086375118612,2.653304946800226,-6.147387270800909,13.322457958456852,2.653304946800226,Sp2002-4433
-0.5,None,-15.972896621171731,-13.76136830540429,-25.766223482975143,0.681352647410275,-13.76136830540429,Sp2004-1416
-0.5,None,-18.389010058491298,-16.763316780776222,-28.60302287762678,-1.9625453823723826,-16.763316780776222,Sp2006-0852
-0.5,None,-24.524917715228906,-24.635782002925584,-35.515231768183035,-9.35579838415451,-24.524917715228906,Sp2010+0634
-0.5,None,-27.716614743686687,-28.800932460896124,-38.757692771521924,-13.708548333378257,-27.716614743686687,Sp2012+1627
-0.5,None,-26.410257770038555,-27.541150892355997,-37.48030825716556,-12.326436576295453,-26.410257770038555,Sp2012+1246
-0.5,None,8.9854474832948,7.697534359112433,3.6300542283413084,15.872922093579088,8.9854474832948,Sp2015-5645
-0.5,None,-27.134802065018626,-29.96011930045637,-38.15409809367096,-14.890606611289869,-27.134802065018626,Sp2016+1719
-0.5,None,-15.235213958207028,-18.048457341267362,-25.429525416338198,-3.459332740293942,-15.235213958207028,Sp2016-1045
-0.5,None,-19.97602072874068,-23.423082289292267,-30.77299414299339,-8.279356277237875,-19.97602072874068,Sp2018-0007
-0.5,None,-31.111762916123986,-34.909126384052506,-40.890103228892436,-21.592226403146338,-31.111762916123986,Sp2020+3603
-0.5,None,-27.534630803025024,-32.58920194096148,-38.37999766448277,-17.77817041346262,-27.534630803025024,Sp2021+2216
-0.5,None,2.828452898156379,-1.2190808863697784,-4.39036319506855,9.355678885409594,2.828452898156379,Sp2023-4305
-0.5,None,-14.355054935621538,-21.05257952359335,-24.774267323321844,-6.394063542510832,-14.355054935621538,Sp2025-0835
-0.5,None,-3.669613436460188,-9.535305557657951,-12.39016861885547,2.9768417330206645,-3.669613436460188,Sp2026-2943
-0.5,None,-20.10436705629952,-27.461697562809523,-31.093729942628407,-12.219612435865155,-20.10436705629952,Sp2026+0439
-0.5,None,-27.385417580407562,-34.68876496068003,-38.01849625259371,-20.13637974423293,-27.385417580407562,Sp2027+2555
-0.5,None,-21.481609255655403,-31.060665259917126,-32.551766565699026,-15.785645145403233,-21.481609255655403,Sp2031+1052
-0.5,None,-29.68384264563732,-37.616433820456564,-38.7111589304881,-25.204487522546117,-29.68384264563732,Sp2032+4155
-0.5,None,16.78268856970965,13.267212066658303,13.08897213352884,18.49321907902564,16.78268856970965,Sp2032-6918
-0.5,None,-27.492231549893948,-36.98518615210096,-37.6987915885604,-22.963118780514097,-27.492231549893948,Sp2033+3119
-0.5,None,-26.748828676738032,-36.50981688481161,-37.19184216465198,-22.160181512229958,-26.748828676738032,Sp2033+2823
-0.5,None,-19.82095497468338,-30.843009980265254,-30.883126766068663,-15.565744311240216,-19.82095497468338,Sp2034+0827
-0.5,None,-29.810695965615896,-37.93585077816846,-38.077465528376386,-26.54128687217163,-29.810695965615896,Sp2034+4708
-0.5,None,-1.248359332105376,-10.255900514893122,-9.956629667519978,1.8994198152886437,-1.248359332105376,Sp2035-3110
-0.5,None,5.115774687054689,-2.544160196947662,-2.19990322747845,7.6801895318362625,5.115774687054689,Sp2035-4349
-0.5,None,-11.875464960782049,-23.269192799111273,-22.373546633146923,-8.73069401898557,-11.875464960782049,Sp2036-0847
-0.5,None,-10.460804724003552,-21.836692398444665,-20.793795210946584,-7.528831152336647,-10.460804724003552,Sp2037-1137
-0.5,None,9.660391379219256,2.432317430132824,3.3981566931213263,11.090665110802567,9.660391379219256,Sp2038-5223
-0.5,None,3.926034653235681,-5.188292711926108,-3.8478155505258242,5.5407564080664615,3.926034653235681,Sp2038-4020
-0.5,None,-10.851778088519868,-24.664183492541863,-21.414975838510376,-10.151636238331466,-10.851778088519868,Sp2042-0821
-0.5,None,-12.272329263351898,-26.501253962687237,-23.00112189534744,-11.755114096422153,-12.272329263351898,Sp2042-0500
-0.5,None,-25.738699425687905,-39.1865791899935,-35.81060552803888,-25.248705098048106,-25.738699425687905,Sp2042+3225
-0.5,None,-20.143167822574732,-35.63529135352649,-31.15502848045299,-20.409373359358117,-20.143167822574732,Sp2044+1517
-0.5,None,-19.177603273495862,-35.955152398747764,-30.20247665888882,-20.704451834020546,-19.177603273495862,Sp2047+1421
-0.5,None,-9.801160112028304,-25.876198990527623,-20.412267067167104,-11.403459694218249,-9.801160112028304,Sp2047-0808
-0.5,None,-4.042585640145606,-19.64784850735963,-13.93527941803457,-6.319927225578823,-4.042585640145606,Sp2049-1944
-0.5,None,-24.70887665947669,-40.66188250560807,-34.64311408199895,-26.850368729695006,-24.70887665947669,Sp2049+3336
-0.5,None,-5.086233598109572,-21.216384353653005,-15.165052472064096,-7.626143920719614,-5.086233598109572,Sp2049-1716
-0.5,None,9.663008139434496,-2.144641832353742,2.6333162634136498,7.032395215996532,9.663008139434496,Sp2052-4758
-0.5,None,-27.641142659859653,-34.061125437468185,-31.504253014871278,-28.872503308641672,-27.641142659859653,Sp2052+7104
-0.5,None,-14.400370107770355,-33.537811533247265,-25.450663075528347,-18.35657852141587,-14.400370107770355,Sp2052+0510
-0.5,None,16.6145520631402,8.745979468541995,11.970552344596918,14.760870866639985,16.6145520631402,Sp2052-6431
-0.5,None,-23.847694643109236,-41.44987600134264,-33.793287955349065,-27.582248953989918,-23.847694643109236,Sp2053+3319
-0.5,None,-13.282348947443625,-32.82590138590733,-24.30421671695282,-17.724876285561482,-13.282348947443625,Sp2053+0303
-0.5,None,-9.817708597796583,-30.837322542076983,-20.703466054634386,-16.086551313056813,-9.817708597796583,Sp2057-0252
-0.5,None,-4.999550370205429,-27.92061210145638,-15.597157029442625,-13.880520333920963,-4.999550370205429,Sp2104-1037
-0.5,None,-20.979577217458885,-43.56008108192537,-31.08389257503642,-29.34981894192974,-20.979577217458885,Sp2104+3100
-0.5,None,-12.553205112116267,-37.19259649611693,-23.623560337809586,-21.98735279018454,-12.553205112116267,Sp2104+0722
-0.5,None,-24.74315949934455,-43.007334943694964,-32.791615378050345,-31.88560762802926,-24.74315949934455,Sp2105+4816
-0.5,None,8.757335445943891,-8.860040778760023,0.6662902385120687,1.21224110739323,8.757335445943891,Sp2106-4044
-0.5,None,-1.699000551856184,-24.687299459509465,-11.958747216721013,-11.339659738731337,-1.699000551856184,Sp2106-1650
-0.5,None,-7.540871539970934,-32.75714437255883,-18.456231781385473,-18.118285971548712,-7.540871539970934,Sp2107-0307
-0.5,None,11.094266560457685,-5.604238054370663,3.5878884492450034,3.6192653065760685,11.094266560457685,Sp2107-4544
-0.5,None,15.332809381021839,1.1046731267632837,9.156191096616796,8.53116338394456,15.332809381021839,Sp2110-5540
-0.5,None,-25.392492777048723,-27.963018862144857,-26.520485705766852,-26.555973324847333,-25.392492777048723,Sp2112+8427
-0.5,None,-8.452606745709055,-38.0649460979166,-19.51410046737191,-23.06431828244686,-8.452606745709055,Sp2116+0341
-0.5,None,-19.29459538152768,-46.56017573284118,-29.015418411994194,-32.77050255768576,-19.29459538152768,Sp2117+3428
-0.5,None,12.555533777666984,-7.3695732639059175,4.847395463214135,1.7080419975155936,12.555533777666984,Sp2118-4505
-0.5,None,-10.168932766928961,-41.99075643738382,-21.205526216424452,-26.753211120352788,-10.168932766928961,Sp2120+1021
-0.5,None,11.566100801803502,-10.25901235641289,3.3957322436217345,-0.6603874818052579,11.566100801803502,Sp2120-4130
-0.5,None,8.745937456068088,-18.101225794706384,-0.5251697446836099,-7.161093382069293,8.745937456068088,Sp2126-3143
-0.5,None,23.692349828805938,18.693912231987387,21.96756979570219,20.627030530337088,23.692349828805938,Sp2126-8140
-0.5,None,-14.487742432844211,-47.812596669067936,-24.894558172639705,-32.952783244835075,-14.487742432844211,Sp2126+2531
-0.5,None,-22.85765541214268,-43.919488539035015,-29.632077797380234,-34.85321114866345,-22.85765541214268,Sp2127+5553
-0.5,None,12.978538336683814,-10.546195928110345,4.825780609692318,-1.2344196977011868,12.978538336683814,Sp2127-4215
-0.5,None,-11.145302494660097,-45.91784990741033,-21.99597463518036,-30.651786051647797,-11.145302494660097,Sp2127+1652
-0.5,None,0.08105221521648893,-34.28112270806019,-10.742576861522496,-20.481952334879097,0.08105221521648893,Sp2130-0845
-0.5,None,-12.398511195571107,-48.81797710043638,-22.910036985222806,-33.78232341775711,-12.398511195571107,Sp2133+2321
-0.5,None,-17.383857645954294,-49.654314739118796,-26.572524726466202,-36.556632708020636,-17.383857645954294,Sp2134+3838
-0.5,None,-12.348306485972842,-49.27682428819652,-22.80943324896292,-34.282086969849146,-12.348306485972842,Sp2134+2404
-0.5,None,10.508715363901334,-19.244684081314553,1.1684486504471712,-8.56374174464595,10.508715363901334,Sp2135-3153
-0.5,None,-8.233456535716039,-47.42904402514215,-19.122758284960813,-32.15007334358191,-8.233456535716039,Sp2137+1450
-0.5,None,21.83320922846094,7.587944738347855,17.35119257277666,12.314923143773779,21.83320922846094,Sp2137-6723
-0.5,None,-20.688202105348687,-46.530727725574195,-27.909156550457112,-36.79702570919165,-20.688202105348687,Sp2138+5257
-0.5,None,-16.816659573222204,-50.4208629215808,-25.872335368632513,-37.51067565572217,-16.816659573222204,Sp2139+3934
-0.5,None,-1.1414404654785537,-40.822149326239526,-12.186126720067662,-26.384168209376302,-1.1414404654785537,Sp2140-0050
-0.5,None,18.321013336802896,-5.2574230308394005,11.213037699862763,2.2057553121253988,18.321013336802896,Sp2141-5118
-0.5,None,24.44242915095445,19.754792543188014,23.089326268636018,21.167209790515823,24.44242915095445,Sp2143-8337
-0.5,None,7.312137246266143,-30.17834806866371,-3.1110519934559417,-17.91673481604788,7.312137246266143,Sp2144-1847
-0.5,None,-1.529865170159657,-45.663490182077844,-12.59270237642931,-30.860471669819262,-1.529865170159657,Sp2148+0447
-0.5,None,-2.242804707950233,-46.65220857322384,-13.287872604065418,-31.720502915245127,-2.242804707950233,Sp2148+0639
-0.5,None,21.07876479917323,-0.5303318340380918,14.942599642198719,5.625395654072295,21.07876479917323,Sp2149-5805
-0.5,None,22.8156820597352,5.866415090512073,18.050804191691554,10.59559416161739,22.8156820597352,Sp2150-6610
-0.5,None,-8.63279737000212,-52.885032033570134,-19.042711960431262,-37.80013464079964,-8.63279737000212,Sp2151+2328
-0.5,None,-10.577625928530244,-54.09968089669149,-20.504694226509468,-39.588319417018276,-10.577625928530244,Sp2153+2950
-0.5,None,18.810218853214717,-11.64703424776244,10.734964230643296,-3.581359007098742,18.810218853214717,Sp2156-4505
-0.5,None,-23.184610202776753,-35.249886158628236,-26.17861130986987,-31.912956941782962,-23.184610202776753,Sp2157+7537
-0.5,None,21.688709102025538,-3.2627772369450407,15.094714427887977,3.0958263597546467,21.688709102025538,Sp2157-5534
-0.5,None,13.425752682542251,-25.836384199935924,3.5025541889514185,-15.179083693684825,13.425752682542251,Sp2157-2726
-0.5,None,-19.439854518735867,-46.25973954454448,-25.649411863619033,-38.36228648863888,-19.439854518735867,Sp2158+5836
-0.5,None,-18.325316149011044,-48.1286689492091,-25.02486039208891,-39.42359578235959,-18.325316149011044,Sp2200+5536
-0.5,None,19.8749227403344,-15.033749587272752,11.364820827891762,-6.867528415972891,19.8749227403344,Sp2206-4217
-0.5,None,18.877962956660753,-19.55396770997216,9.76197992687005,-10.70062428652398,18.877962956660753,Sp2209-3707
-0.5,None,21.213988394775175,-15.338578947277577,12.708983755593202,-7.4649246421234805,21.213988394775175,Sp2213-4245
-0.5,None,23.793936120876992,-5.121329292601197,16.986181877554845,0.9273269568065751,23.793936120876992,Sp2213-5451
-0.5,None,11.82555095674679,-39.13219509195104,0.9835191470561376,-26.99031623113455,11.82555095674679,Sp2214-1319
-0.5,None,13.403189763132922,-38.885097335831155,2.591966601388355,-27.092835169475126,13.403189763132922,Sp2219-1440
-0.5,None,2.843012253079754,-56.310324203506816,-7.980495082863142,-41.28466645855251,2.843012253079754,Sp2221+1158
-0.5,None,-16.538178209794463,-48.54871573476232,-22.565425800739813,-41.2329482934876,-16.538178209794463,Sp2222+5857
-0.5,None,25.394362447712517,-3.6470157253151574,18.938080197851487,1.783268307160096,25.394362447712517,Sp2222-5719
-0.5,None,26.37586285102328,11.64087671495693,23.2243284977581,14.25344674522371,26.37586285102328,Sp2226-7503
-0.5,None,-16.985976918136206,-47.075038389224574,-22.530887401660017,-40.609997262579604,-16.985976918136206,Sp2226+6139
-0.5,None,15.016482341804164,-41.286973420521534,4.126109002904502,-29.637466757545297,15.016482341804164,Sp2228-1325
-0.5,None,25.003100901583835,-12.749822692043615,17.00656012577147,-6.099334837717025,25.003100901583835,Sp2229-4728
-0.5,None,12.674399889576925,-46.4322794189854,1.6327290872431135,-33.83264568487462,12.674399889576925,Sp2229-0650
-0.5,None,22.21426786510853,-24.590289075756356,12.621934068994925,-16.058260930669174,22.21426786510853,Sp2230-3358
-0.5,None,6.367376364132524,-57.169326912865436,-4.512280684519902,-42.49273782752884,6.367376364132524,Sp2232+0909
-0.5,None,-4.565747904916569,-62.217613417705174,-13.80194933324991,-48.3788928001946,-4.565747904916569,Sp2233+3359
-0.5,None,20.984096797218605,-30.616109880355843,10.806291496392012,-21.25353465167393,20.984096797218605,Sp2234-2720
-0.5,None,0.07753505013823218,-62.72527263228755,-10.01097569975876,-47.563475031596006,0.07753505013823218,Sp2234+2359
-0.5,None,2.845486385280424,-61.94725214043944,-7.581092302676027,-46.67684183264352,2.845486385280424,Sp2235+1840
-0.5,None,9.31175192628403,-55.12436175760273,-1.6844805272087204,-41.08943578189018,9.31175192628403,Sp2235+0418
-0.5,None,-6.327194161138642,-61.343315354182096,-14.957785414171251,-48.790090126964174,-6.327194161138642,Sp2237+3922
-0.5,None,-8.257427903057065,-59.44874158679499,-16.346276722628915,-48.14534533550203,-8.257427903057065,Sp2238+4353
-0.5,None,26.0498722507582,-17.6883612186804,17.383134381825656,-10.7746484693386,26.0498722507582,Sp2240-4253
-0.5,None,-6.1974793778585875,-61.53798658151752,-14.690191440458829,-49.28074986143707,-6.1974793778585875,Sp2240+4018
-0.5,None,28.048189286924185,-1.2005491232949879,22.22249853820659,3.157668098968274,28.048189286924185,Sp2241-6119
-0.5,None,28.027407449639952,-3.079863524487555,21.833147974655986,1.55747068277101,28.027407449639952,Sp2241-5915
-0.5,None,1.0170907126519337,-64.84004081938599,-8.871605145085766,-49.78339378585816,1.0170907126519337,Sp2242+2542
-0.5,None,28.208791134879263,-2.9002768856954564,22.060297448060915,1.6615894312115091,28.208791134879263,Sp2243-5932
-0.5,None,24.190470259702682,-28.83409193634431,14.220295598244107,-20.4099038822481,24.190470259702682,Sp2244-3045
-0.5,None,-13.284838986640677,-51.49559858855948,-19.32754754020874,-44.47625183512103,-13.284838986640677,Sp2245+5750
-0.5,None,4.602674467671274,-64.8376728572654,-5.667574704024892,-49.560267061814926,4.602674467671274,Sp2247+1955
-0.5,None,29.04679731800153,-5.875763312421464,22.385675422651893,-1.129577087407533,29.04679731800153,Sp2250-5640
-0.5,None,21.724458984068978,-41.18263637951928,10.896890094017452,-31.129124134399063,21.724458984068978,Sp2252-1730
-0.5,None,28.97189386241998,-13.987570400674974,20.935788771976835,-8.2240048679261,28.97189386241998,Sp2253-4801
-0.5,None,25.740359723143108,-31.697321657735838,15.544592029831518,-23.42291545693611,25.740359723143108,Sp2254-2840
-0.5,None,29.758163877027833,-5.658579367016859,23.1769545354697,-1.1355799968355098,29.758163877027833,Sp2255-5713
-0.5,None,-16.984378630752055,-43.241486732499915,-21.093954254700012,-39.28499631017182,-16.984378630752055,Sp2256+6854
-0.5,None,15.657344396889892,-56.376235052536686,4.63633538995509,-43.53531188461268,15.657344396889892,Sp2256+0031
-0.5,None,28.705266275513658,-21.170104938480822,19.65637239669251,-14.588952310405444,28.705266275513658,Sp2257-4030
-0.5,None,29.626689600241022,-15.574932168789463,21.373223450226945,-9.807440185795224,29.626689600241022,Sp2257-4638
-0.5,None,15.831936005608327,-57.26348440322893,4.828522231791892,-44.38037735343197,15.831936005608327,Sp2258+0113
-0.5,None,30.2699199818593,-8.523820895542276,23.193451914422308,-3.760292023450514,30.2699199818593,Sp2259-5420
-0.5,None,-21.299478027516756,-33.398302252350334,-23.26216545158097,-31.780222731366866,-21.299478027516756,Sp2259+8013
-0.5,None,7.352432093948152,-68.7498797463311,-2.7132718793036834,-53.47101792552483,7.352432093948152,Sp2303+2100
-0.5,None,20.230664800287727,-53.55322937778478,9.162537424823084,-42.11790313188629,20.230664800287727,Sp2306-0502
-0.5,None,31.373517354136123,-12.870294630579181,23.6054453009593,-7.870098557742349,31.373517354136123,Sp2306-5008
-0.5,None,28.240261604618546,-34.1320118697236,17.880169209633898,-26.316094812302232,28.240261604618546,Sp2308-2722
-0.5,None,25.950088015471902,-42.84415207115523,15.078202618231797,-33.77423942373884,25.950088015471902,Sp2310-1759
-0.5,None,-15.906662175558651,-43.328032502470826,-19.772184109798843,-39.964112899504535,-15.906662175558651,Sp2314+6939
-0.5,None,28.579777630195817,-40.118343598782204,17.842492678918966,-31.96257133123506,28.579777630195817,Sp2316-2141
-0.5,None,-13.041202860226303,-48.191631111443826,-17.774426078778735,-43.79957951075277,-13.041202860226303,Sp2317+6423
-0.5,None,-18.946044521865943,-36.95796323094089,-21.504371688161722,-35.0039461953647,-18.946044521865943,Sp2319+7645
-0.5,None,26.84467336519769,-48.07756747281323,15.821287462345156,-38.9053844322145,26.84467336519769,Sp2321-1326
-0.5,None,32.275391525941416,-31.38843245176178,22.176424472196803,-24.868784027124846,32.275391525941416,Sp2322-3133
-0.5,None,33.62297164427973,-5.930204014255213,27.21376390254504,-2.4372366514179924,33.62297164427973,Sp2324-5817
-0.5,None,-0.2827920918741306,-66.88376196127855,-7.968283310277567,-56.707611612186504,-0.2827920918741306,Sp2325+4251
-0.5,None,29.708706601199115,-44.76921862377713,18.77591996883989,-36.641138784392446,29.708706601199115,Sp2327-1741
-0.5,None,9.215568506370456,-75.18185304052302,-0.08789208804006145,-60.23664815155979,9.215568506370456,Sp2329+2704
-0.5,None,34.71493915288515,-10.103590849679145,27.570437933534873,-6.348483044771008,34.71493915288515,Sp2329-5408
-0.5,None,29.727828843081685,-46.42764420351294,18.74502975905653,-38.21023975562941,29.727828843081685,Sp2329-1607
-0.5,None,35.178326122124915,-16.44863096968517,26.972365451791575,-12.067077825053536,35.178326122124915,Sp2330-4736
-0.5,None,25.382741810938683,-57.52510551849422,14.351779482409992,-47.30188625079173,25.382741810938683,Sp2331-0406
-0.5,None,33.3377032163244,-35.511457978868386,22.90709372805406,-28.9966744589212,33.3377032163244,Sp2331-2749
-0.5,None,15.776842604518224,-72.97517123434325,5.61202885873017,-58.41722295601595,15.776842604518224,Sp2331+1552
-0.5,None,-17.286777813907452,-38.96584040888385,-20.104755454912162,-36.96883329027633,-17.286777813907452,Sp2333+7456
-0.5,None,14.423920586878186,-75.36630469331426,4.556039181403594,-60.2924832301221,14.423920586878186,Sp2334+1933
-0.5,None,15.274486995498954,-75.31393613584603,5.350598065782658,-60.38774872555603,15.274486995498954,Sp2336+1835
-0.5,None,13.52899100113798,-76.56516895245481,3.8694698241082826,-61.309328451656974,13.52899100113798,Sp2336+2153
-0.5,None,29.037137853408012,-53.21202998386501,17.965980344165136,-44.42295954156285,29.037137853408012,Sp2337-0933
-0.5,None,0.7313377663678812,-67.26511733316656,-6.649042241627118,-58.10863822279555,0.7313377663678812,Sp2337+4405
-0.5,None,-10.84589109140082,-49.566711420453295,-15.47002181282492,-45.77467624214244,-10.84589109140082,Sp2338+6352
-0.5,None,36.54083530814148,-16.951626521554893,28.297890754254052,-12.886110273658181,36.54083530814148,Sp2338-4726
-0.5,None,6.368666233666578,-74.11799022617102,-2.0077728111530266,-61.6567212482474,6.368666233666578,Sp2339+3507
-0.5,None,36.21521937263883,-35.01254726310002,25.83028942258882,-29.353214383513006,36.21521937263883,Sp2343-2906
-0.5,None,29.784151124891242,-55.68592481072414,18.727464731149208,-47.039037530236385,29.784151124891242,Sp2344-0733
-0.5,None,19.901293867559602,-73.76084710275467,9.683145526880983,-60.26539580683955,19.901293867559602,Sp2344+1312
-0.5,None,-12.579150041916064,-45.91001410044217,-16.479563604044337,-43.120175987466475,-12.579150041916064,Sp2345+6758
-0.5,None,21.25783764667535,-72.80314236815165,10.946877422256595,-59.895537337189175,21.25783764667535,Sp2346+1129
-0.5,None,12.584438256863043,-79.23866843282624,3.5137305101619902,-64.33061532980653,12.584438256863043,Sp2347+2702
-0.5,None,30.2564315169413,-56.861380691111314,19.215975225289057,-48.33871632565125,30.2564315169413,Sp2347-0638
-0.5,None,37.67531151221381,-32.85891309955535,27.473919637560744,-27.753300726383934,37.67531151221381,Sp2348-3134
-0.5,None,23.86373447613546,-70.58307253398759,13.382562792159671,-58.89453530655626,23.86373447613546,Sp2350+0806
-0.5,None,36.16775491553641,-44.20754301520499,25.249536665575754,-38.09572701298992,36.16775491553641,Sp2352-2009
-0.5,None,32.42712159338259,-55.506229838386076,21.371142839342113,-47.81299271001731,32.42712159338259,Sp2353-0833
-0.5,None,39.07917335703324,-31.428207059705766,29.014971481278344,-26.81759134809978,39.07917335703324,Sp2354-3316
-0.5,None,36.12562367814852,-1.9231228908243847,30.732834100858003,0.24487295833511954,36.12562367814852,Sp2354-6312
-0.5,None,12.777339709927647,-80.23200920627289,3.980035261548683,-65.87655015596353,12.777339709927647,Sp2354+2849
-0.5,None,36.29436153854351,-45.57490827975625,25.32883900907031,-39.46062326419698,36.29436153854351,Sp2354-1852
-0.5,None,39.98935426973199,-26.414965449908646,30.481395532810993,-22.418048750337565,39.98935426973199,Sp2356-3827
-0.5,None,6.0134504737956265,-72.51176922825496,-1.536273605094983,-63.1599653404366,6.0134504737956265,Sp2357+4011
-0.5,None,-5.068281162884169,-56.389269043558905,-10.417120020654266,-52.15417592023193,-5.068281162884169,Sp2357+5727
-0.5,None,39.6244896812967,-35.289496991040494,29.21711971484606,-30.61759826891661,39.6244896812967,Sp2359-2932
-0.5,None,16.70525524497003,-81.97251908036898,7.482640085583433,-66.69160558145097,16.70525524497003,Sp2359+2338
-0.5,None,37.77559747859688,-44.58630792048777,26.838073876151682,-38.985453358458486,37.77559747859688,Sp2359-2007
