priority,set or rise,alt set start,alt rise start,alt set end,alt rise end,max_alt,Sp_ID
-0.5,None,-22.00794476475172,-16.235626600418765,-50.68234720696744,0.6372732688187175,-16.235626600418765,Sp0000-1245
-0.5,None,-6.684123842153041,-1.5796669438947455,-30.72073879218596,15.023497431137194,-1.5796669438947455,Sp0001+1535
-0.5,None,-14.491052297754893,-9.467076867779854,-41.3746857828271,7.660482444895866,-9.467076867779854,Sp0002+0115
-0.5,None,17.988403844776094,20.22361306622289,5.441174171227951,29.987277577774616,20.22361306622289,Sp0004+5843
-0.5,None,-24.85929283422744,-20.957167073402545,-53.83272406151541,-4.556885736406898,-20.957167073402545,Sp0004-2058
-0.5,None,-31.889349134385252,-28.469712141344196,-57.3988262010789,-14.51889330912812,-28.469712141344196,Sp0004-4044
-0.5,None,-13.321433662383326,-9.545477099915262,-40.13109149879098,7.563652930914438,-9.545477099915262,Sp0005+0217
-0.5,None,-25.044776535445564,-21.623225868674666,-53.990389831559035,-5.29008887525106,-21.623225868674666,Sp0005-2157
-0.5,None,-11.74158784402859,-8.58127012011975,-38.189572597571754,8.475623604336675,-8.58127012011975,Sp0006+0439
-0.5,None,-26.02206002313038,-23.189853610165752,-54.79618391676005,-7.109104981507378,-23.189853610165752,Sp0007-2458
-0.5,None,2.567696767816705,4.36975289160541,-18.713204260792892,19.606148769366012,4.36975289160541,Sp0008+2911
-0.5,None,16.55596654782093,17.896473854677133,2.564628974034806,28.5475105633684,17.896473854677133,Sp0008+5453
-0.5,None,-17.418215388813003,-15.92300287527458,-45.77630048688038,1.16366365159152,-15.92300287527458,Sp0010-0746
-0.5,None,-23.54358907941941,-21.867628513343902,-52.514680464400016,-5.380543586480448,-21.867628513343902,Sp0010-2031
-0.5,None,-28.471195804869414,-27.316615767282638,-55.941898675164516,-12.176837334336135,-27.316615767282638,Sp0011-3334
-0.5,None,15.554450181955234,15.962751241817292,0.46251871906646036,27.227471190789984,15.962751241817292,Sp0012+5159
-0.5,None,9.391859800481365,9.68654573130131,-9.217748503791757,23.25092158483386,9.68654573130131,Sp0013+4012
-0.5,None,-23.609199056891086,-23.597916368551328,-52.493314928140016,-7.233230084416189,-23.597916368551328,Sp0013-2235
-0.5,None,-27.587495287529276,-27.626152044956566,-55.19624828839768,-12.338352384392875,-27.587495287529276,Sp0014-3245
-0.5,None,-32.01009750772435,-32.30612563516796,-54.26716400509638,-19.768956537030792,-32.01009750772435,Sp0014-4844
-0.5,None,7.14035748146018,6.5326601852592034,-12.94511833233283,20.837676663279844,7.14035748146018,Sp0015+3516
-0.5,None,7.658859054653328,7.161415618378947,-12.134625191551198,21.314264716662773,7.658859054653328,Sp0015+3618
-0.5,None,11.066388752088466,10.663706682910238,-6.964947761250999,23.76127527849236,11.066388752088466,Sp0015+4239
-0.5,None,-29.638578185700236,-30.811879275717594,-54.997169466742854,-16.72101624738573,-29.638578185700236,Sp0017-4054
-0.5,None,-33.51571231290752,-34.55066647034877,-47.90570330635281,-25.874394555433483,-33.51571231290752,Sp0018-6356
-0.5,None,-11.279020575073627,-13.49092961125776,-38.798974956354925,3.6122103158049357,-11.279020575073627,Sp0019+0030
-0.5,None,16.647297396010092,15.114199735366407,1.297287286091154,26.215704882590472,16.647297396010092,Sp0019+5213
-0.5,None,-28.107871019279592,-30.23675398604481,-54.52515253063844,-15.539995667175763,-28.107871019279592,Sp0019-3724
-0.5,None,-21.93238111580627,-24.707737774531424,-50.81533136284865,-8.22620373662184,-21.93238111580627,Sp0020-2155
-0.5,None,-29.4807292506197,-31.988876518306476,-54.1677052922915,-18.177215940083233,-29.4807292506197,Sp0021-4244
-0.5,None,-4.4271936364570434,-7.790526385630212,-30.120595272605186,8.839358283557393,-4.4271936364570434,Sp0022+1203
-0.5,None,18.4068446610737,15.55570458383582,3.527270145805879,26.085276574476115,18.4068446610737,Sp0025+5422
-0.5,None,-6.487176914843993,-11.778465598313572,-33.30810661317505,5.105734369428846,-6.487176914843993,Sp0026+0632
-0.5,None,-31.323010552313782,-35.03289933864401,-50.874238989942,-23.712824389859463,-31.323010552313782,Sp0026-5428
-0.5,None,-31.172186122373432,-35.051654816335954,-50.95013677618538,-23.614690717145873,-31.172186122373432,Sp0027-5401
-0.5,None,2.6613635533767273,-2.8273476162655298,-21.077072139135247,12.836540960670192,2.6613635533767273,Sp0028+2249
-0.5,None,-2.536829370806864,-8.692378084021904,-28.332454149958576,7.811870366698477,-2.536829370806864,Sp0029+1255
-0.5,None,3.0234707563798544,-3.2551097947679697,-20.822541601680122,12.385165135152782,3.0234707563798544,Sp0030+2244
-0.5,None,-5.231766388966282,-12.696381466982398,-32.169097055773086,4.1368176921700766,-5.231766388966282,Sp0031+0649
-0.5,None,-26.36603056389025,-32.80110282538781,-52.29018923170457,-18.160429665552446,-26.36603056389025,Sp0031-3840
-0.5,None,-7.586048127226788,-15.227436660717942,-35.1887696367633,1.7838125738770998,-7.586048127226788,Sp0032+0219
-0.5,None,6.967670074797382,0.3456071471129305,-15.405234151342997,15.171415518784913,6.967670074797382,Sp0032+2927
-0.5,None,-16.233282930105645,-24.498841753312977,-45.21728975328797,-7.541797884287209,-16.233282930105645,Sp0033-1521
-0.5,None,7.270254576555081,-0.6509343868134385,-15.418895240077685,14.197776417365672,7.270254576555081,Sp0035+2848
-0.5,None,1.8267680867417355,-6.941519391376899,-23.193174461421975,9.041867218005281,1.8267680867417355,Sp0036+1821
-0.5,None,-17.946576330406696,-27.510461248717757,-46.81196403712762,-10.795840336545792,-17.946576330406696,Sp0036-2031
-0.5,None,12.927769085744668,5.176712529657069,-7.173280158033968,18.469147041932846,12.927769085744668,Sp0037+3910
-0.5,None,0.4997339830128468,-10.776262556544419,-25.612765317365824,5.525356096369034,0.4997339830128468,Sp0041+1341
-0.5,None,-10.259998913973902,-22.50385754525747,-39.00064138850011,-5.363437007301192,-10.259998913973902,Sp0042-0712
-0.5,None,6.480152016743783,-4.677978794819835,-17.556382623355102,10.56461209089137,6.480152016743783,Sp0043+2426
-0.5,None,21.62258183665737,14.299197972980753,6.6148996047854025,24.110394917331746,21.62258183665737,Sp0044+5610
-0.5,None,-4.2831605037741145,-17.875000410761153,-32.146246597156114,-0.9658056729019958,-4.2831605037741145,Sp0046+0252
-0.5,None,-22.02637670250004,-34.67223443409097,-48.79469933099501,-19.259904438422655,-22.02637670250004,Sp0046-3442
-0.5,None,-8.480149355794731,-23.645313336197347,-37.24859503211321,-6.511289167236552,-8.480149355794731,Sp0049-0635
-0.5,None,-12.776813332450798,-28.266036682620896,-41.748113168573056,-11.238298884326387,-12.776813332450798,Sp0050-1538
-0.5,None,-16.000420406986123,-31.56825952738096,-44.58978733058265,-14.895608711885554,-16.000420406986123,Sp0051-2251
-0.5,None,-17.6152516000781,-33.49094360571808,-45.70390017343479,-17.14445130558565,-17.6152516000781,Sp0052-2705
-0.5,None,20.269922968958856,9.300359450513715,2.6818026985149324,20.333446636395248,20.269922968958856,Sp0053+4942
-0.5,None,20.429580708818527,9.469932577915241,2.9383362903087984,20.434913222872115,20.429580708818527,Sp0053+5001
-0.5,None,-21.52201721366867,-36.44671096706739,-47.74980511115074,-21.2257431534595,-21.52201721366867,Sp0053-3631
-0.5,None,-18.841672693519623,-35.200100792043365,-46.290980159330935,-19.219264738908272,-18.841672693519623,Sp0055-3052
-0.5,None,-27.457355835469322,-39.10253173423761,-46.862331242421234,-27.68115029632139,-27.457355835469322,Sp0055-5450
-0.5,None,20.572188582332114,7.945203253565209,2.4156536617320743,19.09928841508318,20.572188582332114,Sp0058+4835
-0.5,None,-6.632256284176578,-25.748128600999777,-35.48809745083934,-8.624832133047635,-6.632256284176578,Sp0058-0651
-0.5,None,24.07892957544027,13.325483486679826,8.979754247752496,22.577340587427773,24.07892957544027,Sp0059+5726
-0.5,None,22.730295896849395,10.261349049576731,5.9122367168003365,20.46786417085081,22.730295896849395,Sp0102+5254
-0.5,None,-20.229662583421728,-38.55694456798971,-46.02203196653892,-23.40988009500279,-20.229662583421728,Sp0102-3737
-0.5,None,-28.670944730636705,-39.39112834336408,-43.749202064654696,-30.41975085246249,-28.670944730636705,Sp0102-6322
-0.5,None,11.340499994075376,-6.923609429533055,-13.03131385766576,7.7079477924441715,11.340499994075376,Sp0103+2626
-0.5,None,19.83013687752242,5.1932923291185284,0.4127274685858356,16.912667380906132,19.83013687752242,Sp0103+4509
-0.5,None,-2.5329855053745205,-23.39848252487989,-31.052933274514537,-6.452216925310633,-2.5329855053745205,Sp0103-0044
-0.5,None,5.859051770379228,-14.404732865856769,-20.75767970475091,1.4701692785104656,5.859051770379228,Sp0104+1457
-0.5,None,-27.25028901263485,-40.380934293058814,-44.32301378153655,-30.24574250073743,-27.25028901263485,Sp0106-5933
-0.5,None,11.171989276884696,-8.750217435156223,-13.729347327106918,6.037139593411052,11.171989276884696,Sp0107+2435
-0.5,None,2.4365286081631603,-20.471448445290136,-25.48344921275017,-3.9674727463567083,2.4365286081631603,Sp0109+0625
-0.5,None,14.126376231916794,-5.736602402263756,-9.702297588410001,8.317254455974789,14.126376231916794,Sp0109+2949
-0.5,None,-2.6452396831236227,-26.432180375549546,-31.434978856194856,-9.4162762027429,-2.6452396831236227,Sp0109-0343
-0.5,None,-23.869175261331534,-41.20410632211168,-45.37013794589977,-28.454946583846077,-23.869175261331534,Sp0109-4954
-0.5,None,-24.269020823018202,-41.20161459988758,-45.31218740187731,-28.722751649270197,-24.269020823018202,Sp0109-5100
-0.5,None,-7.083053695568852,-32.62217101110593,-36.016608462426746,-15.49410369859589,-7.083053695568852,Sp0113-1408
-0.5,None,-27.495896132546843,-40.66246518633734,-41.76737359804663,-32.19942970090422,-27.495896132546843,Sp0116-6455
-0.5,None,9.913604613838347,-14.867306237805316,-16.578562562729612,0.496820416109173,9.913604613838347,Sp0117+1752
-0.5,None,-5.683231959588314,-32.71835080685111,-34.63894207749149,-15.578013373013052,-5.683231959588314,Sp0117-1247
-0.5,None,-2.346035597065826,-30.85711630996977,-31.321771776171538,-13.776948783576325,-2.346035597065826,Sp0120-0741
-0.5,None,-20.022969516935856,-43.01011990509147,-43.31523474768262,-29.02081866174588,-20.022969516935856,Sp0121-4447
-0.5,None,-18.67718965025578,-43.338908280868914,-42.6329370317341,-28.8981868466425,-18.67718965025578,Sp0123-4240
-0.5,None,31.150014757503435,27.47180380267814,27.632439025167436,29.442889892642302,31.150014757503435,Sp0124+8334
-0.5,None,16.683128331433842,-8.954885682194496,-7.930205952209396,4.884599698169073,16.683128331433842,Sp0125+2847
-0.5,None,10.11066986552074,-18.89027358493541,-17.180381447206273,-3.32804319461372,10.11066986552074,Sp0126+1419
-0.5,None,-13.030924886174816,-42.07232735408372,-39.80460389928039,-25.89323877512028,-13.030924886174816,Sp0127-3140
-0.5,None,4.362914855414232,-26.84920297642185,-24.250388882968224,-10.279208282935524,4.362914855414232,Sp0128+0211
-0.5,None,12.360245048424717,-17.54633804613728,-14.568009088784395,-2.3821325520924366,12.360245048424717,Sp0130+1721
-0.5,None,2.60578573942421,-29.89601595243732,-26.266847037889995,-13.086630297657434,2.60578573942421,Sp0130-0211
-0.5,None,-18.50341435994001,-44.67297917256887,-41.65206089854813,-30.620350469887835,-18.50341435994001,Sp0130-4445
-0.5,None,16.919317964788323,-12.226718109459796,-8.564281968609553,1.8237767112589789,16.919317964788323,Sp0132+2552
-0.5,None,-0.7051912723749413,-34.03310027967631,-29.684986364597243,-16.957470105478958,-0.7051912723749413,Sp0132-0910
-0.5,None,-12.388269080967055,-43.7698211480447,-38.7721203251943,-27.68589738480253,-12.388269080967055,Sp0134-3255
-0.5,None,10.932392464007254,-22.030026802129356,-16.851225451917717,-6.411189515376638,10.932392464007254,Sp0135+1205
-0.5,None,14.994558193431939,-18.98403610583412,-12.093567153874924,-4.1413983947837325,14.994558193431939,Sp0141+1804
-0.5,None,-6.725994520374165,-42.69550836704923,-34.51826610717635,-25.793361315484976,-6.725994520374165,Sp0141-2417
-0.5,None,28.426969879940998,4.44525032324696,9.679257398289716,14.008956267602723,28.426969879940998,Sp0144+5121
-0.5,None,2.8981720285277395,-35.60827895336954,-26.08214858750827,-18.660317082438887,2.8981720285277395,Sp0144-0716
-0.5,None,-23.22719713235395,-44.855236914617635,-38.790107160783265,-35.63262718538227,-23.22719713235395,Sp0148-6209
-0.5,None,31.833152495102674,13.331587738719206,18.2729269072662,20.02117731800495,31.833152495102674,Sp0151+6423
-0.5,None,7.770243263311309,-33.345158492673825,-21.16746440998723,-16.843280828033443,7.770243263311309,Sp0151-0051
-0.5,None,-23.883163596795978,-44.29060771328745,-38.250712240748044,-35.86130535432125,-23.883163596795978,Sp0151-6430
-0.5,None,27.606737347047012,-2.77677003428042,5.795259783317301,8.039536620572495,27.606737347047012,Sp0154+4305
-0.5,None,13.962149291256301,-27.09498716540909,-14.390438032386733,-11.629543971994904,13.962149291256301,Sp0155+0950
-0.5,None,11.164689501995822,-31.60292424358632,-17.64163628367856,-15.544168741980563,11.164689501995822,Sp0156+0331
-0.5,None,32.584642771963004,14.847296889261067,20.13747895271178,20.86428956226922,32.584642771963004,Sp0157+6656
-0.5,None,18.625993195036568,-21.871925531127104,-8.839971856124034,-7.454584066608172,18.625993195036568,Sp0158+1807
-0.5,None,7.012693975318807,-38.14331190195229,-21.953197639652092,-21.401273359436125,7.012693975318807,Sp0200-0554
-0.5,None,33.17039757135795,17.470690064748574,22.620894520335213,22.48363356062555,33.17039757135795,Sp0202+7053
-0.5,None,-8.91645625524941,-50.47349816590789,-33.81306990301622,-34.676221838728175,-8.91645625524941,Sp0204-3632
-0.5,None,-10.630597697717283,-50.706404134418975,-34.66118181312854,-35.46169052328272,-10.630597697717283,Sp0204-3945
-0.5,None,17.582209802259914,-26.76685762856954,-10.632326739033926,-11.875098343822609,17.582209802259914,Sp0205+1251
-0.5,None,7.399904623806362,-39.60309646400502,-21.52874611043859,-22.843614619155662,7.399904623806362,Sp0205-0653
-0.5,None,18.6373114015677,-26.437128281511278,-9.507863919332134,-11.740544704899676,18.6373114015677,Sp0207+1355
-0.5,None,-8.873554589268785,-51.12446863957569,-33.48973813658206,-35.44263746758983,-8.873554589268785,Sp0207-3721
-0.5,None,24.05107567750086,-17.84883520508482,-2.4279113145841453,-4.743555623026983,24.05107567750086,Sp0208+2542
-0.5,None,-16.21934838922828,-50.52236433009374,-35.76806585410218,-38.39494562496972,-16.21934838922828,Sp0210-5228
-0.5,None,4.505594803884923,-44.928617398520174,-23.943833268788627,-27.85649677673566,4.505594803884923,Sp0211-1427
-0.5,None,24.388330896133695,-19.312792598179275,-2.3890276073290018,-6.164608317467664,24.388330896133695,Sp0212+2433
-0.5,None,6.864893150318742,-43.16029418864906,-21.8522903170748,-26.25232291058183,6.864893150318742,Sp0212-1036
-0.5,None,31.420712746383156,-3.7147722303789363,9.587860723291747,6.243123664334722,31.420712746383156,Sp0213+4444
-0.5,None,5.4099334936374515,-45.07478604069274,-23.071387127452475,-28.03773148255851,5.4099334936374515,Sp0213-1343
-0.5,None,-3.820475976500475,-51.728592149066536,-29.82814690527026,-35.11198868407505,-3.820475976500475,Sp0215-3040
-0.5,None,10.616749314666201,-42.04917669046896,-18.261060734286048,-25.49051779311907,10.616749314666201,Sp0218-0617
-0.5,None,-3.7304946071300567,-52.612357944239044,-29.46922673106051,-36.067781632320276,-3.7304946071300567,Sp0218-3133
-0.5,None,3.233609722646232,-49.08061840772197,-24.534787074067367,-31.939241231465886,3.233609722646232,Sp0219-1938
-0.5,None,-0.6673876938249205,-52.58215675495866,-27.117020107192722,-35.667780998182224,-0.6673876938249205,Sp0222-2732
-0.5,None,35.467035026234676,9.50077861939822,20.476593102258803,15.865818852716744,35.467035026234676,Sp0225+6229
-0.5,None,34.90775871726911,-0.42168426874412707,14.780487709460699,8.089522421070733,34.90775871726911,Sp0227+5034
-0.5,None,6.585329846438842,-49.24901469988468,-21.44038903876679,-32.18037907556416,6.585329846438842,Sp0227-1624
-0.5,None,-20.55896073693227,-47.58880703344097,-34.399396635011634,-39.645448501900226,-20.55896073693227,Sp0227-6447
-0.5,None,24.412771308821895,-27.82791291703568,-3.771503739176845,-14.10258675507897,24.412771308821895,Sp0228+1639
-0.5,None,-19.725471577447042,-48.448970698205756,-34.19925588119401,-40.0572987656746,-19.725471577447042,Sp0228-6325
-0.5,None,34.921645375333384,-1.759099740732832,14.216874163768477,6.960964937977274,34.921645375333384,Sp0229+4906
-0.5,None,24.844107030791395,-27.97582594397962,-3.349940629594183,-14.326407987433928,24.844107030791395,Sp0230+1648
-0.5,None,11.034846796899352,-46.51883657129038,-17.543936654674784,-29.833840064602224,11.034846796899352,Sp0230-0953
-0.5,None,4.379148909039572,-52.712218450462004,-22.825978263493706,-35.571924153651935,4.379148909039572,Sp0232-2152
-0.5,None,27.82748081710279,-24.24400050954403,0.23723252201374742,-11.454772795169701,27.82748081710279,Sp0233+2209
-0.5,None,31.286107596992544,-16.59541155127102,5.383669407206136,-5.185356023688101,31.286107596992544,Sp0233+3134
-0.5,None,36.53440975410966,7.009046980590468,20.345060163592734,13.592838747454378,36.53440975410966,Sp0234+6012
-0.5,None,8.325621103124414,-52.446697108227596,-19.332096648609728,-35.391010901984934,8.325621103124414,Sp0239-1735
-0.5,None,22.457229408886715,-36.646215103699724,-6.461712146187116,-22.05052883790019,22.457229408886715,Sp0240+0727
-0.5,None,37.31190088573323,1.9364682090744845,18.596671762145878,9.31773500640203,37.31190088573323,Sp0241+5444
-0.5,None,-12.191998366845144,-55.09763563765986,-30.987680917995092,-43.246903318335306,-12.191998366845144,Sp0242-5232
-0.5,None,37.02794627206506,-4.007758502487407,15.597678529088325,4.46092851938633,37.02794627206506,Sp0243+4755
-0.5,None,-1.9143272561799711,-58.42495873595541,-25.96513599767788,-42.30950159184665,-1.9143272561799711,Sp0244-3548
-0.5,None,28.12058284943516,-30.67719594336102,-0.32713290019348595,-17.536736960256412,28.12058284943516,Sp0246+1625
-0.5,None,33.361860217622755,-20.645708767404223,6.5900594254284,-9.378643484613692,33.361860217622755,Sp0247+2850
-0.5,None,10.485383885044463,-53.95775415976204,-17.091398501201247,-36.987052836106265,10.485383885044463,Sp0248-1651
-0.5,None,7.715332615963261,-56.46104367882093,-19.099810877964355,-39.32670535927428,7.715332615963261,Sp0249-2147
-0.5,None,21.240092724556206,-43.39310991563371,-7.700524307423398,-28.245625909511954,21.240092724556206,Sp0251+0047
-0.5,None,18.634519510824198,-46.68361215261879,-10.11971961128405,-30.94902084876842,18.634519510824198,Sp0251-0352
-0.5,None,18.6318427959351,-46.68099355763704,-10.122526518203838,-30.946101420427333,18.6318427959351,Sp0251-0352
-0.5,None,21.574750095327467,-43.49691439218842,-7.364701797549837,-28.403879973389557,21.574750095327467,Sp0252+0056
-0.5,None,38.848549977570514,-2.839345171316081,18.105389373685295,4.921190330669444,38.848549977570514,Sp0252+5014
-0.5,None,29.705877577125733,-31.2150993905712,1.221989799018759,-18.38646723277808,29.705877577125733,Sp0253+1652
-0.5,None,33.9377425997338,-22.668910745523828,6.7680712643102305,-11.379242005072218,33.9377425997338,Sp0253+2713
-0.5,None,7.217000984643908,-57.90242117640144,-19.198050904459603,-40.76082634410156,7.217000984643908,Sp0253-2336
-0.5,None,9.838012794038747,-56.388103204112284,-17.230108916663877,-39.32140317865669,9.838012794038747,Sp0254-1934
-0.5,None,-7.265402017116797,-58.90230111206574,-27.68657825947058,-45.43964240341101,-7.265402017116797,Sp0255-4700
-0.5,None,38.616558841624894,-11.155349189115322,14.637637270602509,-2.15634260269442,38.616558841624894,Sp0257+4111
-0.5,None,39.700406827062,-0.9037457246544939,19.944808838473318,6.2695752091591315,39.700406827062,Sp0257+5253
-0.5,None,3.184660211731392,-60.72329345011356,-21.60298942893471,-43.93189672364805,3.184660211731392,Sp0257-3105
-0.5,None,33.67747785668237,-27.08873401288878,5.749579811291665,-15.422918282373098,33.67747785668237,Sp0259+2254
-0.5,None,-4.970188479201708,-60.42680957537139,-26.11125896972961,-46.22004591906519,-4.970188479201708,Sp0259-4421
-0.5,None,8.560892538135978,-60.6117124543591,-17.373009295211418,-43.47005394851043,8.560892538135978,Sp0304-2435
-0.5,None,7.391477190191736,-61.62100629162024,-18.062896048393867,-44.51603615467206,7.391477190191736,Sp0306-2647
-0.5,None,0.8834765975722827,-62.858984885159856,-22.224074657954763,-46.85134918885742,0.8834765975722827,Sp0306-3647
-0.5,None,40.915023775496564,2.3775144269107247,23.000855419680224,8.527908584267184,40.915023775496564,Sp0307+5719
-0.5,None,16.266538599341605,-56.576916296427655,-11.261069974747178,-40.072335765848784,16.266538599341605,Sp0309-1354
-0.5,None,1.2182646674904478,-63.44938769927138,-21.741684425958788,-47.47120374943611,1.2182646674904478,Sp0309-3658
-0.5,None,28.761573257988164,-41.296077352605465,-0.2268100219556926,-27.750904938187773,28.761573257988164,Sp0310+0726
-0.5,None,7.347446822772058,-62.82429279111355,-17.73781242576685,-45.75342440385885,7.347446822772058,Sp0310-2756
-0.5,None,4.466410758461537,-63.92004241906396,-19.50132480335749,-47.24192824482811,4.466410758461537,Sp0311-3239
-0.5,None,33.836984932864624,-34.69506101573501,5.084819885246671,-22.63160917751376,33.836984932864624,Sp0314+1603
-0.5,None,-4.322629346806041,-62.245876590178305,-24.325125075449957,-48.800421281353394,-4.322629346806041,Sp0314-4623
-0.5,None,35.14449591536249,23.48308169733123,30.232347475466128,25.239090944191062,35.14449591536249,Sp0315+8122
-0.5,None,7.843162361231159,-64.4194668105964,-16.843598625915018,-47.37362653400494,7.843162361231159,Sp0316-2848
-0.5,None,43.185989661966,-6.124606106001127,21.4655295972947,0.8883817830725679,43.185989661966,Sp0319+4848
-0.5,None,36.578152395579835,-33.06698583209205,7.9623094967306045,-21.760509928605924,36.578152395579835,Sp0320+1854
-0.5,None,24.013906049370206,-52.4489801517333,-4.327428468810038,-37.43102497354414,24.013906049370206,Sp0320-0446
-0.5,None,42.66599744648011,-15.35206740928892,17.540698863624666,-6.965720231488845,42.66599744648011,Sp0321+3847
-0.5,None,-0.862671722510627,-64.97790274126321,-21.575188739322314,-50.59436036561639,-0.862671722510627,Sp0323-4304
-0.5,None,-8.414676963637042,-59.64919554828386,-25.397376288083223,-49.14359105696503,-8.414676963637042,Sp0324-5410
-0.5,None,35.42838485252487,-37.686832204439405,6.514947081504814,-25.88430244646075,35.42838485252487,Sp0325+1412
-0.5,None,24.393315979016105,-54.12408826209567,-3.758688955205083,-39.12096060893031,24.393315979016105,Sp0325-0551
-0.5,None,-26.487470283163642,-38.0783200904352,-30.920874895234626,-36.227283520884384,-26.487470283163642,Sp0325-8159
-0.5,None,37.98569943660454,-33.345040907812965,9.34732901155885,-22.384403996250498,37.98569943660454,Sp0326+1919
-0.5,None,12.139687104237392,-65.24671374432317,-13.103295499747606,-48.11838861066533,12.139687104237392,Sp0326-2443
-0.5,None,-0.1667717985978494,-65.61393606974471,-20.9215784449351,-51.112469623358,-0.1667717985978494,Sp0326-4236
-0.5,None,34.76754094876939,-40.41247006680821,5.784942991654046,-28.341202685747728,34.76754094876939,Sp0328+1129
-0.5,None,43.05085676354394,-21.19782910966168,16.36508367345086,-12.348286822525484,43.05085676354394,Sp0329+3304
-0.5,None,43.10877012038131,-22.53737716460301,16.121325613882306,-13.592967643868738,43.10877012038131,Sp0330+3146
-0.5,None,28.64094154329616,-50.68059136357389,0.0796979457796817,-36.76207312312139,28.64094154329616,Sp0330-0025
-0.5,None,8.875344514544699,-67.90199494605767,-14.861906233659496,-50.942042300663,8.875344514544699,Sp0331-3042
-0.5,None,14.104699751524812,-65.94572213037094,-11.228013412316061,-48.89052790986612,14.104699751524812,Sp0332-2317
-0.5,None,45.02629099729061,-17.409707123867477,19.37059032545403,-9.45452798213891,45.02629099729061,Sp0334+3740
-0.5,None,33.912618527211684,-45.21611992299708,4.994848072213035,-32.782141366850155,33.912618527211684,Sp0335+0658
-0.5,None,-7.287038509080317,-60.874794047310274,-23.657897699969524,-50.936766818431856,-7.287038509080317,Sp0338-5435
-0.5,None,42.955846741536064,-29.572116267750225,14.730670253119282,-20.119995405901893,42.955846741536064,Sp0339+2457
-0.5,None,6.7118089597457224,-69.68504690580251,-15.54161903796038,-53.378121743765625,6.7118089597457224,Sp0339-3525
-0.5,None,5.795365768916576,-69.62794350018548,-16.06542324273244,-53.62450203057588,5.795365768916576,Sp0340-3649
-0.5,None,46.845319181775295,-8.526553381401266,24.43288113425162,-2.2255782300351155,46.845319181775295,Sp0341+4741
-0.5,None,46.97959941362616,-9.685421755405102,24.095003841064635,-3.2482996625685514,46.97959941362616,Sp0342+4629
-0.5,None,32.32829266840129,-51.2436442280087,3.8179633762381213,-38.26507131527463,32.32829266840129,Sp0344+0111
-0.5,None,44.43946697061181,-29.418462369256954,16.231511876032634,-20.382515774255683,44.43946697061181,Sp0345+2540
-0.5,None,44.65330096262267,5.3043680251118355,29.27117574606401,9.467810543002933,44.65330096262267,Sp0346+6236
-0.5,None,30.597521035838923,-54.464144402515345,2.444764334505153,-40.96158380023674,30.597521035838923,Sp0346-0218
-0.5,None,20.144404867103354,-66.38296648569275,-5.65263089194549,-50.04599505235306,20.144404867103354,Sp0347-1814
-0.5,None,38.86555163992002,-42.70127297726284,9.887316660027556,-31.681677425490157,38.86555163992002,Sp0348+1126
-0.5,None,32.425327824248484,-53.90357041154546,4.2114393521248275,-40.923657596244674,32.425327824248484,Sp0351-0052
-0.5,None,21.151478043132965,-66.96961935560527,-4.565788032972373,-50.79779897797857,21.151478043132965,Sp0351-1751
-0.5,None,34.52856337453893,-51.4047440760214,6.048088608064986,-39.053185461430964,34.52856337453893,Sp0352+0210
-0.5,None,-9.86904370180302,-58.04473582145735,-23.782946113151404,-50.557627396621065,-9.86904370180302,Sp0352-5955
-0.5,None,45.380110766416564,-32.336108434686466,16.815679993099394,-23.434471129465624,45.380110766416564,Sp0354+2316
-0.5,None,35.523915433829856,-51.435642353126376,7.056951738458602,-39.383293390550804,35.523915433829856,Sp0355+0237
-0.5,None,41.99537903580437,-40.47337835184797,13.008245632887354,-30.394391520786698,41.99537903580437,Sp0355+1439
-0.5,None,49.559070537191616,-15.918975938860628,24.504569634629654,-9.41289503179132,49.559070537191616,Sp0356+4047
-0.5,None,42.763450753815725,-39.8608695873387,13.781318214809335,-30.016662347595645,42.763450753815725,Sp0357+1529
-0.5,None,25.757788143856125,-64.57301084110847,-0.6438628550684649,-49.56787461583158,25.757788143856125,Sp0357-1249
-0.5,None,47.70090330223686,-29.023487537919017,19.531279309635053,-20.928920620638863,47.70090330223686,Sp0358+2710
-0.5,None,48.414398435135546,-26.25749852784829,20.69701360826152,-18.518920115718664,48.414398435135546,Sp0358+3003
-0.5,None,21.613437226932227,-69.4500106481232,-3.5175277591370584,-53.2716887103234,21.613437226932227,Sp0400-1913
-0.5,None,48.75694909193923,-27.641137626459304,20.795345714430056,-19.921332661367625,48.75694909193923,Sp0401+2849
-0.5,None,50.4191424410464,-13.60127050133538,26.217954644180345,-7.633532295061832,50.4191424410464,Sp0401+4327
-0.5,None,48.33699291695982,-30.182818489631206,20.000382323547406,-22.220125696515346,48.33699291695982,Sp0403+2616
-0.5,None,51.03576185805551,-15.689258282844676,26.11000045472528,-9.641390895522585,51.03576185805551,Sp0404+4127
-0.5,None,25.183474275889207,-68.3594318313911,-0.33770955139429637,-53.111701355673404,25.183474275889207,Sp0407-1552
-0.5,None,41.001960495391344,-48.09121245577437,12.298394646882784,-37.740882663868625,41.001960495391344,Sp0408+0742
-0.5,None,26.169639090457213,-67.80905175894924,0.5057066809625962,-52.86165192044979,26.169639090457213,Sp0408-1450
-0.5,None,32.49946669784357,-60.71603682965053,5.374905163477447,-47.805824550221814,32.49946669784357,Sp0409-0605
-0.5,None,44.43184383920853,-43.27450004644255,15.485521113400454,-33.95278571687822,44.43184383920853,Sp0410+1304
-0.5,None,26.413252100118232,-68.25141068802917,0.8574790201851776,-53.373637827832574,26.413252100118232,Sp0410-1459
-0.5,None,52.70467110922466,-20.321737379468473,26.36014201179504,-14.272824604544565,52.70467110922466,Sp0413+3709
-0.5,None,-7.742516389104697,-59.80429515790658,-20.95643774192297,-53.22715382995894,-7.742516389104697,Sp0416-5935
-0.5,None,47.58212811062094,-40.42297575846643,18.59366992655034,-32.082288011140726,47.58212811062094,Sp0417+1634
-0.5,None,32.64021532419514,-63.37937846062364,6.081081814035316,-50.606231108215795,32.64021532419514,Sp0417-0800
-0.5,None,22.68376054225812,-74.08167764552786,-1.239465780534882,-57.97607325513461,22.68376054225812,Sp0417-2129
-0.5,None,53.8898327287354,-15.318072065778754,29.200441474608404,-10.16382043851247,53.8898327287354,Sp0419+4233
-0.5,None,-10.191918510643593,-56.82331590681668,-21.9563775968817,-51.538932582711304,-10.191918510643593,Sp0421-6306
-0.5,None,11.79182021568485,-77.99103659755649,-8.3673377608504,-62.06832503317731,11.79182021568485,Sp0422-3606
-0.5,None,36.3820258273893,-60.63186560531878,9.405759899634496,-49.18614994998803,36.3820258273893,Sp0423-0414
-0.5,None,52.2719372007162,-33.64187216213714,23.509415920250447,-26.77859994967528,52.2719372007162,Sp0424+2402
-0.5,None,42.10853744759303,-53.47247057708361,14.087523062686408,-43.78420316992953,42.10853744759303,Sp0426+0336
-0.5,None,45.560486299234576,-48.3732763136207,16.990548713451584,-39.64332957232772,45.560486299234576,Sp0427+0859
-0.5,None,6.01647437172819,-74.15295368710456,-11.588847146570583,-62.07903254367012,6.01647437172819,Sp0429-4405
-0.5,None,-12.716024405925099,-53.572102600633215,-22.827601728092652,-49.58930691639409,-12.716024405925099,Sp0429-6649
-0.5,None,34.30926912468253,-65.53501302064879,8.378960368646233,-53.60795325513679,34.30926912468253,Sp0430-0849
-0.5,None,50.31952653812188,2.0807488144011312,34.27133106380861,5.027651070539974,50.31952653812188,Sp0431+6035
-0.5,None,36.18666667501702,-63.70070018833835,9.929265560974327,-52.45488024194968,36.18666667501702,Sp0432-0639
-0.5,None,52.40835402359528,-1.917929689091229,34.19063275477372,1.3094244763710707,52.40835402359528,Sp0433+5635
-0.5,None,16.384002236548266,-81.25455967219894,-4.1925224823323815,-64.31679846953962,16.384002236548266,Sp0433-3210
-0.5,None,55.84615999115898,-10.320734174782098,33.41603977277737,-6.507989282813703,55.84615999115898,Sp0436+4810
-0.5,None,23.716526631548344,-78.81407588150711,1.2139737838891105,-62.88142835729774,23.716526631548344,Sp0436-2338
-0.5,None,23.798978788181717,-79.33208365018626,1.4656786246689488,-63.42006255897761,23.798978788181717,Sp0439-2353
-0.5,None,-7.320492508092594,-59.404541942262846,-19.12167881145115,-54.47664560080524,-7.320492508092594,Sp0439-6105
-0.5,None,38.350335634012396,-63.21376886306601,12.179343987895223,-52.97124584324166,38.350335634012396,Sp0440-0530
-0.5,None,32.176899592061524,-71.31676943293554,7.765601318441102,-58.99916056344544,32.176899592061524,Sp0442-1356
-0.5,None,17.58195163842543,-83.19304569543212,-2.5292797872490826,-66.22991317848076,17.58195163842543,Sp0443-3202
-0.5,None,13.633088322680644,-81.43382881997417,-5.121308605285108,-66.48683650253435,13.633088322680644,Sp0444-3655
-0.5,None,49.586321841420784,-48.70817329925368,21.243280677117376,-41.62434613786319,49.586321841420784,Sp0445+0938
-0.5,None,38.742274671437016,-64.05925686394744,12.869962968035535,-54.181676871047976,38.742274671437016,Sp0445-0602
-0.5,None,18.939055496108093,-83.81704946884003,-1.3245586909636111,-66.6896538364212,18.939055496108093,Sp0445-3048
-0.5,None,13.917336550002888,-81.71610822300872,-4.844906797161988,-66.69088657000964,13.917336550002888,Sp0445-3642
-0.5,None,-0.297091758133202,-67.07739015365594,-14.31412603344673,-60.22422217844067,-0.297091758133202,Sp0445-5321
-0.5,None,52.86750421474091,-43.879900035465404,24.097276694646673,-37.60838138678111,52.86750421474091,Sp0447+1436
-0.5,None,58.43684181335269,-30.28242550718081,29.910565595629667,-25.4182815761576,58.43684181335269,Sp0447+2819
-0.5,None,5.711821421223338,-73.62250667650737,-10.18505625967268,-64.22835138699313,5.711821421223338,Sp0448-4636
-0.5,None,56.55856897772412,-7.110103344545866,35.92462172283597,-4.136977368015598,56.55856897772412,Sp0449+5138
-0.5,None,42.05036969207478,-60.791406366624344,15.660723167258388,-52.088993758299,42.05036969207478,Sp0449-0228
-0.5,None,46.4008399115136,-55.404752259316375,19.11347936178957,-47.907944961945034,46.4008399115136,Sp0451+0305
-0.5,None,16.77535911928091,-84.18028155506421,-2.3684211726725004,-67.9653553640982,16.77535911928091,Sp0451-3402
-0.5,None,-4.153549300360194,-62.44680659981254,-16.351352523729016,-57.52934065173817,-4.153549300360194,Sp0451-5818
-0.5,None,57.02526687247683,-38.13639245808916,28.038577597511594,-32.98355421971459,57.02526687247683,Sp0453+2033
-0.5,None,30.66022487654448,-75.96336173385863,7.719331306454806,-63.540503733827244,30.66022487654448,Sp0453-1751
-0.5,None,3.465489254073064,-70.89016371174178,-11.212207159003169,-63.40649615280673,3.465489254073064,Sp0454-4945
-0.5,None,56.87071169312187,-5.963791233515626,36.97354625303084,-3.3435903775305484,56.87071169312187,Sp0455+5252
-0.5,None,23.257834822112983,-84.19786755887816,2.621223037417067,-67.9788386638475,23.257834822112983,Sp0455-2701
-0.5,None,37.75103638322444,-68.06838379504802,13.099447621530256,-58.57817400644144,37.75103638322444,Sp0456-0932
-0.5,None,61.37919753333255,-22.455608577594635,34.39030881428886,-18.841174177718297,61.37919753333255,Sp0457+3622
-0.5,None,48.32077875120219,-55.26807760791153,21.266675871040377,-48.781171081268816,48.32077875120219,Sp0500+0330
-0.5,None,49.23761093166389,-54.09312814973059,21.991626777583278,-47.819037452228855,49.23761093166389,Sp0500+0442
-0.5,None,24.151597767980654,-85.38686922170862,4.0405491338702575,-69.76394158097906,24.151597767980654,Sp0503-2705
-0.5,None,52.759200257317524,-50.2828071915123,25.016628021161434,-44.975293160642785,52.759200257317524,Sp0505+0836
-0.5,None,4.265130960869366,-71.04356139336194,-9.678055338017968,-64.90706116768189,4.265130960869366,Sp0506-4956
-0.5,None,63.70165736152721,-25.609538968173634,35.838046082927306,-22.540154901533196,63.70165736152721,Sp0508+3319
-0.5,None,33.58204556563865,-75.67807250168804,11.300442604890307,-65.81611173034479,33.58204556563865,Sp0508-1647
-0.5,None,62.983756687307846,-31.70560284919922,34.17205079379484,-28.362414272107337,62.983756687307846,Sp0510+2714
-0.5,None,8.026114171411693,-74.92830908228773,-6.731504705588391,-67.85080214613681,8.026114171411693,Sp0511-4606
-0.5,None,7.897805170789148,-74.73432123629352,-6.766169207623369,-67.82810987184206,7.897805170789148,Sp0511-4618
-0.5,None,25.822734362743223,-85.21942341384116,6.085959334388981,-71.39277444641732,25.822734362743223,Sp0512-2617
-0.5,None,22.64138946676402,-88.66183197386424,3.7455028787650035,-72.15038816945382,22.64138946676402,Sp0512-2949
-0.5,None,51.93245846962395,5.469487950470547,39.126423988448245,6.706217821916682,51.93245846962395,Sp0515+6424
-0.5,None,57.396301958001324,-2.272927775104746,40.15129724698174,-0.7671225493259876,57.396301958001324,Sp0516+5640
-0.5,None,24.619440343608588,-87.13357184681622,5.730814335037022,-73.09673190798041,24.619440343608588,Sp0517-2816
-0.5,None,19.62135732498513,-87.1610484301523,2.0918128220194583,-73.48956955199377,19.62135732498513,Sp0517-3349
-0.5,None,63.89805184419343,-34.34396747094515,34.91656835255801,-31.462347783129477,63.89805184419343,Sp0518+2435
-0.5,None,42.716335413988396,17.506566635964454,36.56584729358133,18.100034382061423,42.716335413988396,Sp0520+7626
-0.5,None,53.48019419362881,-53.58412042708097,26.967356429746413,-49.80757081648235,53.48019419362881,Sp0522+0518
-0.5,None,66.44186728495858,-23.35608842502799,39.058450200605286,-21.262812003949193,66.44186728495858,Sp0522+3534
-0.5,None,57.12601723320144,-1.0309482147875344,40.77342568738226,0.21737669119459893,57.12601723320144,Sp0522+5754
-0.5,None,49.24220900295644,-58.94567344216998,23.86721956261492,-54.55592142338368,49.24220900295644,Sp0522-0002
-0.5,None,63.94232368192747,-12.529984451990327,41.096768144544946,-10.946846143759853,63.94232368192747,Sp0523+4623
-0.5,None,37.76715934738413,-72.880050447174,15.798773942769973,-66.449620932038,37.76715934738413,Sp0523-1403
-0.5,None,63.852928995692906,-37.84369839935101,34.972780441615015,-35.33095323876584,63.852928995692906,Sp0525+2102
-0.5,None,5.16942390411299,-70.47139746606835,-7.49022379090246,-66.82309863839907,5.16942390411299,Sp0526-5026
-0.5,None,64.2898583010626,-11.683583383467525,41.970899843096085,-10.374890891539248,64.2898583010626,Sp0528+4712
-0.5,None,33.18969669909047,-78.48034648543178,13.136822993025747,-71.7518720762594,33.18969669909047,Sp0529-2002
-0.5,None,61.58510932312205,-43.73410638827998,33.48646714908192,-41.402776355384724,61.58510932312205,Sp0530+1503
-0.5,None,54.1793899191057,3.9959338412663623,41.03905197304415,4.7920802998374805,54.1793899191057,Sp0530+6253
-0.5,None,52.494370556959005,-56.4497020053134,27.09672067536833,-53.466910726503706,52.494370556959005,Sp0531+0215
-0.5,None,54.34143920282469,-54.370984340636845,28.5437617589282,-51.71381662094942,54.34143920282469,Sp0532+0418
-0.5,None,-23.745710255698985,-39.059692369152344,-26.781529716002122,-38.718737243710486,-23.745710255698985,Sp0532-8157
-0.5,None,53.703236876651715,-55.27164100006241,28.1552407166257,-52.62717113332597,53.703236876651715,Sp0533+0323
-0.5,None,68.41911990556842,-21.13691562215853,41.68993180401908,-19.82356679096514,68.41911990556842,Sp0533+3740
-0.5,None,62.95977567267406,-7.932330268374509,42.88876644306674,-6.982788773218954,62.95977567267406,Sp0533+5054
-0.5,None,38.064622419761285,-73.48419727408633,17.192133151000355,-69.08222659224941,38.064622419761285,Sp0534-1511
-0.5,None,43.12375584919117,-67.94197003378886,20.869852325850843,-64.44362974723087,43.12375584919117,Sp0535-0931
-0.5,None,44.46038221177294,-66.61432068415381,22.04209675073862,-63.60481428763585,44.46038221177294,Sp0537-0816
-0.5,None,68.80652700014848,-18.074693267726566,43.331688354981246,-17.20260010732329,68.80652700014848,Sp0539+4038
-0.5,None,65.85125078134624,-11.533204714828347,43.81115079479367,-10.781240866665753,65.85125078134624,Sp0539+4712
-0.5,None,62.365797561343484,-5.867906952964403,43.69946684514959,-5.231982438378134,62.365797561343484,Sp0539+5253
-0.5,None,51.033199844590136,-59.350655371550886,26.95026145902935,-57.2732867730966,51.033199844590136,Sp0539-0059
-0.5,None,8.97127946352574,-73.24399580192645,-3.793084474739362,-70.64239292790364,8.97127946352574,Sp0539-4708
-0.5,None,58.02670060616971,-51.60214231672108,32.32230423953078,-50.47975372442179,58.02670060616971,Sp0544+0639
-0.5,None,42.69640813603225,-68.95826254573521,21.535174603913035,-66.95376344124031,42.69640813603225,Sp0544-1109
-0.5,None,40.924291646779174,-70.83089915201424,20.29802991740783,-68.73938875667316,40.924291646779174,Sp0544-1309
-0.5,None,30.440548412123636,-80.80142371882529,12.586800400994333,-77.08301726376214,30.440548412123636,Sp0544-2433
-0.5,None,53.483486292173374,-57.71761536453292,30.059288550401536,-57.44080521968948,53.483486292173374,Sp0552-0002
-0.5,None,-7.231478626519439,-55.669227815970814,-14.785405400734529,-55.50178558804008,-7.231478626519439,Sp0552-6452
-0.5,None,66.82845869285957,-41.80177872987768,39.313308779385984,-41.90121400213143,66.82845869285957,Sp0555+1608
-0.5,None,3.2269195512999147,-65.87268655868456,-6.851944387188866,-65.88672503632972,3.2269195512999147,Sp0555-5402
-0.5,None,60.7903972534269,-49.667055468678726,35.40897200778203,-49.860270512345124,60.7903972534269,Sp0556+0802
-0.5,None,18.143640747065064,-78.57463035244486,4.585618259783911,-79.15375769282123,18.143640747065064,Sp0556-3832
-0.5,None,67.84078882107617,-40.73311817449915,40.17051186283866,-41.01040640479502,67.84078882107617,Sp0557+1708
-0.5,None,64.13668306586811,-46.23986261024067,38.19027866149604,-46.97515984313601,64.13668306586811,Sp0601+1115
-0.5,None,73.4606175924062,-18.89082007194151,47.5699254425754,-19.402070526136356,73.4606175924062,Sp0602+3910
-0.5,None,-22.88837239175003,-39.37177937413484,-25.57773482941053,-39.461967686513525,-22.88837239175003,Sp0603-8127
-0.5,None,72.4091427589668,-35.29516582229515,43.901231113917405,-36.1754638655511,72.4091427589668,Sp0604+2219
-0.5,None,75.07919215762008,-28.670226112877963,46.144535120998086,-29.45200742976237,75.07919215762008,Sp0604+2906
-0.5,None,75.27748503100904,-24.514898657053468,47.080011744494826,-25.212210233814197,75.27748503100904,Sp0604+3322
-0.5,None,32.84183412433006,-76.64843850609965,16.56512065640699,-80.15176951378697,32.84183412433006,Sp0605-2342
-0.5,None,35.74309658960182,-74.53082145264474,18.86989102712532,-77.88970463585734,35.74309658960182,Sp0606-2044
-0.5,None,74.10426837345891,-33.02305281997928,45.32319754477843,-34.10828917460385,74.10426837345891,Sp0607+2429
-0.5,None,70.5074556346887,-12.16898900361352,48.69175870147136,-12.894630356225152,70.5074556346887,Sp0607+4550
-0.5,None,64.69022944838089,-46.31285758681902,39.376560591139416,-47.81141272921563,64.69022944838089,Sp0608+1041
-0.5,None,19.688308781039435,-76.89075040367037,6.948885396143842,-81.56498668015821,19.688308781039435,Sp0609-3739
-0.5,None,23.505420565189524,-77.87159691514896,10.011473232634355,-84.21384052686356,23.505420565189524,Sp0610-3346
-0.5,None,76.84094687162006,-24.121071400985237,48.63527616295336,-25.332958264825137,76.84094687162006,Sp0611+3325
-0.5,None,51.66909655663954,9.917448827210345,43.27778141222604,9.424058352682207,51.66909655663954,Sp0611+6818
-0.5,None,6.656826082029596,-67.31731274097692,-3.056081661390087,-69.3937152028876,6.656826082029596,Sp0611-5109
-0.5,None,75.83239873185087,-19.006636088539498,49.83937341027021,-20.263616249502476,75.83239873185087,Sp0614+3833
-0.5,None,71.55194333975545,-12.125225097366393,49.95580381834036,-13.236600094971905,71.55194333975545,Sp0614+4536
-0.5,None,36.69328860391954,-72.86511082806105,20.48111705127647,-78.34956120742754,36.69328860391954,Sp0614-2019
-0.5,None,55.14579801726149,-56.66012255547628,34.04688115949481,-59.66520429733092,55.14579801726149,Sp0615-0100
-0.5,None,61.82139178429568,-0.49337402294280686,47.972186149990094,-1.4056479112574294,61.82139178429568,Sp0616+5729
-0.5,None,11.898348921991536,-70.92839240751096,1.4135152165852214,-74.61872605968506,11.898348921991536,Sp0616-4557
-0.5,None,5.291336511246754,-65.23025654872765,-3.5367901442971226,-68.0045029068006,5.291336511246754,Sp0619-5249
-0.5,None,70.8525106636402,-40.331456996518945,44.827437081384566,-42.95642759266547,70.8525106636402,Sp0621+1555
-0.5,None,41.57178390165662,-68.27101238473652,25.13008709014752,-74.54247488709376,41.57178390165662,Sp0622-1548
-0.5,None,35.35584712911056,-72.51987107291616,20.37908165329089,-80.7546942082491,35.35584712911056,Sp0622-2211
-0.5,None,78.1668563114064,-30.139410814344096,49.3193549123052,-32.39572536345574,78.1668563114064,Sp0623+2631
-0.5,None,67.52646219182496,-5.942099371150545,50.5506565177325,-7.332767920940551,67.52646219182496,Sp0623+5137
-0.5,None,-10.137686396450407,-51.12379396313866,-15.463240583848881,-52.33130523948108,-10.137686396450407,Sp0623-6838
-0.5,None,53.8694076698179,8.413523930075494,45.30615613909597,7.477197314934648,53.8694076698179,Sp0624+6626
-0.5,None,12.776923328793215,-70.22458366350357,2.822891501572821,-75.50859442436018,12.776923328793215,Sp0624-4521
-0.5,None,46.787858752899496,-63.81305440419829,29.32243886630883,-69.44853632333289,46.787858752899496,Sp0625-1034
-0.5,None,57.66916176584878,-53.97718047135283,37.18635787288294,-58.23901690177396,57.66916176584878,Sp0626+0041
-0.5,None,79.55580824548748,-21.889273845808788,51.9213080828321,-24.050501378370072,79.55580824548748,Sp0626+3454
-0.5,None,39.19083940634384,-68.95882855692791,24.21503666926538,-77.6139431943622,39.19083940634384,Sp0630-1840
-0.5,None,37.855646204358315,24.505758928519604,35.92966448685118,24.100952259302087,37.855646204358315,Sp0632+8305
-0.5,None,47.61471096300676,-62.446050671659016,30.824140402813995,-69.13870077015228,47.61471096300676,Sp0632-1009
-0.5,None,8.251314413138138,-66.0001111173157,-0.22148491229954367,-70.82556186886006,8.251314413138138,Sp0632-5010
-0.5,None,34.50105382761952,-69.72044733069033,21.770125934081385,-82.7570536769118,34.50105382761952,Sp0640-2352
-0.5,None,15.196931036249161,-68.90754862631519,6.183020243898373,-77.5656490904573,15.196931036249161,Sp0641-4322
-0.5,None,55.81241265079604,-54.475080699840376,38.329875188029945,-61.301833707883155,55.81241265079604,Sp0643-0223
-0.5,None,39.688595158502814,-66.50890875546867,26.202782938811993,-77.57054819838265,39.688595158502814,Sp0643-1843
-0.5,None,29.839537898023217,-70.48138372222253,18.45614973502916,-86.91648503525276,29.839537898023217,Sp0644-2841
-0.5,None,-25.4923988339962,-36.2106184288441,-26.825032655964783,-36.62049077672612,-25.4923988339962,Sp0644-8422
-0.5,None,-6.8088797864672355,-52.562824829951,-11.56948229277425,-55.31896890234551,-6.8088797864672355,Sp0648-6537
-0.5,None,73.40282298977623,-8.72887180085267,56.12243310640121,-11.707665753860452,73.40282298977623,Sp0652+4710
-0.5,None,42.442836150062156,-63.176824876447135,29.581885843364432,-74.66475298675324,42.442836150062156,Sp0652-1614
-0.5,None,33.13118499085881,-67.88026686877276,22.032590713379296,-83.34676984017614,33.13118499085881,Sp0652-2534
-0.5,None,37.73485358840868,24.964688058096687,36.26631093257819,24.347739410877377,37.73485358840868,Sp0655+8318
-0.5,None,52.295725826366976,11.48879997581062,46.53447163445969,9.7783747499538,52.295725826366976,Sp0656+6841
-0.5,None,75.89846469651285,-35.44649728605471,53.49864201809256,-41.32397724410874,75.89846469651285,Sp0659+1717
-0.5,None,87.17034216358137,-22.185680896279607,58.49251084157398,-26.734431478527,87.17034216358137,Sp0700+3157
-0.5,None,65.99990936820191,-43.809370402404056,48.34503631666256,-51.212654910819396,65.99990936820191,Sp0703+0711
-0.5,None,74.40985691199161,-8.614219768945125,58.09384347933939,-12.178289595195972,74.40985691199161,Sp0703+4632
-0.5,None,31.08227560916389,-66.16825421968551,21.599891639375183,-83.00204777411516,31.08227560916389,Sp0703-2748
-0.5,None,26.6213597744319,-66.89845695014607,17.84207639603398,-83.79227674233924,26.6213597744319,Sp0703-3216
-0.5,None,-2.661130870394477,-54.7053879870186,-7.263349878053446,-59.07557296993767,-2.661130870394477,Sp0703-6134
-0.5,None,61.83406408919443,-47.057124696702715,45.857578202146335,-55.277673772080696,61.83406408919443,Sp0704+0258
-0.5,None,88.00044101387091,-23.063507098677334,59.01228993230277,-27.951701707250606,88.00044101387091,Sp0704+3038
-0.5,None,73.27866297134862,-7.41027350991203,58.048472013441604,-10.973801816876307,73.27866297134862,Sp0705+4742
-0.5,None,81.38273186556638,-30.05952540661088,57.17990442490928,-35.87388913015345,81.38273186556638,Sp0706+2234
-0.5,None,81.97049070052428,-15.303944800603906,59.96569253290751,-19.626309809995675,81.97049070052428,Sp0706+3858
-0.5,None,9.907588241326506,-62.13916364544167,3.8969375279104375,-70.94140792641778,9.907588241326506,Sp0707-4900
-0.5,None,-15.589060961287737,-44.18163237500525,-18.056538479167557,-46.253942612416125,-15.589060961287737,Sp0710-7431
-0.5,None,28.908416377287185,-64.95793441544976,20.634064606110332,-82.1009115246595,28.908416377287185,Sp0711-3001
-0.5,None,73.51403180129695,-6.993950539216743,59.39872792512,-10.959358948535384,73.51403180129695,Sp0713+4732
-0.5,None,84.01432517887255,-16.40052695668542,61.56124161795562,-21.323840249615532,84.01432517887255,Sp0714+3702
-0.5,None,47.16972524419605,-56.0321023850071,36.51166382871766,-68.53939099566406,47.16972524419605,Sp0715-1145
-0.5,None,-6.815970972834952,-50.71767305773878,-10.213772013090214,-54.69813560391328,-6.815970972834952,Sp0715-6544
-0.5,None,52.41278943024562,-52.34673452072368,40.84426322915091,-63.602227521169596,52.41512775271943,Sp0716-0630
-0.5,None,8.057074382918774,-59.60266439797526,3.1699140938255077,-68.48231423755459,8.066207418843222,Sp0719-5051
-0.5,None,50.11866320184033,-53.312114136418295,39.525453508034516,-65.40079528768162,50.149211091871024,Sp0720-0846
-0.5,None,78.40269411033901,-30.848493389827265,59.156055313681016,-38.119443006039475,78.54774776726329,Sp0721+1937
-0.5,None,27.809362413025404,-62.852916573592545,20.862385814753893,-79.9195511635114,27.83777293196129,Sp0721-3105
-0.5,None,61.58918350734299,-44.62570080708663,48.72158501641614,-54.435132516476344,61.655325566907976,Sp0722+0243
-0.5,None,63.55215104051172,2.553297503082904,55.93526488426956,-0.9449423265717513,63.61210584840528,Sp0723+5727
-0.5,None,44.1979165971912,-56.22259172098481,35.215608383081864,-70.16478427157436,44.26265171014066,Sp0723-1439
-0.5,None,42.60103033744648,-57.283430484924004,33.75229731783323,-71.61962594307127,42.65091610730116,Sp0723-1616
-0.5,None,25.719271263339095,-62.67073394016748,19.236512786376483,-79.39780509129655,25.762233371829286,Sp0723-3309
-0.5,None,-21.33443831852576,-39.112004645987085,-22.681119997931344,-40.501600441601354,-21.329228232534547,Sp0723-8015
-0.5,None,57.95101357659857,7.708895569560716,52.636390615441904,4.624182719804436,58.03017881192746,Sp0726+6302
-0.5,None,32.647397293357336,-60.09309763385069,26.01029305151385,-77.03409455539143,32.77230350500302,Sp0729-2608
-0.5,None,74.29850951457698,-32.79909552392224,59.03817991165627,-41.209862069966576,74.81271999890947,Sp0730+1553
-0.5,None,38.51487507847448,-57.012209982258305,31.685057172316228,-72.9145472506478,38.738020380138934,Sp0733-2010
-0.5,None,15.269600100959813,-59.87450524315197,10.865487504159153,-72.86151305783946,15.412759825815682,Sp0734-4330
-0.5,None,59.222092405270025,6.938405497938473,54.29649279820356,3.448819655886227,59.43717708387531,Sp0735+6137
-0.5,None,80.53142582244169,-25.89525936562122,63.9420924547439,-33.74749538344195,82.1485665231006,Sp0737+2313
-0.5,None,33.18956507351194,-58.125227863385646,27.49255192524775,-75.06809003011428,33.484112767023376,Sp0737-2526
-0.5,None,9.275676462476463,-57.33796953087473,5.792024135383157,-67.95108251454026,9.47070757881704,Sp0739-4926
-0.5,None,72.83556269186018,-32.195491524198786,60.323018386649565,-41.364450312657546,73.94724991999091,Sp0740+1502
-0.5,None,41.08347834253691,-54.31883291192538,34.875073529792736,-69.85309702504925,41.503639629614426,Sp0740-1724
-0.5,None,63.58946614141562,-39.26727856852201,54.136078119060656,-50.091320138085706,64.45007292631304,Sp0741+0531
-0.5,None,75.16218297783001,-29.936466349459923,62.065760774395486,-38.80224133966699,76.55567405231699,Sp0741+1738
-0.5,None,54.31194921161207,-46.232290244054596,46.44718752285964,-58.808908588008926,54.917362621406475,Sp0741-0359
-0.5,None,51.21221077187944,-48.10430623764559,43.97696551362426,-61.39902831999782,51.81269941410385,Sp0741-0706
-0.5,None,29.881753614737136,-57.72893566227793,25.21432900455335,-74.87163041679437,30.310234786349188,Sp0743-2836
-0.5,None,60.235742259881825,-40.449275727078195,52.74297680403951,-52.2370363495457,61.38743238408742,Sp0748+0228
-0.5,None,58.92584095833419,7.819929950478751,55.62819787333221,3.813448595053868,59.55460046292305,Sp0750+6131
-0.5,None,32.6923593885839,-55.2666591878034,28.72365069267415,-72.32159303455194,33.40210478838764,Sp0751-2530
-0.5,None,65.89621216109786,-34.78633772165721,58.617170023387814,-45.820509343001504,67.81191376612846,Sp0753+0854
-0.5,None,72.32898473842747,-29.304051020000138,63.619402340519585,-39.22616457049467,74.96608599122959,Sp0754+1603
-0.5,None,33.93431617357246,-53.895741561632484,30.41862710091384,-70.8681228105479,34.83572482858865,Sp0755-2404
-0.5,None,21.542872849169797,-55.92961888171693,18.991673973142856,-71.92557041711287,22.3242711204427,Sp0757-3635
-0.5,None,44.73488315916101,-48.21560382150119,40.92181740105658,-63.53591528855254,46.03845958757282,Sp0758-1252
-0.5,None,18.39487209842911,-55.81323209091984,16.066614532173592,-70.89065497207007,19.150281480797833,Sp0758-3945
-0.5,None,60.25938033889381,-37.80061537316538,55.15005174640951,-50.11228719177645,62.30610841275173,Sp0759+0323
-0.5,None,64.4558359071069,3.265815307434633,61.26365200134033,-1.8553910857792475,65.88900669995964,Sp0800+5511
-0.5,None,58.40103667537782,-38.01279796531933,54.51632563357591,-50.85999162829782,60.76423004664056,Sp0804+0151
-0.5,None,59.936854202647226,-36.87040506116069,55.910701673294284,-49.43003732756736,62.419604605766,Sp0804+0330
-0.5,None,58.07804303230368,9.017263107201464,56.272266991439785,4.645010776355452,59.187776619983026,Sp0804+6153
-0.5,None,70.1760733970587,-2.001163193652304,66.67242312080893,-8.2113916202996,72.87130700516053,Sp0805+4812
-0.5,None,48.38759044263001,-44.31078815394638,45.56994459085362,-59.13103327162016,50.32217638601798,Sp0805-0835
-0.5,None,25.771443438353987,-53.890321369930646,23.850778176091843,-70.74948340474107,26.935029543696363,Sp0805-3158
-0.5,None,28.944734182831244,-52.91474001940452,27.062029740926718,-70.0293378443315,30.250448615865373,Sp0806-2839
-0.5,None,78.40806891289218,-14.682532995146339,72.60201816503691,-23.077322146343807,88.86435346376365,Sp0807+3213
-0.5,None,26.665933361488648,-53.21322164245084,24.98311339041556,-70.17571042651718,27.9649365820738,Sp0807-3056
-0.5,None,78.28801804860944,-14.818635165443528,72.71835115718159,-23.280060631717404,89.13545816098234,Sp0808+3157
-0.5,None,20.334960169610117,-53.601305946149466,19.06809886796632,-69.45281557738845,21.572122136884357,Sp0809-3720
-0.5,None,59.194165569134114,-35.76764215407124,56.68962002169495,-48.69132780677055,62.30531851774153,Sp0810+0324
-0.5,None,68.66785739106737,-27.941223908419207,65.45819013325091,-39.10128814311503,73.2397316710984,Sp0810+1420
-0.5,None,16.47717000647332,-53.5317954314437,15.361120588595115,-68.26968633310356,17.642513626090544,Sp0810-4115
-0.5,None,72.14830353122879,-24.487805795884817,68.59246827423239,-34.962786798350585,77.81723450543804,Sp0811+1855
-0.5,None,24.047850290943533,-52.72607396213771,22.943675329193365,-69.3675047915831,25.49341492426426,Sp0811-3324
-0.5,None,32.40998306079731,-50.46641973006165,31.20280304297392,-67.57365503504778,34.15936587031482,Sp0812-2444
-0.5,None,5.369742273820766,-51.26614377345694,4.717128199333356,-61.98670569593082,6.370167088115254,Sp0813-5232
-0.5,None,21.34171035960307,-52.45608151536079,20.609418596889206,-68.61086349435024,22.857581202208312,Sp0814-3602
-0.5,None,47.46762310070668,-42.390422591050694,46.44600166779819,-57.6136707149285,50.1714046505114,Sp0815-0843
-0.5,None,73.60551252633141,-19.792725803302698,72.70908223007777,-29.992894997052275,82.46744672660085,Sp0818+2333
-0.5,None,69.33035351287751,-24.567742359724566,68.82389418205548,-35.7871383175251,75.88764021073563,Sp0819+1658
-0.5,None,50.743140965352595,-39.32599434318369,50.41043117824401,-54.05196645184836,54.069020925875506,Sp0819-0450
-0.5,None,50.39137497771577,-39.496129176264326,50.103816083701325,-54.28932169354729,53.710757252078494,Sp0819-0511
-0.5,None,70.31696204792667,-2.452380771232994,70.52921734246549,-9.692961115446932,75.55335378438502,Sp0821+4532
-0.5,None,63.79167281821779,-28.4770749617222,64.4753644470347,-40.88325804671765,69.47713529221645,Sp0823+1034
-0.5,None,73.07997739644911,-18.373942981226847,74.12053649534994,-28.681617120095027,83.36787349379149,Sp0823+2428
-0.5,None,57.557389046227215,10.026102383722911,57.826713336255935,5.018216049334067,59.66632995596565,Sp0823+6125
-0.5,None,71.12084326420967,-20.52954827317062,72.65101889299623,-31.385672991944414,80.16694519518943,Sp0825+2115
-0.5,None,25.877111876266014,-49.23849797867523,26.424230519527175,-66.16188492234063,28.228464447141747,Sp0826-3040
-0.5,None,69.88763078903607,-2.2276379075990342,71.57857024771437,-9.762481184503384,76.05732720361942,Sp0827+4502
-0.5,None,5.104435008541029,-49.303142772628654,5.500288872972882,-60.49618973030433,6.625264619647987,Sp0827-5216
-0.5,None,73.6053016777525,-14.404543188163544,76.654325733112,-24.29042698187033,87.73782115808136,Sp0828+2853
-0.5,None,42.216698132233034,-42.10765430821271,43.39512224644494,-58.3374223158792,45.74193753371614,Sp0828-1309
-0.5,None,40.395198775159095,-43.06941269278988,41.52813835627449,-59.53547215821203,43.782879490780836,Sp0828-1506
-0.5,None,66.30132055515745,-24.481123973381667,68.77575140359522,-36.47184240479851,73.82825861166413,Sp0829+1456
-0.5,None,72.71945576873415,-15.759969886117906,76.32642167321795,-26.02250344535812,85.64803072951153,Sp0829+2646
-0.5,None,51.70004280626856,-36.053897340010266,53.371954248293136,-50.79944300051314,56.2455814857027,Sp0829-0238
-0.5,None,62.155735922041,-27.815114556574162,64.69637333148994,-40.66369097609478,68.68509397881203,Sp0830+0947
-0.5,None,53.215136332426596,-34.80110083658193,55.11667368051198,-49.29512221167135,58.054196311615755,Sp0830-0050
-0.5,None,62.450086735282504,-27.127447602075208,65.42216718135352,-39.940053293004745,69.32909542059772,Sp0831+1025
-0.5,None,30.32253922080086,-46.66432883950564,31.646418023601775,-63.80642601208892,33.30966863672476,Sp0831-2535
-0.5,None,52.4456043153429,-34.838818746226295,54.69446673843163,-49.49672871834063,57.42323246978993,Sp0832-0128
-0.5,None,52.305621599107305,-34.814535375639984,54.63997363490549,-49.50350026756365,57.322428470741464,Sp0832-0134
-0.5,None,4.785475128939016,-48.253218324773236,5.717282060967904,-59.60104760763276,6.606385937308309,Sp0833-5217
-0.5,None,3.535567612016771,-48.03472549477551,4.415651985955715,-58.902662648602416,5.285355057141915,Sp0833-5336
-0.5,None,61.961990360784256,-26.46064850684116,65.90144764250691,-39.41709946651844,69.38024177595061,Sp0835+1029
-0.5,None,45.931545654687845,-38.074384798938475,48.531909187840476,-53.84029464092172,50.56932704669043,Sp0835-0819
-0.5,None,66.5532377995563,-20.106586303366605,73.1831436406752,-32.09711847458781,77.29132790108146,Sp0840+1824
-0.5,None,65.95669365556464,1.8740508253794934,70.37986258889325,-5.676115698234215,72.63019285091477,Sp0840+4827
-0.5,None,58.233342710505866,9.795646963855416,60.77188844096166,3.914352065196797,61.90940680821788,Sp0840+5911
-0.5,None,71.03854954555813,-7.168097486509558,78.80266095010506,-16.559643327251788,84.87182362350742,Sp0841+3611
-0.5,None,60.58784081551331,-25.026818013062318,66.75119434739509,-38.33920469429899,69.30867561946015,Sp0843+1024
-0.5,None,55.97495380033192,-28.724713112414573,61.41851067028919,-42.91901682971578,63.472405982035546,Sp0844+0434
-0.5,None,25.769619490571753,-45.13515654351066,28.539446241934915,-62.09306510305736,29.49029959122249,Sp0844-2924
-0.5,None,38.177508172044305,-39.24928051529014,42.27371547529004,-56.02628471555843,43.34461419811388,Sp0847-1532
-0.5,None,-0.3069230468984132,-45.22106798653375,1.5327063677448736,-55.238376468769324,1.9565724867576355,Sp0848-5656
-0.5,None,53.43720485998603,-29.15631293801872,59.697512214502474,-43.845147791925,61.22938351065417,Sp0849+0220
-0.5,None,69.17153849024614,-9.216863274582005,81.81020442753427,-19.718628545255036,89.6486138314906,Sp0850+3126
-0.5,None,48.58832504480173,-32.2854962972735,54.339981295973296,-47.774047905680504,55.58458071547833,Sp0850-0318
-0.5,None,42.28363868173408,23.25102218746702,43.46047150516628,20.426509828463022,43.64562745101635,Sp0851+7727
-0.5,None,67.57580617909217,-13.036307946442827,80.26898794931566,-24.45802419056598,84.56015804684128,Sp0852+2540
-0.5,None,47.970625544008,-31.684254986816544,54.366333279254874,-47.28713520750901,55.39232250887969,Sp0853-0329
-0.5,None,29.171776052095886,-41.63949439082843,33.46528480240043,-58.77052578235788,34.104215123910166,Sp0853-2446
-0.5,None,28.601743811164035,-41.38171758737921,33.10874610340682,-58.50105953588623,33.679670570346325,Sp0855-2512
-0.5,None,58.25729818770851,9.919092854340807,63.411551575896574,3.19432379350057,63.955503397363955,Sp0857+5708
-0.5,None,58.746766370772626,-21.157226831963037,69.47741829702193,-34.88979735423932,70.63768031065337,Sp0859+1145
-0.5,None,53.315489365714,14.561983205301296,57.08761084391682,8.942022047876351,57.40970246660036,Sp0859+6341
-0.5,None,64.37655976250824,-14.356600518242125,78.7118942664671,-26.665813623567953,80.71311444341474,Sp0900+2150
-0.5,None,-12.665546300733567,-40.28339170228058,-10.919843388100377,-46.183821897388206,-10.787651957661861,Sp0901-6940
-0.5,None,50.050933767390774,-27.60662133157841,58.77223607918942,-42.926168352253114,59.44442893297627,Sp0902+0033
-0.5,None,48.44992151175572,18.731395595312115,51.25980069587131,14.176499583275785,51.43973204572636,Sp0902+6939
-0.5,None,53.78464012580235,-24.287145547198836,63.84187365102121,-38.9801042628333,64.55942947711671,Sp0903+0540
-0.5,None,57.97615806982995,10.175991123260287,64.39891526956471,3.090927498620888,64.71725456641961,Sp0905+5623
-0.5,None,43.98396966530358,-30.568405178874585,52.28448138233741,-46.758074605704586,52.68787575880889,Sp0906-0611
-0.5,None,20.092478137856638,-41.612776061327445,25.12226284039373,-58.03410495616232,25.349549131304936,Sp0906-3332
-0.5,None,18.923572175572122,-41.89789435198451,23.838829504003307,-58.135887675365794,24.05965856447819,Sp0906-3449
-0.5,None,18.016025768776395,-42.060899395207095,22.865030062708154,-58.14399522286321,23.077851781362533,Sp0906-3548
-0.5,None,11.309924393051931,-43.03720692161131,15.56291936261186,-57.589235979933356,15.737990469469073,Sp0907-4308
-0.5,None,55.085723912995796,-21.5484490313165,66.96486411132832,-35.99703899268864,67.50018093843072,Sp0908+0836
-0.5,None,59.10943999196155,-17.412609299605958,73.19840538186784,-31.007657615454967,73.87488592027358,Sp0908+1459
-0.5,None,61.06698157684162,6.523218930720058,70.20671572783509,-1.650283388266415,70.57353259872731,Sp0908+5032
-0.5,None,61.420960503999666,-14.149670477317256,77.7594120174112,-27.123595838752276,78.5639721974164,Sp0909+1940
17.088469777054335,None,44.528664854407815,22.018327372359717,47.03328517154761,18.194875601218957,47.088469777054335,Sp0911+7401
-0.5,None,62.8193998251668,-10.50767710554926,82.39478985777077,-22.902578120983506,83.30350764824762,Sp0912+2425
-0.5,None,41.89676883460084,-29.842718826087108,51.137805924513884,-46.2797229463273,51.33148268035409,Sp0913-0733
-0.5,None,-9.140919685738618,-40.415482151689076,-6.41187252920124,-48.01555880927312,-6.3623732346344095,Sp0914-6514
-0.5,None,60.99230958940014,-11.711453290655795,80.11700645143428,-24.63013977160886,80.54440844027897,Sp0916+2139
17.530925852889375,None,38.22600008017882,-30.951315683187207,47.428937368670915,-47.73750600729265,47.530925852889375,Sp0916-1121
29.150284219966757,None,47.03309995564583,-24.17968875588454,59.067789134193276,-39.959074965926554,59.15028421996676,Sp0919+0016
30.815878470037887,None,53.89157103103765,14.2828443732163,60.78910924903399,7.48420883387208,60.81587847003789,Sp0921+6017
7.803021896471378,None,29.480447501402637,-34.4219758034647,37.765572563471146,-51.563955363176,37.80302189647138,Sp0921-2104
-0.5,None,-22.642233117825167,-35.239124721615944,-21.304341641130527,-38.05876389743927,-21.296359147550564,Sp0922-8010
52.53695349274149,None,60.33356341353443,-9.201537486687965,82.4356525937432,-22.069691836766065,82.53695349274149,Sp0923+2340
5.867897796165643,None,27.611366567555958,-34.80261265156512,35.84783938570607,-51.918185621309476,35.86789779616564,Sp0923-2300
1.4224476900013379,None,23.738439747636498,-36.322929174521526,31.40741734397444,-53.24650457959557,31.422447690001338,Sp0923-2727
-0.5,None,-11.095992506974858,-39.06058839381936,-8.052258020411418,-46.2371230928956,-8.04591086334524,Sp0924-6655
45.95784680777548,None,56.877795833386045,-12.935034027036425,75.93714282746295,-26.800300526279212,75.95784680777548,Sp0925+1704
58.996195635368565,None,61.5322173111778,-4.569939463223753,88.79454941409065,-16.58569334556157,88.99619563536857,Sp0925+3007
37.95368987819981,None,57.39969363739332,10.292370066949585,67.94697927631134,2.0417427917181548,67.95368987819981,Sp0926+5309
48.5961390012463,None,60.8483215486318,3.794166813182304,78.59924631716015,-6.360531630025326,78.5961390012463,Sp0928+4230
34.35064624529363,None,48.70708819363427,-18.787083215315697,64.34843372648,-34.25624555942788,64.35064624529363,Sp0931+0528
56.90092750292507,None,59.95112078962703,-5.014641365929125,86.89198216116752,-17.51783352898017,86.90092750292507,Sp0931+2802
54.470111146663456,None,60.92457798229744,0.4863937635461134,84.45623240042968,-10.714791291335878,84.47011114666346,Sp0931+3638
11.582230678900608,None,31.347517242293957,-30.6469535230275,41.58137532054815,-47.77057335883454,41.58223067890061,Sp0931-1717
12.829901171359758,None,32.02884778613647,-29.561719734449994,42.81772685774375,-46.666962915866186,42.82990117135976,Sp0933-1602
2.7128009553440506,None,23.26447731050876,-33.064121023167075,32.6869002388244,-50.004506810073664,32.71280095534405,Sp0936-2609
-4.897953852675396,None,16.83829435144183,-35.5504996296371,25.079945203511127,-51.771974637661344,25.102046147324604,Sp0936-3346
1.071525788098512,None,21.67635718184265,-33.291095229247304,31.029943545142896,-50.113890303421634,31.071525788098512,Sp0938-2748
58.60135986620237,None,58.58883555718111,-2.5666095145361743,87.39055449537061,-15.083258377311655,88.60135986620237,Sp0939+2943
51.27990740355757,None,59.22715847355278,3.689718557977421,81.0385354528857,-7.248312385065289,81.27990740355757,Sp0939+3950
57.81562858978012,None,58.76236102567772,-0.07839840098396234,86.67354131477842,-12.119811187053026,87.81562858978012,Sp0941+3315
52.718122131573125,None,56.17198777036482,-5.549884114299769,82.1210017435021,-19.018035511972123,82.71812213157312,Sp0942+2351
-0.5,None,1.7326240721448154,-37.66365193564864,8.027989247569844,-50.24001433959183,8.078923950609791,Sp0942-5047
26.37543978611688,None,40.93449026885063,-20.692213517138722,56.20275856382391,-37.15279148654558,56.37543978611688,Sp0943-0229
-0.5,None,12.068595194370774,-35.528349305460566,20.232450594634308,-50.965220916757374,20.30824597248667,Sp0943-3833
25.486809951991233,None,48.55104232467634,19.498413797157756,55.405296710627496,13.276971801912778,55.48680995199123,Sp0944+6537
-2.535483976047619,None,18.018989818392477,-33.398612498339524,27.368687742264303,-49.85887498763523,27.46451602395238,Sp0944-3124
31.278524949015925,None,43.644103462769365,-17.176398774036077,60.956231366731245,-33.28157614975694,61.278524949015925,Sp0947+0224
36.98393138630698,None,47.00682418043634,-13.634051426230895,66.51543232915242,-29.208759106061315,66.98393138630698,Sp0949+0806
-0.5,None,-9.442249899181405,-36.72184698983516,-4.524349921148043,-45.432482969500285,-4.426469570284802,Sp0951-6317
18.955018236940617,None,34.02353722520161,-22.684474906971115,48.58727924122668,-39.6754341104392,48.95501823694062,Sp0952-0955
9.699208210214692,None,26.23892409820155,-26.05763404720339,39.27107947558629,-43.179758874445035,39.69920821021469,Sp0956-1910
-0.5,None,11.019355742843883,-33.054118354056605,20.399881448697393,-48.481727768383614,20.676408438678113,Sp0956-3811
55.33341951275371,None,53.98732359947485,-1.4280020924192862,82.3097964199789,-14.937788547780235,85.33341951275371,Sp0957+2627
19.04370677299127,None,32.79269114957141,-20.94838558909998,48.38541370241647,-37.97868052046493,49.04370677299127,Sp1000-0949
54.816446839090915,None,52.65114497355891,-0.7224726019542441,81.01696442227701,-14.452620160745546,84.81644683909091,Sp1002+2556
27.300160108102595,None,47.96682220467699,20.20543966004037,56.87654458588492,13.230073646667567,57.300160108102595,Sp1002+6349
27.786047407872587,None,38.413013735702314,-15.797308079402777,56.78820586513586,-32.402317720804476,57.78604740787259,Sp1003-0105
15.564590948053414,None,29.48341370967562,-21.683655533239456,44.76279495435974,-38.810769711214206,45.564590948053414,Sp1004-1318
-4.718855213488279,None,13.738955255892355,-30.003573311994575,24.7497795701463,-46.059867923890344,25.28114478651172,Sp1004-3335
16.83244479675765,None,30.322309908122435,-20.944898588530993,45.980943183125106,-38.05306134592556,46.83244479675765,Sp1005-1202
11.974178199328435,None,26.501453621454036,-22.959628427198087,41.15612120538848,-40.095624662405065,41.974178199328435,Sp1006-1653
57.71510488358304,None,52.99795166380021,4.718800731203007,81.24486946785451,-8.106905145771341,87.71510488358304,Sp1009+3324
49.176533108320726,None,48.67475315981513,-2.239926684841017,75.58432185908987,-16.92593121311755,79.17653310832073,Sp1011+2019
48.37181605899853,None,53.05989298870625,10.229055908413404,75.69512667667738,-1.1308783107934266,78.37181605899853,Sp1011+4245
-1.9581249230881,None,14.96090132077629,-27.561633016393557,27.221792377506688,-43.888314700495734,28.0418750769119,Sp1012-3049
55.76072142394382,None,52.37083248364299,6.544397159302669,79.81987387975772,-6.0981663478242405,85.76072142394382,Sp1013+3520
-0.5,None,-22.811146596183686,-33.36986789233619,-20.027778282581146,-37.029442024028654,-19.847372990269125,Sp1013-7842
56.72473804019394,None,50.23492692118562,2.928298509135696,79.18480683320375,-10.894602444321391,86.72473804019394,Sp1016+2751
36.18863720693656,None,40.940823837988326,-8.295940152422009,63.66431685694871,-24.44911024814087,66.18863720693656,Sp1017+0719
-0.3011180221149772,None,15.301185588315029,-25.558146552383022,28.559301591812975,-42.00148845756827,29.698881977885023,Sp1018-2909
16.79663050910289,None,40.97859168202559,26.202450139098016,46.31837929865293,21.54936765079343,46.79663050910289,Sp1019+7419
1.7432724355662863,None,16.79927297067181,-24.664032873381952,30.5358511710855,-41.28634000224861,31.743272435566286,Sp1019-2707
40.21162929377785,None,50.20818200597659,16.02685395408345,67.95134142611187,5.912565479680638,70.21162929377785,Sp1021+5055
8.13172279820256,None,21.269117906966102,-21.517059311735103,36.64185679910995,-38.51520084220121,38.13172279820256,Sp1021-2044
30.88082523279229,None,36.83547148195568,-10.177449301858358,58.320981543016025,-26.789404200975202,60.88082523279229,Sp1022+0200
49.88833686872579,None,51.0107664665567,11.182099783071578,75.28991101232153,-0.7255915634233683,79.88833686872579,Sp1022+4114
326.9894880073539,None,48.00184884574949,19.803746238553426,61.19590853609165,11.22076076042652,62.69894880073539,Sp1022+5825
-0.5,None,-12.073577238976837,-32.59036929947257,-5.300634466561446,-41.45108047136651,-4.587909336940516,Sp1028-6327
45.30950381367295,None,43.20551204043369,-0.8825436118773875,69.92124738054261,-16.375818238721955,75.30950381367295,Sp1029+1626
338.8110375502175,None,36.59851537086297,-6.424875439177679,59.98090077086802,-22.953055605145035,63.881103755021755,Sp1032+0501
506.6451827837243,None,48.997718285422316,12.488233091281852,74.10610265590778,0.19315213363489409,80.66451827837243,Sp1032+4027
-0.5,None,3.6662827061145697,-27.58896934775262,15.304834238259977,-42.03956992915624,16.7145973507126,Sp1032-4208
419.2807044919492,None,40.748482929275845,-1.9141062932057535,66.68118630478304,-17.80885784079012,71.92807044919492,Sp1033+1303
539.8343758398394,None,45.385478177530295,4.977150663901642,74.23237683909359,-9.638366525880265,83.98343758398394,Sp1035+2507
-0.5,None,-1.3302335790368482,-28.812699698334672,9.218673021679392,-41.92986930707867,10.584022881779948,Sp1035-4816
-0.5,None,8.639535327861235,-24.15781333184227,22.281450956999663,-39.79776320874207,24.166305907701865,Sp1036-3441
-0.5,None,1.2556587100423366,-27.553167900062874,12.700413170426081,-41.471681540466335,14.237685664344147,Sp1036-4437
589.3366056855019,None,46.443777085148135,8.028121645907957,75.28827974978665,-5.961529836877472,88.9336605685502,Sp1037+3011
440.7942914618927,None,40.411577787889314,0.5709513468499556,67.33705660696383,-15.22783984911403,74.07942914618927,Sp1039+1512
275.10524006548576,None,31.323658365155687,-8.223389146326776,53.47407515093891,-25.163872382577377,57.51052400654858,Sp1039-0121
270.30528185615754,None,29.875221333506268,-7.217447795433511,52.39146292989528,-24.210756713453918,57.03052818561575,Sp1045-0149
27.390779807091405,None,13.613203452619748,-18.99737350905753,29.935504419733544,-35.50555034347107,32.73907798070914,Sp1045-2607
464.46805385189947,None,46.634089244091655,16.710521300934076,69.70125236699582,4.849442898339691,76.44680538518995,Sp1046+4441
128.27944501635073,None,20.356207753373504,-13.9986033609114,39.27660906179779,-31.05490697064192,42.82794450163507,Sp1046-1602
-0.5,None,-8.886897395731333,-29.272325740448593,0.3790884612460716,-40.08356276319197,1.8868939885369937,Sp1046-5658
149.1530837053226,None,38.471543022705845,28.490872847938558,43.944311012508564,24.107224358458108,44.91530837053226,Sp1047+7613
105.9530467616706,None,18.73337031030238,-14.945372892649267,37.148456515665366,-31.922084695781876,40.59530467616706,Sp1047-1815
300.55212077132876,None,31.038835981313877,-4.937979399698115,54.65242978340265,-21.832755139583725,60.05521207713288,Sp1048+0111
175.23280887241606,None,23.27412485523464,-11.433224752375287,43.49872811716837,-28.569679352086926,47.523280887241604,Sp1048-1120
94.33438029225876,None,17.799923569337228,-15.327423861031711,35.998264318480985,-32.24927063358786,39.433438029225876,Sp1048-1925
-0.5,None,3.2676827546165157,-24.0003315835472,16.6144082446145,-38.71433684385164,18.925368198881394,Sp1048-3956
-0.5,None,-6.1208980318002695,-28.060084099227822,4.211925911829045,-39.963808158115654,5.9558738960861834,Sp1048-5254
338.93840676286413,None,33.18025858144968,-2.8625994691795973,57.87289141327552,-19.565410871308995,63.893840676286416,Sp1049+0502
420.05136267372177,None,45.8057320010906,19.335178748677215,66.35190819438877,8.23127721812568,72.00513626737218,Sp1050+4907
-0.5,None,-0.8893564905702235,-25.44692986947629,11.383838180383393,-39.11622577279977,13.577785414720784,Sp1050-4517
349.15621925246995,None,44.84840460954755,22.349707255995067,61.07623700755822,12.727612794475965,64.915621925247,Sp1051+5613
-0.5,None,6.102642909771411,-20.86630187186522,21.13179969394992,-36.32615032951439,24.100979534367326,Sp1054-3445
370.0160822945991,None,33.47446691676329,0.18448228346139042,59.41115261863236,-16.396952835153336,67.0016082294599,Sp1055+0808
358.7381400592369,None,32.724401552072216,-0.2571536479641498,58.41308571477711,-16.915664409675376,65.87381400592369,Sp1056+0700
130.5617116219814,None,18.393096786533416,-11.396698350640735,38.36933269047461,-28.412385529052553,43.05617116219814,Sp1058-1548
76.40275654940382,None,14.596640375904698,-13.788317301172594,33.317450539724206,-30.539160756435336,37.64027565494038,Sp1059-2113
411.68757786353666,None,44.20599734669563,21.10208796024202,64.62419954131495,9.975249493274257,71.16875778635367,Sp1100+4957
259.888587093197,None,41.596222378642466,26.573343300966602,53.12183834783802,18.95832185946206,55.9888587093197,Sp1101+6508
488.51061951288796,None,37.33312302260413,7.982407239160525,65.95624015827426,-7.73920446940548,78.8510619512888,Sp1104+1959
-0.5,None,-15.474766358256847,-28.69368254180543,-7.175769529365464,-37.323008493222616,-5.342268974275751,Sp1104-6412
333.3155111442901,None,29.290605222972975,0.5187451689402178,54.909119411349494,-16.355851206740883,63.33155111442901,Sp1106+0428
381.4056349397097,None,43.076192973681614,23.157813993668373,61.91878572120311,12.552835093393105,68.14056349397097,Sp1106+5259
138.106197584982,None,16.38987182824496,-8.177255266529006,37.596422619488706,-25.156082457332204,43.8106197584982,Sp1112-1502
458.6377968113325,None,41.76442108888089,21.39125995353258,65.18049234138707,9.080579682579,75.86377968113325,Sp1114+4516
578.8609557704818,None,38.237332506065535,14.616335866930232,66.99430211716438,-0.2709093113293608,87.88609557704818,Sp1115+2902
43.66152480121755,None,9.729668367039016,-12.186643121681088,28.84119827467318,-28.5667786873005,34.366152480121755,Sp1115-2429
-0.5,None,-18.4483974865312,-28.353750918171595,-10.67278189902401,-35.92366336547907,-8.665952139547988,Sp1115-6731
95.04052996882919,None,12.82276835372224,-9.40711859795146,33.29124423616337,-26.14749129180386,39.50405299688292,Sp1116-1921
371.9517287633019,None,28.51413495433105,5.373746816394814,55.61298018676538,-11.417520998721718,67.19517287633019,Sp1119+0820
156.39787380659874,None,15.751057235912688,-5.2792278996276645,38.06132679049042,-22.277805582037296,45.639787380659875,Sp1121-1313
325.81391380153974,None,25.572303643418334,3.513440049349817,51.82114114181056,-13.487073289618133,62.581391380153974,Sp1122+0343
-0.5,None,-1.0838387095086672,-17.671527704051964,14.835751847948229,-32.12199423545835,19.590793847462113,Sp1122-3916
-0.5,None,-17.788574281551146,-27.197242490476924,-9.143171608455287,-35.35895444455241,-6.695005258173305,Sp1122-6533
529.9509933179008,None,38.859341106058196,20.25180951854994,65.44706830308763,6.512401325380799,82.99509933179009,Sp1124+3808
-0.5,None,-3.293186988784708,-18.60370810846776,11.995858568134468,-32.513816407521,16.6372783318478,Sp1124-4213
17.440807236552445,None,6.126220161695891,-11.267546643343927,25.373600609846893,-27.288855461737313,31.744080723655244,Sp1126-2706
2736.1567412007253,None,39.17105166414276,28.915852390050713,52.43991408238362,20.62438695124653,57.361567412007254,Sp1127+6346
305.5046905444285,None,23.214192124648246,3.748093724197632,49.30923682207866,-13.332612948349814,60.55046905444285,Sp1128+0141
1160.043601896409,None,12.075249758826434,-6.05051547782831,33.82389555668274,-22.82896374101918,41.60043601896409,Sp1128-1715
-0.5,None,-13.906756361195008,-23.99889237971751,-2.659003701138104,-34.28528490482476,0.8632347293009202,Sp1130-5759
-0.5,None,-18.061619382942165,-26.090920604526683,-8.823203931022263,-34.4508267256546,-5.9103188211708355,Sp1131-6446
3951.5224833557922,None,26.789346109296908,9.429023747104067,54.72362146149432,-7.350903110598569,69.51522483355792,Sp1133+1039
2923.994633989822,None,21.07443058560435,4.5278973855126825,47.20646124204343,-12.592891935182271,59.23994633989822,Sp1134+0022
2645.340445718493,None,19.61031955142755,2.993493329406842,45.143154070366066,-14.147224783584518,56.45340445718493,Sp1134-0224
2093.4683949581404,None,16.00315141762413,0.5862743475698081,40.44840904000617,-16.49979621793098,50.934683949581405,Sp1136-0755
1430.8603039219427,None,11.768889665473603,-2.5378728584167627,34.7988470498852,-19.385304997289595,44.30860303921943,Sp1138-1432
2568.9755620999704,None,18.106355739569413,3.707052597810005,43.72817993877445,-13.432147295588814,55.689755620999705,Sp1139-0310
631.9779276563409,None,6.293063415495911,-6.000517666786526,27.64061640743032,-22.283283640072653,36.31977927656341,Sp1141-2232
3307.4152153793257,None,21.261174843895276,8.420150740452383,48.46389675059906,-8.657945732606242,63.07415215379326,Sp1143+0413
3040.7440404506383,None,37.50643810798971,30.236443277943923,53.02236897160002,20.946498089195998,60.40744040450638,Sp1144+6043
5661.259798700499,None,33.64745964097727,22.889836973226682,61.151669022636234,8.235943589169535,86.61259798700499,Sp1146+3431
311.0680109310216,None,3.0526782978069935,-6.272598317452903,24.054962085981035,-22.172833138742856,33.110680109310216,Sp1148-2544
-0.5,None,-5.764244898055197,-13.478700603641164,11.578552230719145,-27.405275853923076,18.642877777878653,Sp1149-4012
1.889117438962984,None,0.894033509166896,-7.559754832681704,21.235777423126486,-23.100373940496343,30.01889117438963,Sp1150-2850
-28.04212999901509,None,-0.6920153240217037,-9.130567491768645,18.904305780758346,-24.332959818304058,27.19578700009849,Sp1150-3139
5349.371913488044,None,28.876691494076734,20.09727217744634,57.762413568467416,4.15558004285772,83.49371913488044,Sp1152+2438
1692.536353738702,None,35.23965830949064,32.31180153145164,43.32531789117004,26.92967176549824,46.92536353738702,Sp1152+7412
3585.5270485908236,None,20.564447693877003,11.978581431148326,48.48639491563886,-5.068843493934056,65.85527048590824,Sp1153+0659
3045.2971406760958,None,17.602297443787602,9.36056577144655,44.7162904852563,-7.776242150203781,60.45297140676096,Sp1154+0135
3484.8098156929877,None,19.622030056313513,11.904751840942975,47.454889383824366,-5.174381281808777,64.84809815692988,Sp1155+0559
643.6611468224221,None,3.7752251958734866,-3.19174757203041,25.970050156978306,-19.32879346733935,36.43661146822422,Sp1155-2224
-0.5,None,-5.06003732803882,-11.114885998432918,13.355041898683147,-25.405168562652236,21.394617160251745,Sp1155-3727
-0.5,None,-11.857619848890236,-16.385718619090262,3.51388503331466,-28.567428440885983,10.11281904811493,Sp1157-4844
4277.054312951363,None,22.9894096491529,16.362805279746283,51.732329007272696,-0.440127692171359,72.77054312951363,Sp1158+1354
5125.640031366534,None,32.76217606910174,27.11934423088133,58.602090326270144,13.109553907635538,81.25640031366534,Sp1158+3953
309.7307264668501,None,1.3849329524625824,-4.535214675696315,22.91050865949132,-20.317674379301817,33.0973072646685,Sp1158-2545
2981.4458627374415,None,16.187332417864233,10.111077218068973,43.36017615336932,-7.029843951693661,59.814458627374414,Sp1159+0057
-0.5,None,-14.30906145430084,-18.07273661615714,-0.07517014001227226,-29.339141668646732,6.069698852991363,Sp1159-5247
4966.450782605253,None,25.65226446564574,20.027144206695745,54.63673601142838,3.6558411627825254,79.66450782605253,Sp1200+2048
5826.030372878158,None,30.147650418593695,25.11239943713107,57.89138102238215,10.001977741454247,88.26030372878158,Sp1201+3248
5034.527275641999,None,32.44293332357026,27.947843962034092,57.95676999038596,14.046698863104428,80.34527275641999,Sp1201+4046
1662.1991775949054,None,8.491604984324182,3.509507848570712,33.270254522450855,-13.285832169922733,46.621991775949056,Sp1201-1213
-69.29022165100918,None,-1.513631551670964,-5.847691500526877,19.296692451711287,-21.14685587215776,29.30709778348991,Sp1201-2932
4905.279514798041,None,32.54232047994415,28.574337082966082,57.57937623875567,14.883475270178849,79.05279514798042,Sp1202+4204
2236.9293383237186,None,11.557795217749288,6.764122433152186,37.51543824162996,-10.260292795646295,52.369293383237185,Sp1202-0629
2912.1026126900615,None,14.902427289937016,10.671055923683952,42.09992303624527,-6.466615654168425,59.12102612690062,Sp1203+0015
5892.30260099467,None,29.277013384772022,25.551029040666418,57.103620496440215,10.31687830277573,88.9230260099467,Sp1204+3212
883.0015370324063,None,-1.2965353137119848,-4.289058691445912,20.11278548433599,-19.720397357460797,30.883001537032406,Sp1205-2758
-0.5,None,-8.090070103494718,-10.374523388226253,10.354819774639182,-24.139503476466487,19.23281326491124,Sp1206-3937
-0.5,None,-8.389774560311343,-10.79587570103518,9.849411877561954,-24.45628215969397,18.571535695288684,Sp1206-4017
1577.7751449220077,None,34.09230522080867,33.25997773404301,41.8188740112747,28.208222278581495,45.77775144922008,Sp1207+7521
1484.5688336610906,None,33.96889120329322,33.1906992423881,41.179196016791344,28.447747056706294,44.845688336610905,Sp1207+7617
3455.6996106701404,None,16.589798229461387,14.64037138188393,44.69469497660441,-2.4790026506102163,64.5569961067014,Sp1209+0542
3987.0195305396746,None,19.03277049746394,17.511103839804196,47.689685454442206,0.5114441340995298,69.87019530539675,Sp1210+1100
3296.026544836214,None,15.314546170001094,14.274648707521676,43.267557111967385,-2.862306068123788,62.96026544836214,Sp1211+0406
1577.7944593823527,None,5.970855958914063,5.112326968346029,31.033521422488835,-11.551656806639992,45.77794459382353,Sp1211-1304
5211.0833548266955,None,29.77059082523201,29.561182087770266,55.7789606626345,15.200814308762926,82.11083354826695,Sp1213+3900
2430.8758847743434,None,10.40412730054323,10.036318963859177,37.10751614592509,-6.99710148818233,54.308758847743434,Sp1213-0432
2970.4181154986186,None,12.681767191195485,13.513446295317237,40.30681500758426,-3.614956607417774,59.70418115498619,Sp1215+0050
3398.289160018361,None,33.21774849200599,33.82201585816159,51.30351623232684,23.279689737239313,63.98289160018361,Sp1216+5709
2945.0268718096913,None,12.208089710022909,13.718211348776444,39.83907197114849,-3.4048255390342366,59.450268718096915,Sp1217+0035
23013.83010614283,None,8.46030868183569,10.573976276194472,35.14640051949099,-6.387031317361344,53.01383010614283,Sp1218-0550
57795.775395512406,None,26.560525175385152,29.00481472116577,53.99700747194262,13.704575237469587,87.79577539551241,Sp1220+3315
31811.308604966187,None,12.594332437289296,15.804470821332956,40.62442262105986,-1.3330724438043366,61.811308604966186,Sp1221+0257
37809.337769202895,None,15.73172642941509,18.781741403106622,44.35702562922413,1.6870374202325664,67.8093377692029,Sp1221+0857
-0.5,None,-13.72751722178391,-11.386079217694078,3.7032205257914845,-23.783549601072416,13.046984003011868,Sp1221-4548
19879.16965689317,None,5.747650908350407,9.84987027791092,32.06351137646016,-6.939600018377929,49.87916965689317,Sp1223-0858
8954.84256903611,None,-4.623405910757465,-0.9562953235182211,17.717742988409448,-16.111366943755797,30.89548425690361,Sp1223-2757
16213.03810016633,None,3.552976958287978,7.9957957309169485,29.238217137967766,-8.57148784346046,46.21303810016633,Sp1224-1238
14807.6294493655,None,2.5999237299290217,7.387149515958877,28.05366993373783,-9.075150576725163,44.8076294493655,Sp1225-1402
4592.265438544395,None,-3.4651855911173666,2.001050417070926,19.9508441512641,-13.508634379069925,34.592265438544395,Sp1228-2415
36735.4309748026,None,13.330196453831995,20.102795475401,41.97843321490958,2.974107923805032,66.7354309748026,Sp1229+0752
18989.358242978247,None,3.517747049857352,11.072504187825151,29.971194024060598,-5.595365510984558,48.98935824297825,Sp1232-0951
-0.5,None,-25.270912548253506,-22.27090402556403,-15.529411964219781,-28.95579197408042,-10.073941185647522,Sp1232-6856
-0.5,None,-17.569739491227676,-12.343371361243015,-1.0346114704475606,-23.63416859936208,8.523934108912968,Sp1233-5020
49980.097842145115,None,18.15706560402568,27.828426932975614,46.989943021473444,11.150448539178376,79.98009784214511,Sp1237+2107
35877.43867689807,None,29.70837428997083,36.89661057680282,48.91556219645673,25.678519531489695,65.87743867689807,Sp1239+5515
-0.5,None,-27.21865388461218,-23.768024085293312,-19.060991080891895,-29.18036256094542,-14.216534792373372,Sp1239-7304
-302.3068879397041,None,-9.99832816232586,-0.1253144705077232,12.21459385848977,-14.451775345944696,26.97693112060296,Sp1241-3152
50684.8186886135,None,24.187655304789043,36.13210841286829,49.38927281367399,21.61513420075015,80.6848186886135,Sp1246+4027
-279.73254756050426,None,-10.724761493430607,0.7825050553690517,11.744249068440666,-13.487667710165216,27.202674524394958,Sp1246-3139
52176.13319921682,None,23.48872924706797,35.957000202244636,49.1283098756579,21.178962596384483,82.17613319921682,Sp1247+3857
38209.60441759006,None,27.68403580102146,38.280458725033064,48.000536024131776,26.395324910327364,68.20960441759006,Sp1249+5255
2558.8395897489063,None,-8.591947608431868,4.6011711059159754,15.271551911274111,-10.315054002749543,32.55883958974891,Sp1249-2617
27031.098487620304,None,3.9941922036781587,19.26255164238693,32.057976594049926,2.335831456810294,57.031098487620305,Sp1250-0149
44794.260554243236,None,25.393512279974896,38.022178792040336,48.48865042395317,24.592250850906325,74.79426055424324,Sp1251+4620
54335.55284186269,None,16.980423612539497,32.800006711289946,45.28612302802598,16.31718296500419,84.3355528418627,Sp1252+2528
-296.36084330510107,None,-11.887305418108088,1.6545992726497205,10.788272966695311,-12.476439658272433,27.03639156694899,Sp1252-3149
50571.70635015245,None,23.092568274400985,37.35058185638559,48.17573415412099,22.787025603947985,80.57170635015245,Sp1253+4034
-0.5,None,-23.141229358781157,-13.872929385469659,-8.1684425942578,-23.307546491309854,1.7057163466567105,Sp1253-5709
27479.23857085644,None,3.201477961307429,20.50213332264111,31.401140915783138,3.5887391010235197,57.47923857085644,Sp1254-0122
15900.845503627017,None,-3.0533069865002997,13.983431782028537,23.635875719720662,-2.1934278573496253,45.90084550362702,Sp1256-1257
-0.5,None,-15.827761392792342,-1.7416708310829523,5.325781274122755,-14.778288167485563,20.485932267588087,Sp1256-3822
-0.5,None,-18.52733285194076,-4.750897297682623,1.2033203466181337,-16.841597665102277,15.256030194309519,Sp1259-4336
48067.96077176473,None,12.345382322000303,32.056283267937914,41.13027135457938,15.116886322963703,78.06796077176473,Sp1300+1912
136854.88289479807,None,-5.415930413481441,13.761152565566473,21.084469890305648,-2.1357902899365797,43.68548828947981,Sp1301-1510
75.31635828722209,None,31.090242982848153,33.82149656388346,34.73710509902947,31.625623698966635,37.53163582872221,Sp1304+8336
49639.6482047153,None,12.07911774058682,33.774114724495114,40.711847460628476,16.882109527463772,79.6396482047153,Sp1305+2046
52794.96102163873,None,19.895967263300555,39.37639090975885,45.44101514796983,24.31025818041109,82.79496102163873,Sp1306+3820
-0.5,None,-25.088081806548526,-12.50095728162961,-9.738957297057448,-21.60590227254221,1.4148781051068258,Sp1307-5726
36284.01749325083,None,4.842478714828729,28.110691235189936,33.77458518365993,11.000299472676215,66.28401749325083,Sp1308+0725
38476.19756509354,None,24.837832161674104,41.17550355814193,45.17432514839799,29.113849013785746,68.47619756509354,Sp1308+5239
5351.18382948366,None,-11.111902769053515,9.85372940059778,14.091132058438099,-5.018795969804046,35.35118382948366,Sp1309-2330
-0.5,None,-24.435960642687444,-10.479956083594685,-7.9730351836819215,-20.159739909716986,4.2176356511273445,Sp1309-5438
546471.3557791365,None,18.138149007364284,40.040755776916036,44.087948644200814,24.636164826665272,84.64713557791366,Sp1311+3629
47668.98383016358,None,21.040438836808267,41.1993097952136,44.92647291076797,27.009709031769347,77.66898383016358,Sp1311+4328
463796.426280184,None,9.113803857833922,33.80871718061539,37.91369698666441,16.754528217711783,76.3796426280184,Sp1312+1731
-0.5,None,-25.813320921247634,-12.25947596272058,-10.463131280734826,-21.187798603055928,1.0310473977042462,Sp1312-5750
585088.3817938172,None,15.711153736751555,39.8111240133146,42.51750120543493,23.83809358667799,88.50883817938171,Sp1315+3232
20314.540801315317,None,-13.924893069132253,8.731768668575313,10.795982620077906,-5.591695789007356,32.03145408013153,Sp1315-2649
42576.61150693896,None,22.092303903416823,42.5492945527697,44.04409608270976,29.42892862870728,72.57661150693896,Sp1317+4833
1776.5090290738513,None,29.27404225506237,38.325431759227655,38.87298076667943,32.67742816862174,47.76509029073851,Sp1318+7322
497399.2965811456,None,9.225907065805037,36.86618500879804,37.70373417221747,19.903704714858083,79.73992965811456,Sp1319+2053
330064.86312813975,None,0.5283175721906843,28.943387357441438,29.415385436702177,11.973294966609247,63.006486312813976,Sp1320+0409
388171.02552912926,None,3.535317775929179,32.01481732225101,32.52174359606799,14.893600011111676,68.81710255291293,Sp1320+0957
484859.9130618079,None,19.229637643847624,42.71058014161774,43.25367578805475,28.28916238783077,78.4859913061808,Sp1320+4238
-0.5,None,-20.300854765266433,1.0772744033053063,1.5058505748541124,-11.280117656533866,19.5874392718901,Sp1320-3916
214512.762279779,None,-5.583286444742253,22.326608509130544,22.46451767780853,6.053330412726807,51.4512762279779,Sp1321-0724
591073.5649258376,None,13.027304669561726,40.9362446015944,40.143640861795184,24.63232671133102,89.10735649258376,Sp1323+3014
341476.10030295636,None,0.1663288866080889,30.491426788231983,29.10999999199276,13.504909954561375,64.14761003029564,Sp1325+0517
13695.73183061366,None,-16.365651957420944,10.067152738646072,8.575821902227734,-3.92007661227612,31.369573183061366,Sp1326-2729
-0.5,None,-20.151597035014813,4.034215741855058,2.6991247844092032,-8.665280302374057,22.62115498439502,Sp1326-3614
306880.0868034854,None,-2.1220289189054387,29.038022452938304,26.713753835240475,12.221814327569131,60.68800868034854,Sp1327+0149
-0.5,None,-22.825382375210076,0.5524811149448823,-1.4299466538360686,-11.161103454082031,17.080590851255955,Sp1329-4147
488366.00012347306,None,6.608396728943912,38.771692054913885,35.05150844260854,21.72778828002217,78.8366000123473,Sp1330+1958
556879.7758685637,None,14.310700374152484,43.5063594342028,40.191627815630035,27.788973919152795,85.68797758685636,Sp1330+3526
239774.09023105723,None,-6.122803623653075,25.55304615153451,22.304489641103213,9.200158090757142,53.97740902310572,Sp1330-0453
569818.3538984102,None,13.4604746098783,43.48653942904084,39.6280538961665,27.578698614648317,86.98183538984102,Sp1331+3407
275825.7224253197,None,-4.648936094255542,28.09252523603095,24.059892818860785,11.503021433676299,57.582572242531974,Sp1331-0116
-0.5,None,-29.828831806696233,-15.437672505803306,-17.053031685756082,-22.30532311180061,-6.349624289421177,Sp1331-6513
342806.7566060504,None,-1.3984191664857633,32.16848520783052,27.57177022048196,15.22362980321226,64.28067566060504,Sp1332+0525
445608.3384655769,None,4.05206297387685,37.29128271904196,32.8046822693233,20.156915398973965,74.56083384655768,Sp1332+1542
241747.9530590498,None,-6.526293269191232,26.142586890744198,21.94985699560884,9.80641382408167,54.17479530590498,Sp1332-0441
265965.4988114311,None,-5.5728155526343865,27.887638390563243,23.094390924204376,11.388784485021999,56.59654988114311,Sp1333-0216
-0.5,None,-29.7169863807455,-13.667875841548659,-15.880871595027026,-21.013844859164266,-4.090092300672752,Sp1334-6257
534087.3803912175,None,14.263418834128462,45.160171099285,39.441717273496934,29.73849376761021,83.40873803912176,Sp1336+3743
432735.237488464,None,18.86701124908412,45.77462994559979,40.80601650214407,32.39965430907044,73.2735237488464,Sp1336+4751
414874.744688704,None,19.536160009844377,45.79661274780266,40.78544921358002,32.86210120350212,71.4874744688704,Sp1337+4938
494458.8028441225,None,15.827374968282463,45.93321848155434,39.836882771494935,31.201574642298905,79.44588028441225,Sp1338+4140
10215.849409306542,None,-14.780003990515725,18.191751146514736,12.162463194598855,3.3642262048559775,40.21584940930654,Sp1338-1838
10947.096523579774,None,-14.590045041998826,18.8207304822572,12.48322336566786,3.9235897611505286,40.94709652357977,Sp1339-1755
359525.5721618069,None,21.26245599972135,45.756934328811454,40.156182891724185,34.33675848329497,65.9525572161807,Sp1341+5510
-979.0858272519749,None,-20.84742200521378,11.155291104465292,4.131220463950107,-2.05598808815233,29.020914172748025,Sp1343-2950
380171.5760716283,None,19.739863015911435,46.81927074912539,39.451110036586535,34.81042593407926,68.01715760716283,Sp1346+5306
124574.399386861,None,-15.248581359170505,20.994922309620115,12.192472952178477,6.069582628727004,42.4574399386861,Sp1346-1624
-29.532433022303266,None,-22.230547740440716,10.158444400252854,2.3889240421909728,-2.6810070716564067,27.046756697769673,Sp1346-3149
327679.3809211652,None,-5.568787591928767,34.566530837478,23.412496807265036,17.829856540326855,62.76793809211652,Sp1348+0353
257941.64947574757,None,-9.042284964176801,30.19165336876538,19.713843645703452,13.951422292609386,55.79416494757476,Sp1348-0304
-0.5,None,-26.428506812222963,2.558137043985805,-4.5996620804757615,-8.525181537535223,16.409666118947655,Sp1348-4227
-0.5,None,-29.80641735609318,-6.216193277188743,-12.074820588774614,-15.079369833013086,4.483756099464525,Sp1348-5423
556839.3282107435,None,6.268293024208764,45.51522528776922,33.5113641574258,28.72506411073061,85.68393282107435,Sp1350+2650
-0.5,None,-29.3478688820731,-3.117155045235891,-10.123691186674842,-12.637728233927062,8.256404135922798,Sp1351-5036
403819.04329056735,None,17.578017281046606,48.402760608156825,38.11175176456757,35.74249478094591,70.38190432905674,Sp1354+5044
106534.83914468432,None,-18.23692480314467,21.457908372945226,9.170181991302885,6.999909197932819,40.65348391446843,Sp1356-1812
142195.50875902257,None,-16.78708517745377,24.167121481574426,11.10219440528598,9.299053515643424,44.21955087590226,Sp1357-1438
72912.76152207082,None,-20.111303559190656,19.306597313284367,6.825330194904088,5.3276182224458655,37.29127615220708,Sp1357-2134
-0.5,None,-27.8659712255016,5.3910957673185615,-5.132872894054157,-5.6794427584664655,18.291903430532326,Sp1359-4034
-0.5,None,-31.680291200238788,-6.9062720950063685,-14.575641894938649,-15.072759642768967,2.2666379332579303,Sp1359-5636
434618.1156775181,None,15.266785194518935,49.74350818888879,36.841209779327045,36.26947882765656,73.46181156775181,Sp1400+4739
489393.09349624,None,12.309868818497996,50.27087601287818,35.68063194932425,35.52103773190079,78.939309349624,Sp1401+4211
223692.07819014022,None,-13.823647454700174,30.64572481767877,14.865028715784124,14.978906102078232,52.36920781901402,Sp1402-0630
588131.9857988093,None,5.6296242955743105,49.14378769432556,32.01066798520186,32.54801141615409,88.81319857988093,Sp1403+3007
365382.5552463519,None,-6.7987684908805734,39.86618205885629,22.11002488738597,23.05371939998591,66.53825552463519,Sp1404+0740
-0.5,None,29.481466046966837,35.11677956835229,33.12820318944596,33.21444485466453,37.285921911829064,Sp1405+8350
596003.2447600442,None,5.897913120475271,50.02252961257415,31.93240962570189,33.551251433841884,89.60032447600442,Sp1406+3131
-0.5,None,-33.511292874086905,-16.539461862534722,-22.43709330769024,-21.708495633062594,-11.076690595106564,Sp1406-6957
-0.5,None,-30.370238052058447,3.1799436468557243,-8.652125680534139,-6.9824984338507265,14.273542430018754,Sp1407-4436
-0.5,None,-32.39751470157101,-3.378133213407016,-13.684204853085676,-11.979590736715062,5.748653213792398,Sp1408-5307
269830.9524979925,None,-13.075006126142414,35.1242243251507,15.8647787176946,19.14242091195465,56.98309524979925,Sp1409-0153
-0.5,None,-27.369802982807233,11.63914966081538,-2.617268163662936,-0.21301346799841084,24.907337645139293,Sp1409-3357
472184.96728043986,None,11.808255439185684,51.85281535093079,34.4344176383215,37.451649793225975,77.21849672804399,Sp1410+4354
-0.5,None,-32.11341098396877,-0.7662031268514,-12.185182404308714,-9.883869504727326,8.844170072030147,Sp1410-5001
515118.54748669505,None,9.40772190405175,52.05337895088687,33.31374645515697,36.74967221790931,81.5118547486695,Sp1411+3936
454285.03629493364,None,-3.6004703129996645,46.2048229155317,24.636506302211455,29.089270951318177,75.42850362949336,Sp1412+1633
527779.7412448595,None,0.5191437889355978,49.21896012009943,27.816984666228826,32.16527167584336,82.77797412448595,Sp1412+2354
282879.26651148987,None,-12.909288887595213,36.42994843568453,16.062706116225222,20.36751485724757,58.287926651148986,Sp1412-0035
239107.24162028942,None,-15.56931895161818,33.8518352615717,13.29243918659312,18.27161658373509,53.91072416202894,Sp1413-0457
444989.58949205314,None,12.555197922564984,52.38874457862655,34.17100185636381,38.64556853769509,74.49895894920532,Sp1415+4636
426772.96912329993,None,-5.934260545699878,45.7046060273978,22.50513465944395,28.681307029231156,72.67729691233,Sp1416+1348
-0.5,None,-29.75668260542524,11.533950867066842,-5.165022695296843,0.24754122343974905,23.244511658177693,Sp1418-3538
473203.9716530244,None,-4.317940078456939,49.009080186498934,23.562320933510495,31.881074089960972,77.32039716530244,Sp1421+1827
125679.72953947255,None,-22.683738407311488,26.945949648895994,5.4237872192900785,12.943537736068162,42.567972953947255,Sp1421-1618
-72.06490162670462,None,-28.257163345592662,16.697541033721794,-2.2129978886965773,4.585181817699921,29.279350983732954,Sp1421-2935
373405.1826718799,None,-10.252113697287259,44.13198099312099,18.494275057051304,27.462947055475677,67.34051826718799,Sp1422+0827
393450.75304659986,None,14.256370008853494,52.512284078439336,33.82110867990113,40.242984980081275,69.34507530465999,Sp1423+5146
207635.34734018194,None,-19.135583003130932,33.27882346923046,9.647282310071475,18.282847568896358,50.763534734018194,Sp1423-0806
-0.5,None,-30.755326016417325,12.559993233585043,-5.917042611989276,1.4078316022395045,23.638819403169624,Sp1424-3514
16754.331841744133,None,25.185680232110776,41.85932116320068,34.13791208273007,37.0975853807114,46.75433184174413,Sp1425+7422
-0.5,None,-31.466392545410102,11.40953578525387,-7.005948841886468,0.5473670392488461,22.041272728212466,Sp1425-3650
428068.2747483449,None,-8.194948853490587,48.20017685353644,20.07486498841601,31.241541744101138,72.80682747483449,Sp1428+1356
579010.9124420673,None,2.884943424442162,55.02175654112219,28.002041594489008,38.60895464971206,87.90109124420673,Sp1428+3310
317249.1390153852,None,17.654936679390445,50.39443798084178,33.96629264073892,40.63319510132926,61.72491390153852,Sp1428+5923
221350.70907762263,None,-19.58228437968552,35.18403467938552,9.297996555337654,20.16205926696177,52.13507090776226,Sp1428-0644
442777.62912880175,None,10.650927701445292,54.74271246257199,31.842459726572788,41.08503180588258,74.27776291288018,Sp1429+4650
313968.6745939928,None,17.60362322493703,50.477884947882586,33.730276837193706,40.85602621749173,61.39686745939928,Sp1430+5943
-236.06966582167246,None,-30.75348299580808,16.60677041831075,-4.8304196838714635,5.071322922722119,27.639303341783275,Sp1430-3114
83911.91570132968,None,-26.72996969376243,25.288127517030233,1.0496941127629502,12.19660894375827,38.39119157013297,Sp1431-2029
533925.6065510105,None,-2.98827336800708,53.88392875688668,23.76267336643684,36.790545704718284,83.39256065510105,Sp1433+2432
5283.215421067517,None,-28.73384787049053,23.297774351682012,-1.329952320528255,10.771970759045617,35.28321542106752,Sp1434-2335
5332.186768781874,None,-28.75864876863764,23.365723201175484,-1.3434031373704096,10.840442729291855,35.332186768781874,Sp1435-2333
578874.2220607897,None,-0.8651999945729423,55.80866622590464,24.96876534884717,38.93693443668055,87.88742220607897,Sp1436+2900
-0.5,None,-36.83354314047636,-4.445333391424755,-19.31859460260165,-11.48381951938777,1.5271259501950747,Sp1436-5721
269745.7766277567,None,19.204952592187134,48.9400038791352,33.187977503182054,40.94100184724118,56.97457766277567,Sp1438+6408
475323.9951049203,None,-7.56970360565609,52.79905508440923,19.959039473426756,35.708680301392,77.53239951049203,Sp1439+1839
483530.46297684114,None,-7.166631715209663,53.268207377818925,20.237307522642347,36.15813357275795,78.35304629768412,Sp1439+1929
321659.06760171877,None,-17.37768600247433,44.852372015404576,11.464851815679872,29.01227839912721,62.16590676017188,Sp1443+0316
588765.0144364504,None,-1.6491677434154857,57.75664175185982,23.75215602111686,40.9300143499696,88.87650144364504,Sp1444+3002
85618.66612601996,None,-29.361749504319615,27.22456889500298,-1.3519435609171693,14.567058548988374,38.561866612601996,Sp1444-2019
263146.1764638358,None,18.86432188144966,49.22620621713563,32.409853019240124,41.58475745580118,56.31461764638358,Sp1445+6447
292930.8269693803,None,-19.497419695962417,43.342789144009984,9.431491594663097,27.90364130138051,59.29308269693803,Sp1446+0024
-0.5,None,-36.21465838643606,11.179257493894067,-12.092825658079166,1.5413398167198105,19.011317064306063,Sp1446-3952
375297.1105773075,None,12.23580751647745,55.31277096796091,30.518450368556444,43.861042275420445,67.52971105773075,Sp1447+5335
-30815.09660479501,None,-34.30295824631202,17.980900995409762,-8.170838199842793,7.168544981964788,26.9184903395205,Sp1447-3158
517585.3230940095,None,3.0396247489287895,59.708802812079725,25.93856474847819,44.23884990867817,81.75853230940095,Sp1450+3920
399050.5788355216,None,10.451613101080028,56.699027750485484,29.545972089372984,44.504014282542066,69.90505788355216,Sp1450+5112
-0.5,None,-36.59882916505452,13.657795940244315,-11.726245797402507,3.843739260988344,21.33808205356589,Sp1451-3732
432287.46919114783,None,-12.924867075789342,53.61504514991166,14.875544166472132,36.85640500847919,73.22874691911478,Sp1453+1420
535537.7213298236,None,1.480375584589873,60.370862255174714,24.78274127316004,44.53433218151617,83.55377213298236,Sp1453+3733
-0.5,None,-38.3012811750026,-10.799516314167873,-24.812841668822834,-15.809003167157128,-7.186854346598734,Sp1454-6604
552095.3645665328,None,-5.814976783333483,59.138670352176234,20.05057222205444,42.04706508796421,85.20953645665328,Sp1455+2619
23635.041951374093,None,-34.44874056998079,23.694406874966173,-7.098709570445409,12.450552405631681,32.36350419513741,Sp1456-2631
10964.703965628927,None,-34.70079279498555,22.508624686085366,-7.581803499798435,11.4152740503526,31.096470396562893,Sp1456-2747
7257.168298461352,None,-34.95485308641717,22.265320435905508,-7.889610497011924,11.252411905371483,30.725716829846135,Sp1456-2809
458155.60476370633,None,5.81797563574749,59.8532621974747,26.724112584891326,45.90102539861228,75.81556047637064,Sp1457+4517
574885.3260061133,None,-4.9079586228294785,60.47070405418896,20.38339665534576,43.48143350365371,87.48853260061134,Sp1458+2839
349684.9302424164,None,-19.015506179321317,49.65752501282309,9.506947758294357,33.852373469910525,64.96849302424164,Sp1459+0604
483503.4341114992,None,-11.11925036903978,57.6948505281869,15.811124348122512,40.669171872321,78.35034341114992,Sp1500+1927
487818.21332828986,None,3.4965837609616623,61.11702941425319,25.22219270042147,46.365178144509045,78.78182133282898,Sp1500+4219
517233.8863903758,None,-9.091675959100604,59.25103246581802,17.258672722915716,42.12076621625164,81.72338863903758,Sp1501+2250
-0.5,None,-39.170098120149106,12.520719537747693,-14.77646982384042,3.5084545636457936,18.832796663688914,Sp1501-4003
49577.448361455085,None,-35.03554768295851,26.769704087101452,-7.175838570618282,15.451149356897108,34.95774483614551,Sp1504-2355
206195.58970877904,None,20.527238861665204,46.77787443350576,31.021929669108374,41.41667447954002,50.619558970877904,Sp1506+7029
12432.562198581174,None,-32.68840650435713,33.550528102270334,-4.020074450087396,21.27287287785903,42.432562198581174,Sp1507-1627
9356.228085793105,None,-34.37219306436821,31.148235040783796,-5.93790606824052,19.401546648316298,39.356228085793106,Sp1509-1932
547463.3217244315,None,-1.8519709701522313,63.75094554231517,21.2343256610971,47.64903959809347,84.74633217244315,Sp1510+3619
26202.305669226604,None,-26.26628427880288,45.1180765410209,2.639588356242824,30.869780299976554,56.202305669226604,Sp1510-0241
17103.639491060916,None,-31.043952389892322,37.798838977435466,-2.123245652547116,24.929864339667258,47.10363949106092,Sp1510-1147
570406.505209629,None,-3.694466264390363,64.21076722199905,19.89677881655817,47.7228515774448,87.0406505209629,Sp1512+3403
18350.57943085782,None,-30.89362236479887,39.12679453346017,-1.9337172151320672,26.163444216903848,48.35057943085782,Sp1512-1032
61652.678855506696,None,-36.63810777141953,28.93222827166097,-8.484267205651303,17.869546243539265,36.16526788555067,Sp1513-2243
52574.17409263182,None,-10.85720412870977,62.378966924498414,14.960448245220435,45.2550542639858,82.57417409263182,Sp1514+2341
59855.091213838845,None,-36.88768870870065,28.872580085711583,-8.743531911138419,17.875726095317205,35.985509121383885,Sp1514-2254
423090.77619750565,None,5.862880269257406,61.31153086592234,25.056131991640655,48.67358836266664,72.30907761975057,Sp1515+4847
28372.53024140135,None,-26.186170917048486,47.66951028462529,2.5888581971258735,33.30019346824962,58.37253024140135,Sp1515-0030
38590.984961639806,None,-20.257432649473067,55.27042565034419,7.641710386522431,39.42637759095541,68.5909849616398,Sp1516+0942
5629.914533123937,None,-37.31320995322189,28.715672286767074,-9.193093451287547,17.83493341585053,35.62991453312394,Sp1516-2315
-0.5,None,-42.772632109923215,3.549445004205866,-22.163389247422256,-3.1583385236869668,7.428163131138935,Sp1517-5128
-0.5,None,-41.34030941246753,19.38445652409058,-15.063094175916873,10.238289881403674,24.76910860446571,Sp1519-3407
402126.3706570176,None,6.565406922235265,61.11115132121861,24.83996055759168,49.325162433269305,70.21263706570176,Sp1521+5053
5100.543334175874,None,-38.98108353010529,28.98945776176877,-10.832757801075493,18.51694486733746,35.100543334175875,Sp1523-2347
57106.95841128374,None,-9.589674359005489,66.04760552433446,14.95171723917777,48.95348561989093,87.10695841128374,Sp1524+2812
58310.6174229394,None,-8.66959590896395,66.18672735065965,15.619101454844971,49.15680117262956,88.3106174229394,Sp1524+2925
295546.8477464934,None,13.402931496374455,54.66145283280189,27.508456812121924,46.80278025290946,59.55468477464934,Sp1524+6132
-0.5,None,-43.98626770817445,4.31105223726205,-23.16599235237246,-2.1593260022779255,7.729129273166322,Sp1525-5110
49624.30338189833,None,-14.87835908813222,63.604070968128426,11.129846119830981,46.68190079148695,79.62430338189833,Sp1526+2043
-225.40814779623375,None,-42.04210695769253,24.801159408872948,-14.58830352393354,15.401296478684758,29.774591852203766,Sp1529-2907
-0.5,None,-44.55098799293155,2.2758455440029697,-24.78792792323445,-3.6465090791029287,5.195876556141777,Sp1530-5342
45591.8363556959,None,-18.459594243497065,62.44008867197802,8.102492264922965,45.99851524212705,75.5918363556959,Sp1531+1641
41223.9111848569,None,-22.015448474999413,60.338781050476754,5.12676795257235,44.60979789541455,71.2239111848569,Sp1534+1219
14587.307387273924,None,-37.503662445871896,38.6967224829685,-8.557775878862175,27.399326031058326,44.587307387273924,Sp1534-1418
-0.5,None,-45.527935283061986,6.652737931589977,-23.811223052952734,0.25468785173280484,9.671140098896396,Sp1534-4914
58887.46122710245,None,-10.223578463057759,68.96315363734146,13.47840972537423,51.932728897113485,88.88746122710245,Sp1536+2959
-0.5,None,-45.830354041452395,15.533047872125778,-20.772734669243857,8.005046940254852,19.004443577650825,Sp1537-3954
164729.45774102243,None,21.2186516059054,44.856739469952316,29.191999966167675,41.372000849408394,46.47294577410224,Sp1539+7437
23555.611784732257,None,-33.8395392370882,47.112295274700074,-5.015118913878142,34.61962099011255,53.55561178473226,Sp1539-0520
47297.62730117803,None,-0.7642528234774099,67.4825043119044,19.10601875436242,53.56422789063394,77.29762730117803,Sp1540+4347
2675.2121608939847,None,-43.51738037068453,28.45925721887501,-15.452294925334517,19.22257945556215,32.675212160893985,Sp1540-2613
58045.90819022846,None,-9.221323697407147,70.91004354351841,13.430564991699795,54.178657859574834,88.04590819022846,Sp1544+3301
388577.1353313329,None,4.882002359423306,63.23365272087736,21.84280891471735,52.62969824116511,68.85771353313329,Sp1545+5214
5984.39464616996,None,-43.46633882051997,31.962844691768947,-14.955532296541461,22.537936688209406,35.98439464616996,Sp1545-2255
-0.5,None,-43.27070436191144,-8.689067952431138,-29.810427617849196,-12.41274063329734,-7.2261719508350994,Sp1545-6608
-0.5,None,-46.57267577078391,1.3495576950467254,-27.604354226523103,-3.7340650656502254,3.3312248918240486,Sp1546-5534
15617.478054313764,None,-39.598194906004885,40.92721704353458,-10.613367184070398,30.148403381496838,45.617478054313764,Sp1547-1317
4512.017008754335,None,-44.45241648809792,30.778959880045754,-16.07193891665326,21.68156271436812,34.512017008754334,Sp1547-2423
12309.409268198877,None,-41.55826817382633,38.08769525798065,-12.624838254365713,27.925593500873315,42.30940926819888,Sp1548-1636
-0.5,None,-48.200577009120934,16.342261471038135,-22.96789198879004,9.396665089015348,18.99595054903547,Sp1549-3954
363908.4266798628,None,6.063941001962659,62.107595988019575,21.92809233407377,52.68731324033361,66.39084266798628,Sp1551+5442
261415.1055391777,None,13.69908852571024,53.72647355968973,25.686279463233312,47.81486470842623,56.14151055391777,Sp1551+6457
42910.939466799406,None,-24.186122111852505,64.72165116493312,2.152920638714068,49.31212941292215,72.9109394667994,Sp1553+1400
45568.721933964756,None,-22.441965239955625,66.67616862631587,3.4031255738371846,50.79152658250629,75.56872193396475,Sp1554+1639
38813.166863756494,None,-27.38595988688569,61.966650786063326,-0.44260503373331245,47.46407017847194,68.81316686375649,Sp1555+0954
18977.10992757238,None,-39.58111269541737,44.803716699734686,-10.666346096315442,33.9777436395645,48.97710992757238,Sp1555-0956
46781.3414484764,None,-22.17256561183447,68.11176557759994,3.3184660140759394,52.11266770922076,76.7813414484764,Sp1557+1752
318489.1105374654,None,8.909293022181222,58.990949837999835,22.903841001274625,51.4774617412357,61.84891105374654,Sp1557+5914
6476.30818216755,None,-46.27617678759415,33.56612187600006,-17.59159880853693,24.883884556075795,36.47630818216755,Sp1559-2226
6009.56193446305,None,-46.44900261393561,33.125162658080505,-17.802903844514674,24.506762988529115,36.00956193446305,Sp1559-2254
-3174.1060662734776,None,-49.32368364821235,24.47184767277037,-21.959160859645785,17.11097387555113,26.825893933726523,Sp1600-3205
-0.5,None,-50.16121603930887,11.395705931459386,-26.81136279839635,5.656704003327394,13.193388244018662,Sp1600-4543
283834.4137060202,None,11.152060969597828,56.32412620460865,23.671727050976315,50.15227473120711,58.38344137060202,Sp1602+6242
856.6545127885447,None,-48.73353998446958,28.43579276770219,-20.648452222208817,20.66927110743797,30.856654512788545,Sp1602-2803
-0.5,None,-50.24652000998525,21.881321292005563,-23.4773233674267,14.982352160083153,23.98562234965363,Sp1602-3455
3804.8416821000983,None,-29.535194143693975,62.67760999105044,-2.7440246542692224,48.81039608076751,68.04841682100098,Sp1604+0908
4842.692215439752,None,-22.34497238275149,70.69273369306934,2.497815318831265,54.6340956410614,78.42692215439752,Sp1605+1931
24214.163009639327,None,-39.11096842271139,50.81468999606831,-10.638142576192843,39.904653208964824,54.21416300963933,Sp1607-0442
13717.110053789142,None,-44.86472436427581,41.02163213797945,-15.880496485532925,31.817758795375997,43.71711005378914,Sp1607-1512
4887.779127284112,None,-22.40472991182217,71.41998797105265,2.246846011771382,55.347963863734705,78.87779127284112,Sp1608+1957
24197.959850842275,None,-39.22210486296917,50.849179016850194,-10.755367568439514,39.977338859608864,54.197959850842274,Sp1608-0443
5386.251484424453,None,-18.755241250597255,74.3038036482341,4.7862878203973205,57.40762396913812,83.86251484424453,Sp1609+2457
2606.906477569709,None,-39.332726842128174,53.183757441603106,-11.159947675281629,42.43274476745328,56.069064775697086,Sp1614-0251
3469.326388748699,None,-33.86559643003331,61.185825160752174,-6.884819027508033,48.786559348196064,64.69326388748699,Sp1615+0546
5508.597893261249,None,-11.092795922292368,76.77803775194998,9.423017848835016,60.74234064329882,85.08597893261249,Sp1615+3558
-0.5,None,-51.23912397677415,4.476551979853075,-31.297927275880916,0.2795595601472498,5.394271127316981,Sp1616-5331
2975.808324704488,None,-37.91207784814183,57.07492493988729,-10.308921041151788,46.00065022419537,59.75808324704488,Sp1619+0050
2464.6575402445087,None,-41.3952466551019,52.37488157748079,-13.181205624978283,42.338175380208945,54.64657540244509,Sp1620-0416
2498.2193600960686,None,-41.36984878568866,52.77126898764219,-13.211572298982789,42.749403505355545,54.982193600960684,Sp1621-0356
-0.5,None,-54.165133318248245,20.613895802860494,-27.751496476351996,14.969572626951216,21.730878475304642,Sp1621-3711
-0.5,None,-43.3169679933362,-13.321434965371582,-33.50701855749477,-15.445711283066345,-12.933054336680847,Sp1621-7151
4149.021172483317,None,-0.9300205433710464,69.0778708995543,15.327190011931288,59.14513102218079,71.49021172483317,Sp1622+4934
2378.612119847365,None,-42.624720141476196,51.84033651521884,-14.384006549987657,42.23497495675604,53.78612119847365,Sp1623-0508
1094.2711327264446,None,-49.53598305542935,39.45298443877217,-20.55129918652628,31.740845701932724,40.94271132726445,Sp1623-1758
1122.4224102805515,None,-49.850986067925795,39.84266465624767,-20.866213118250453,32.24466973324384,41.224224102805515,Sp1625-1742
5014.337672689898,None,-24.12006223396185,75.32634829476208,-0.5223358663947,59.61201803026173,80.14337672689898,Sp1626+2113
5413.171336409965,None,-21.05891845872379,77.90145598145641,1.6019136072630473,61.24103456156775,84.13171336409965,Sp1626+2512
2226.787763518012,None,-43.95812988233866,50.53399948976227,-15.593584493812,41.34789474790853,52.26787763518012,Sp1626-0639
99925.1337985075,None,24.21614665657718,39.76078163375482,28.495711676470137,38.45400418639388,39.99251337985075,Sp1627+8105
449.4058909000039,None,-52.944846389556034,33.37637026322063,-24.1992045168523,26.729588945264354,34.49405890900004,Sp1627-2425
759.3440642236842,None,-52.40854684384309,36.54297180515726,-23.47127357377785,29.73149608211315,37.59344064223684,Sp1630-2120
5860.613652746668,None,-15.831145634858402,80.65395135207268,4.819946364765052,63.770623018313735,88.60613652746667,Sp1631+3227
5598.661412412504,None,-13.880226252080323,80.37475338567457,5.9990498462006325,64.2416774223531,85.98661412412504,Sp1632+3505
2239.721034452796,None,-45.24156861208406,51.11558853774034,-17.01708003563668,42.48436772991637,52.39721034452796,Sp1632-0631
-0.5,None,-46.36577373664638,-9.48770423247229,-34.64170493604099,-11.686402331605912,-9.214307916267927,Sp1633-6808
-0.5,None,-41.33464314303462,-17.140775592209195,-33.97557108087954,-18.626661359420083,-16.95627592623451,Sp1633-7553
2955.1516393075567,None,-41.411071747848965,58.33767854970728,-14.301888114782184,48.875709353056074,59.551516393075566,Sp1637+0037
-0.5,None,-57.67952079345688,23.676275141112427,-30.431071012298926,18.84276024348535,24.184673733356384,Sp1639-3444
-0.5,None,-57.95311376120119,23.607795653644573,-30.717654112378113,18.86213974658868,24.075671981521932,Sp1640-3451
-0.5,None,-58.448931851222255,21.622255587548498,-31.74111884091286,17.17629550191923,22.020590849631454,Sp1642-3654
5897.475589384534,None,-19.504378392317555,83.6110201174142,0.9732728692201141,66.4757782252198,88.97475589384534,Sp1645+3004
1560.2019575500676,None,-51.72100965126578,45.06124569736706,-23.026688154726326,38.45198841192221,45.60201957550068,Sp1645-1319
5908.468505321937,None,-19.458843581713392,83.88341081322838,0.9028930831403194,66.74561633136304,89.08468505321937,Sp1646+3016
4073.7567485641835,None,-2.3510910904009896,70.00623748530721,12.558764670860842,62.05817980146686,70.73756748564183,Sp1646+5019
2872.422985623443,None,-43.86735689498025,58.12061048083697,-16.972683349185093,49.849748300828914,58.72422985623443,Sp1648-0012
-28.31886422398675,None,-58.77757410744678,29.406332756334965,-30.369370642470056,24.665280845975683,29.716811357760132,Sp1648-2913
3368.2441890544815,None,-40.36218823797641,63.0144782035557,-14.405488636116042,53.8475509134472,63.682441890544816,Sp1649+0444
5728.861034860576,None,-21.36561718841488,83.81976380054819,-0.6774046525137928,66.93449367113018,87.28861034860576,Sp1649+2822
-0.5,None,-52.434824586758815,-1.6149056880141484,-36.667767615575045,-3.8944838662887764,-1.4967395281834717,Sp1650-6026
2853.6872234617185,None,7.68508384422724,58.34459658319328,18.4416394387649,54.54223720114905,58.536872234617185,Sp1653+6231
5326.841413175728,None,-13.956850511151545,82.1244458543676,3.982622585859921,68.37446722793933,83.26841413175728,Sp1654+3747
2054.379517608867,None,-50.7604524591121,50.2881425250152,-22.79233821711839,43.98056852709988,50.54379517608867,Sp1655-0823
1455.7828799577217,None,-54.53721040798138,44.35503034846591,-25.890603860117615,38.822056154071895,44.557828799577216,Sp1656-1422
3984.233620917803,None,-36.903863983020834,69.46573181724416,-12.628629151078615,59.81799656756115,69.84233620917803,Sp1657+1054
1927.0226304135085,None,-51.859398814881715,49.06090962975692,-23.753282778882078,43.0552232197364,49.270226304135086,Sp1657-0940
3999.990311597283,None,-2.695394819530373,69.77757223255024,11.35758842398487,63.22334417345378,69.99990311597283,Sp1658+5103
20613.71284245675,None,14.355787285286498,50.53774832377792,22.24417539495213,48.347246439649304,50.61371284245675,Sp1658+7027
557.7100008646709,None,-16.656337626413848,84.77888528556093,1.6448635448391487,69.72572553644308,85.77100008646708,Sp1659+3515
681.5145657440319,None,-59.14107626008354,36.7138038262334,-30.15660108990914,32.246213052534266,36.81514565744032,Sp1700-2207
768.7691189244092,None,-58.916547161802434,37.59318155641125,-29.935766396074573,33.10423622334007,37.68769118924409,Sp1701-2115
-0.5,None,-56.36778495929208,3.1997938161229906,-38.18651656452915,1.0646870139665854,3.2327776777623773,Sp1702-5542
2365.8738664564644,None,-50.53502218437092,53.60580981753436,-23.362720057220393,47.94021841208949,53.658738664564645,Sp1705-0516
1977.991510336701,None,-53.164297417302635,49.73149239435214,-25.345398246567537,44.508397286037216,49.77991510336701,Sp1705-0909
-0.5,None,-57.30862571839008,4.232861765391267,-38.62963069933983,2.17489336488859,4.249290033550368,Sp1705-5441
1569.8915350468112,None,-55.95494716642064,45.664251127625654,-27.595805814778764,40.96540998146854,45.69891535046811,Sp1706-1314
480.3182219941418,None,-10.511381164602748,77.94711835526515,5.278495637917726,68.94783871973536,78.03182219941418,Sp1707+4301
263.9941355116449,None,8.834296397612604,56.37748590837994,18.34882374736176,53.71700990322362,56.39941355116449,Sp1707+6439
2296.9669136679336,None,-51.30273980049305,52.93252505830585,-24.06212259826362,47.51925227329243,52.969669136679336,Sp1707-0558
-0.5,None,-62.5705516993686,15.887203740640642,-37.96697513710888,13.331091672371205,15.898630361170984,Sp1708-4302
-0.5,None,-45.5403384997944,-13.500060965592542,-37.049134371650126,-14.49750871997497,-13.499583597299154,Sp1709-7226
505.5469312768254,None,-13.135083107145299,80.55447959677743,3.069058749992684,70.7433749691239,80.55469312768254,Sp1711+4028
238.20957370715655,None,-51.65545600120697,53.820957370715654,-24.77086152552115,48.90331088600764,53.820957370715654,Sp1712-0507
411.35950461615676,None,-38.11673578339226,71.13595046161568,-15.065090062394587,63.474818544810304,71.13595046161568,Sp1713+1211
-0.5,None,-64.2638459170758,19.08025811214081,-38.367575741945174,16.662716197239206,19.08025811214081,Sp1713-3952
357.5136556983658,None,-42.682482496873206,65.75136556983658,-18.425394371285808,59.35915830416879,65.75136556983658,Sp1714+0648
592.7176424718807,None,-22.48753859291979,89.27176424718807,-3.9006899567564965,72.82044607470331,89.27176424718807,Sp1714+3019
1368.9460293903323,None,-58.75724581991629,43.68946029390332,-30.30556366804257,39.926909016734776,43.68946029390332,Sp1715-1515
298.4871123658039,None,5.193291982118181,59.84871123658039,15.320471596881994,57.291341188841095,59.84871123658039,Sp1717+6112
256.146892874803,None,9.07903530519227,55.614689287480296,17.955673124915666,53.57953263387369,55.614689287480296,Sp1717+6526
-0.5,None,-35.55880062841933,-25.877207475119445,-33.361663176332875,-26.11500264139914,-25.877207475119445,Sp1717-8449
-0.5,None,-64.85828632105708,17.416529376705864,-39.64200782226702,15.37838465630351,17.416529376705864,Sp1718-4131
-0.5,None,-63.08759512066732,12.318042706509642,-40.287966056908274,10.492755473222442,12.318042706509642,Sp1718-4637
-0.5,None,-62.71967659961207,11.339405633847267,-40.43645337738579,9.574364911877362,11.339405633847267,Sp1719-4736
462.3975581966049,None,-9.949261186328847,76.23975581966049,4.589600213049751,69.99141057997086,76.23975581966049,Sp1720+4446
534.0275716130855,None,-16.877186499950586,83.40275716130854,-0.6355609770819949,73.934003218065,83.40275716130854,Sp1723+3724
245.77917904322368,None,-53.26371300345413,54.57791790432237,-27.14625749117904,51.12926130216581,54.57791790432237,Sp1726-0415
12.467581004559563,None,-66.58948443314796,31.246758100455956,-37.72192057294688,29.145237208812347,31.246758100455956,Sp1726-2737
276.0675076981346,None,-51.115581484558255,57.60675076981346,-25.78066893311825,54.09841525841331,57.60675076981346,Sp1727-0111
373.9293097347995,None,-42.97852260316103,67.39293097347995,-20.01483951671574,62.79066675421923,67.39293097347995,Sp1728+0839
15709.567280949956,None,17.693675243457704,45.709567280949955,23.042646318511963,44.97968556729474,45.709567280949955,Sp1728+7518
523.0281629198818,None,-16.761094990410186,82.30281629198818,-1.1344460149707725,74.89325568194525,82.30281629198818,Sp1729+3805
294.3849713445454,None,4.960889594766283,59.43849713445454,14.48374457060615,57.661093956407434,59.43849713445454,Sp1729+6131
448.1257464658188,None,-36.627964987528316,74.81257464658188,-15.74186869318549,69.33573639612986,74.81257464658188,Sp1731+1619
547.9379913225654,None,-26.745743226764212,84.79379913225654,-8.597079307647347,75.71883313648213,84.79379913225654,Sp1731+2721
560.5332827445751,None,-24.341814891055265,86.05332827445751,-6.931400373074016,76.5561425156361,86.05332827445751,Sp1732+3004
537.4187728953756,None,-27.88937362447449,83.74187728953756,-9.583949192010767,75.64309808398147,83.74187728953756,Sp1733+2615
559.1957169598791,None,-22.902018429091385,85.91957169598791,-5.978192305955606,76.91418947007361,85.91957169598791,Sp1733+3144
118.1769367085824,None,-63.331578362398005,41.81769367085824,-35.02457946932079,39.87427314639605,41.81769367085824,Sp1733-1654
168.24478056780237,None,-60.205527788171544,46.82447805678024,-32.82051374322386,44.74746577372321,46.82447805678024,Sp1734-1151
15.698100013758634,None,-68.11551585650756,31.569810001375863,-39.1846035250828,30.036184271362625,31.569810001375863,Sp1734-2711
9.852540546579256,None,-68.43602138326906,30.985254054657926,-39.53653920527963,29.528457757324116,30.985254054657926,Sp1735-2745
-0.5,None,-65.88767888269169,12.615009238701889,-43.182962540079195,11.66056461881773,12.615009238701889,Sp1735-4611
433.640777443546,None,-8.932497953549497,73.3640777443546,3.9323426724481587,70.53009400139109,73.3640777443546,Sp1737+4705
517.8638890109041,None,-29.698894822466137,81.78638890109042,-11.556350436493766,76.34552022031018,81.78638890109042,Sp1739+2454
351.10309236286423,None,-1.1237374627372971,65.11030923628643,9.467913025813154,63.62460411575099,65.11030923628643,Sp1739+5532
377.1200477186567,None,-43.7502145921684,67.71200477186567,-22.03015163278479,65.37715533476015,67.71200477186567,Sp1741+0940
458.62946802458464,None,-35.94694122142705,75.86294680245847,-16.600228224195323,73.02261242402422,75.86294680245847,Sp1743+1832
484.1185089030232,None,-33.26679532568536,78.41185089030232,-14.6199011346815,75.09199620713821,78.41185089030232,Sp1743+2127
318.8820838762194,None,1.7187494967214325,61.88820838762194,11.288173048002177,60.94708525908535,61.88820838762194,Sp1743+5844
-0.5,None,26.84132975843867,35.569416417214974,28.529215738555592,35.446060003279655,35.569416417214974,Sp1743+8526
-0.5,None,-58.63559050516586,0.16660249469868,-43.586506900484814,-0.1969315851088488,0.16660249469868,Sp1744-5834
116.936101882021,None,-65.4227449538662,41.6936101882021,-37.4606710213893,40.85984741534367,41.6936101882021,Sp1745-1640
528.3948598506238,None,-26.43670628763991,82.83948598506238,-9.853169869535124,79.3668723497138,82.83948598506238,Sp1746+2903
508.54688749920456,None,-18.454283539337176,80.85468874992046,-3.8485256753316124,78.01921808962229,80.85468874992046,Sp1746+3731
396.2643023023753,None,-6.135538458760411,69.62643023023753,5.332612470753908,68.45790615527068,69.62643023023753,Sp1746+5034
48.52095805223003,None,-32.672473400192004,78.52095805223003,-14.842929900170024,77.00107982745467,78.52095805223003,Sp1749+2241
44.94192693507594,None,-12.20167532028786,74.94192693507594,0.47890648681984244,74.00435174390992,74.94192693507594,Sp1750+4424
50.70637151075452,None,-20.11134164930087,80.70637151075452,-5.638653989878051,79.70098715174696,80.70637151075452,Sp1751+3610
-1.5524783949085261,None,-72.67490105151542,28.447521605091474,-43.86949027884937,28.35078285814002,28.447521605091474,Sp1752-2949
-0.5,None,-69.09063070435813,13.683209626759513,-46.03620709235064,13.597092385941822,13.683209626759513,Sp1752-4446
-0.5,None,-43.400420686472025,-17.91509832817766,-38.18902203978954,-17.917299528061232,-17.91509832817766,Sp1752-7642
4.963613444562938,None,-70.58141777582914,34.96361344456294,-41.78098913267057,34.87128339333068,34.96361344456294,Sp1753-2312
-0.5,None,-53.045164303781846,-7.337286709824701,-42.65403547979796,-7.329928586871189,-7.337286709824701,Sp1753-6559
26.330115592827333,None,6.445902494060543,56.33011559282733,14.088267689676584,56.28659140621055,56.33011559282733,Sp1754+6408
26.09884013027363,None,-55.130521323283745,56.09884013027363,-31.53437843062622,56.23207334032129,56.09884013027363,Sp1755-0126
7.272822588153424,None,-69.94368065157889,37.272822588153424,-41.54080957854064,37.472191039698565,37.272822588153424,Sp1756-2042
0.9892006988999178,None,-72.713920232467,30.989200698899918,-43.73040210108385,31.12671076665818,30.989200698899918,Sp1756-2707
-1.4161861991070026,None,-73.34660593988808,28.583813800892997,-44.49465619870047,28.733113198384835,28.583813800892997,Sp1756-2933
-0.5,None,-69.3630204843556,13.056856509029863,-46.75051572380366,13.188295536985446,13.056856509029863,Sp1756-4518
38.25525942749606,None,-43.544445209984325,68.25525942749606,-23.65466137522987,68.87723478505615,68.25525942749606,Sp1757+1142
14.862256921424013,None,-64.83138339500906,44.86225692142401,-38.2242275607358,45.186341697895,44.86225692142401,Sp1757-1253
-0.043114464746125236,None,-73.48053765774122,29.956885535253875,-44.515750461912866,30.270642612009908,29.956885535253875,Sp1758-2804
-1.0447681471861792,None,-73.8220911501226,28.95523185281382,-44.91391568976696,29.302756293016657,28.95523185281382,Sp1758-2904
29.599602774541104,None,-52.096709806306876,59.599602774541104,-29.97615544391819,60.4074268934991,59.599602774541104,Sp1759+0235
11.714561359980301,None,-67.51097592087652,41.7145613599803,-40.22947337567037,42.25914888684434,41.7145613599803,Sp1800-1559
15.955707805817553,None,16.416444478032528,45.95570780581755,21.034607693694905,46.114916863376486,45.95570780581755,Sp1801+7442
-0.48681111760118867,None,-74.14825751233201,29.51318888239881,-45.19047685136255,30.031946241850804,29.51318888239881,Sp1801-2825
13.328657886597277,None,-66.54539279095707,43.32865788659728,-39.82770207136853,44.09803385165288,43.32865788659728,Sp1802-1412
11.662582151190136,None,-68.00227565567161,41.662582151190136,-40.92877724281357,42.55834568881439,41.662582151190136,Sp1803-1550
-2.6315613428965676,None,-74.92813606573569,27.368438657103432,-46.15406305675302,28.003994849451775,27.368438657103432,Sp1803-3031
11.17116714212387,None,-68.49641223922977,41.17116714212387,-41.355366633856555,42.15842548732918,41.17116714212387,Sp1804-1616
-4.1692480289939695,None,-75.4432713880852,25.83075197100603,-46.91527788445957,26.587625708172595,25.83075197100603,Sp1804-3200
-0.26654555020669335,None,-74.99877110052557,29.733454449793307,-46.01770502980462,30.600293753527723,29.733454449793307,Sp1805-2758
48.640145458591775,None,-27.508746118398484,78.64014545859177,-12.698077950644109,83.72880168926093,78.64014545859177,Sp1806+2923
38.437712778326045,None,-7.379300930538654,68.43771277832604,2.805478659792314,70.08240553426455,68.43771277832604,Sp1807+5015
20.478556716871907,None,-60.906428511220405,50.47855671687191,-36.790184173225185,51.9744251557316,50.47855671687191,Sp1807-0625
2.5579117991742137,None,-74.29103037642417,32.557911799174214,-45.456886547495515,33.61951419494618,32.557911799174214,Sp1807-2459
48.00866291692404,None,-21.8225958520571,78.00866291692404,-8.470306396103808,82.9313290904234,78.00866291692404,Sp1808+3523
-0.11828991651229259,None,-75.5949534259934,29.881710083487707,-46.610837224716725,31.00145907358344,29.881710083487707,Sp1808-2739
45.44549827667775,None,-33.812907733980445,75.44549827667775,-17.754725746761654,80.16413938836362,75.44549827667775,Sp1809+2259
-0.7367263057199338,None,-75.87835335880045,29.263273694280066,-46.89821876359529,30.410142121240487,29.263273694280066,Sp1809-2816
31.130530634687318,None,-50.61203038125827,61.13053063468732,-30.43327348286716,63.96334004903628,61.13053063468732,Sp1812+0531
1.5072872573131697,None,-75.91975822694954,31.50728725731317,-47.07475382223538,33.066902213775286,31.50728725731317,Sp1813-2542
11.169320788469847,None,-69.56098506398419,41.16932078846985,-43.16295212409454,43.13047025219,41.16932078846985,Sp1814-1536
6.561525765458612,None,-73.0573004514649,36.56152576545861,-45.25347713268431,38.33198673099682,36.56152576545861,Sp1814-2025
-0.5,None,-71.66688527302398,12.393469589151339,-49.877960513871614,13.48040442926095,12.393469589151339,Sp1814-4522
4.368100982550274,None,-74.66451267443391,34.368100982550274,-46.37077406116458,36.165828257779296,34.368100982550274,Sp1815-2237
34.68259792417608,None,-46.51608056706743,64.68259792417608,-28.123068932966124,68.87601035426283,64.68259792417608,Sp1817+1017
43.53676719086657,None,-16.858441949409517,73.53676719086657,-5.647045958693835,79.53602328446046,73.53676719086657,Sp1819+4101
23.668258535127208,None,7.617343915816904,53.66825853512721,13.663747052761735,54.92783761368115,53.66825853512721,Sp1819+6600
-0.5,None,-61.64570290806672,-0.006198344148895339,-48.27155002533301,1.0272824915864835,-0.006198344148895339,Sp1819-5754
37.25377353548345,None,-43.030615310215204,67.25377353548345,-26.088550075924594,72.94114228231936,67.25377353548345,Sp1821+1414
-0.5,None,-58.862562523178354,-3.090967369839802,-47.37208437303357,-2.0793979440401724,-3.090967369839802,Sp1821-6101
43.84116189193733,None,-18.608485290941903,73.84116189193733,-7.304695010023168,81.30005273466242,73.84116189193733,Sp1822+3921
43.270087447709486,None,-17.46794554827867,73.27008744770949,-6.414686152286103,80.18578885867024,73.27008744770949,Sp1822+4032
16.82248032354771,None,14.652456827275792,46.82248032354771,18.901386542086023,47.728669938389416,46.82248032354771,Sp1824+7316
20.222121135289143,None,-61.59285396223076,50.22212113528914,-39.576886513269756,53.893611047776346,50.22212113528914,Sp1824-0500
-0.5,None,-78.99065915410485,21.905351147492016,-51.402820758319386,23.886568484106522,21.905351147492016,Sp1824-3503
-0.5,None,-78.9212219980179,21.643584728515897,-51.453675714858015,23.619841427747954,21.643584728515897,Sp1824-3519
35.86620843562085,None,-6.898209182442273,65.86620843562085,1.8376139522723605,69.57054377934324,65.86620843562085,Sp1825+5122
-0.5,None,-68.96753561552288,42.73880340821492,-44.498230891430325,46.09195105980902,42.73880340821492,Sp1827-1251
-0.5,None,-55.09253528326354,56.21509308909046,-35.846133334067055,61.22430695969124,56.21509308909046,Sp1829+0215
-0.5,None,-49.61787720010904,61.01266587616841,-31.983613803271787,66.91415512970238,61.01266587616841,Sp1829+0757
-0.5,None,-31.982078918527343,72.83112820697063,-18.565700069769346,84.86379710035544,72.83112820697063,Sp1829+2600
-0.5,None,-70.75054927951756,40.90842552232632,-45.792430113386665,44.31746905102543,40.90842552232632,Sp1829-1439
-0.5,None,-55.85807417290602,-6.833313871962262,-46.85519050756628,-5.6069094405253965,-6.833313871962262,Sp1831-6435
-0.5,None,-35.68618098393658,70.41141847490327,-21.92998391567446,81.3997237675024,70.41141847490327,Sp1833+2225
-0.5,None,-81.36916688159137,22.38402795026757,-53.35492491248549,25.095287366928922,22.38402795026757,Sp1834-3353
-0.5,None,-53.173217423680164,57.437362425746265,-35.36916617963086,63.657451122528066,57.437362425746265,Sp1835+0440
-0.5,None,-25.329673930524383,72.76439246581803,-13.914518497515214,88.01083416150762,72.76439246581803,Sp1835+3259
-0.5,None,-81.39821817103731,21.05980744990279,-54.00578842983867,23.865494505238004,21.05980744990279,Sp1836-3507
-0.5,None,-42.2023050738953,65.79690329094487,-27.464819460218827,74.93978617614427,65.79690329094487,Sp1837+1558
-0.5,None,-71.8129527107401,8.87498489502583,-53.480438068221915,11.063443078722049,8.87498489502583,Sp1837-4755
-0.5,None,-28.545932643752614,71.70548094951138,-16.910758400578406,88.46596619095206,71.70548094951138,Sp1839+2952
-0.5,None,-14.135603243404216,68.68239107885539,-5.153502609147825,76.5725815314105,68.68239107885539,Sp1839+4424
-0.5,None,9.09010171539925,51.015159159000646,13.749527210089362,53.13797788420856,51.015159159000646,Sp1842+6751
-0.5,None,-79.78662139065852,16.95299464252195,-55.27838074586486,19.86828650974801,16.95299464252195,Sp1842-3905
-0.5,None,-69.01783330737156,5.486224395215923,-53.394582459588946,7.7306843333608795,5.486224395215923,Sp1842-5114
-0.5,None,-46.81102755913195,61.679299160290704,-31.72152693782796,70.41648144779953,61.679299160290704,Sp1843+1132
-0.5,None,-31.64925981304477,70.1825763804504,-19.82857007440855,85.43441199936771,70.1825763804504,Sp1843+2651
-0.5,None,-17.936461178554932,69.70621379481882,-8.625485035325271,80.190855011446,69.70621379481882,Sp1843+4040
-0.5,None,-60.994155832868,49.994025264232384,-41.866292579672084,56.00320672902474,49.994025264232384,Sp1843-0255
-0.5,None,-51.16237489493959,58.09781736962469,-35.224606842777035,66.05756802863449,58.09781736962469,Sp1845+0711
-0.5,None,-19.749761523859952,69.92184836627104,-10.301663353379567,81.83900791337851,69.92184836627104,Sp1845+3853
-0.5,None,-56.80856224503285,-6.675031586410482,-48.41575342875586,-4.993920667576812,-6.675031586410482,Sp1845-6357
-0.5,None,-83.73522997877186,21.04565318967504,-56.129898463594344,24.591240013713765,21.04565318967504,Sp1847-3419
-0.5,None,-81.25344551542939,30.4183447160521,-54.20382898677855,34.8766734974188,30.4183447160521,Sp1849-2359
-0.5,None,0.759605646306071,57.22824196253542,6.3897069859776305,61.30309296947415,57.22824196253542,Sp1851+5935
-0.5,None,-5.8618893804491785,61.85620394772646,0.73464500114224,67.83327884651716,61.85620394772646,Sp1852+5257
-0.5,None,-79.20843790125852,14.26979867043218,-57.3946603385145,17.72207222295442,14.26979867043218,Sp1853-4107
-0.5,None,25.57230426611225,36.0116959252593,26.753543799870272,36.498614540903176,36.0116959252593,Sp1854+8429
-0.5,None,-63.794211092075265,-0.6325395344693145,-52.89893944539144,1.8106497335219736,-0.6325395344693145,Sp1854-5704
-0.5,None,5.066567636938851,53.44149641611398,9.711974329127258,56.892489260433834,53.44149641611398,Sp1856+6356
-0.5,None,-66.96817839562912,43.68739285713636,-47.76921877706874,50.2788592104378,43.68739285713636,Sp1856-0822
-0.5,None,-46.77143611517823,59.56072925942271,-33.60494263132621,70.27363500826408,59.56072925942271,Sp1857+1200
-0.5,None,-82.56294030292341,29.25968469170863,-56.21096936280295,34.34475644643393,29.25968469170863,Sp1858-2420
-0.5,None,-47.02237870205848,59.14319022143541,-34.00631017067677,69.96513439313173,59.14319022143541,Sp1859+1146
-0.5,None,-46.442465518022274,-17.040615918533287,-42.768445834709446,-15.68086770221146,-17.040615918533287,Sp1859-7435
-0.5,None,-34.26571084390114,65.10852812359133,-24.30672001342508,80.95372737020269,65.10852812359133,Sp1903+2437
-0.5,None,-24.519601354433597,66.98886877471128,-16.05069822756723,83.13244714125945,66.98886877471128,Sp1903+3422
-0.5,None,-23.542927361882526,66.99499847577137,-15.202363935662728,82.66420680959081,66.99499847577137,Sp1903+3521
-0.5,None,-41.223797859822334,61.65306585335501,-30.185303883197907,75.0010829466563,61.65306585335501,Sp1905+1740
-0.5,None,-74.24295814672845,8.319489431625971,-58.30546516245886,11.946227085862622,8.319489431625971,Sp1905-4644
-0.5,None,-18.73950735442894,65.58718384536999,-11.448309593371501,78.7709106327901,65.58718384536999,Sp1906+4011
-0.5,None,-64.13482336270327,44.99656185532289,-47.65567780148379,52.9724242804566,44.99656185532289,Sp1906-0515
-0.5,None,-62.5690667437991,-2.5114600478178137,-53.52774891542664,0.27343950357024466,-2.5114600478178137,Sp1906-5828
-0.5,None,-36.28119635762964,63.263558965248365,-26.602530309358055,78.69947037033029,63.263558965248365,Sp1908+2238
-0.5,None,-42.437998663651335,60.032437224755114,-31.81963097535024,73.4261349104311,60.032437224755114,Sp1909+1629
-0.5,None,-78.52917144956166,32.352750740545794,-56.523213037563345,38.69145101469297,32.352750740545794,Sp1909-1937
-0.5,None,-43.85253672523028,59.11219585127896,-33.04664013584564,72.10353220297762,59.11219585127896,Sp1910+1504
-0.5,None,-41.89051683087367,60.27014618996181,-31.417058770693334,73.87332402698614,60.27014618996181,Sp1910+1702
-0.5,None,-2.3650219499311644,57.54360026385652,2.5044749353823827,63.70817258761135,57.54360026385652,Sp1910+5634
-0.5,None,-61.62585595040473,45.95964502360974,-47.24659498926826,55.05136521115058,45.95964502360974,Sp1913-0241
-0.5,None,9.204677971986754,49.060718596833496,12.394657527794052,52.43061604750598,49.060718596833496,Sp1914+6808
-0.5,None,-89.04919094855885,22.531372771869837,-61.093224159699176,28.12787966092877,22.531372771869837,Sp1914-3008
-0.5,None,-58.066331237395175,48.31121106851522,-45.09130476003492,58.295174600469295,48.31121106851522,Sp1916+0051
-0.5,None,-53.777025017699515,51.35179149828656,-41.93870335220785,62.3059331219263,51.35179149828656,Sp1916+0509
-0.5,None,-88.68260710114659,21.049907402362777,-62.332909282262975,26.848056400936546,21.049907402362777,Sp1919-3115
-0.5,None,-34.47639038379274,61.35310398044418,-26.572211368127515,77.82541513453279,61.35310398044418,Sp1921+2425
-0.5,None,-87.46213681365207,22.567025720684786,-62.44699922885007,28.710073519358172,22.567025720684786,Sp1921-2915
-0.5,None,-49.56689432565471,52.984691305724816,-39.63160133975278,65.49047397236917,52.984691305724816,Sp1923+0917
-0.5,None,-86.96880744539912,18.95164478260832,-63.44845997909784,24.815794646159866,18.95164478260832,Sp1923-3308
-0.5,None,-38.78606359681871,58.870103334733265,-30.7129111609475,74.35809838025284,58.870103334733265,Sp1924+2004
-0.5,None,-35.4910264437622,60.23123907852887,-27.880090853432534,76.56292082256489,60.23123907852887,Sp1924+2322
-0.5,None,-69.0533013136588,2.294423420487578,-59.17314888305532,6.36545639618173,2.294423420487578,Sp1924-5154
-0.5,None,-51.820522858268724,51.17523662077738,-41.71392318075323,63.2567922376085,51.17523662077738,Sp1925+0700
-0.5,None,-33.217246107913695,60.46249003599309,-26.21211797333011,77.29051611182244,60.46249003599309,Sp1927+2537
-0.5,None,-72.29291142437428,5.032837898985538,-61.17250886807834,9.55695829453328,5.032837898985538,Sp1927-4833
-0.5,None,-35.17144821447335,59.584945470111215,-28.042131418386845,76.07231514404813,59.584945470111215,Sp1928+2339
-0.5,None,-24.77639937752784,61.723196922654466,-18.917216126933013,78.24443196969047,61.723196922654466,Sp1928+3403
-0.5,None,-76.7615010003871,8.991814823568399,-63.13711487180325,14.038451754289266,8.991814823568399,Sp1928-4356
-0.5,None,-73.79105672906783,6.332747102852495,-61.95868791236037,11.05005885521903,6.332747102852495,Sp1928-4700
-0.5,None,-47.720408326068856,52.92156534072041,-39.04279949425577,66.31504521186996,52.92156534072041,Sp1929+1101
-0.5,None,-63.63496608786573,41.68610323635902,-51.65952646977571,51.70183779565091,41.68610323635902,Sp1929-0458
-0.5,None,-73.80545974584366,33.265398375102855,-58.688467568880505,41.72991973333097,33.265398375102855,Sp1930-1521
-0.5,None,-48.286005505237625,51.867907616795264,-40.04118348205049,65.33099400130439,51.867907616795264,Sp1933+1022
-0.5,None,-38.963337581741015,56.84927238001876,-32.056996440856956,72.6376546116095,56.84927238001876,Sp1933+1944
-0.5,None,-36.884055588595054,57.75091016247083,-30.22667863766513,74.00507981884913,57.75091016247083,Sp1933+2150
-0.5,None,-66.63843217766022,38.635106821239894,-54.571577868514545,48.38764529827568,38.635106821239894,Sp1933-0810
-0.5,None,-63.29770061976082,40.601872048791485,-52.80072035376312,51.14770914150591,40.601872048791485,Sp1936-0455
-0.5,None,-72.07382511415574,33.4572667443183,-59.12175403282106,42.576167064692626,33.4572667443183,Sp1937-1359
-0.5,None,-15.354028097830922,59.084328412529246,-11.360957194105179,72.32043844863179,59.084328412529246,Sp1938+4321
-0.5,None,-77.31797020769449,9.186359947090693,-65.30625857871988,14.868763633691435,9.186359947090693,Sp1939-4239
-0.5,None,-62.835855616046246,-3.961088039811547,-57.390525822341324,0.1025919164259398,-3.961088039811547,Sp1939-5750
-0.5,None,-45.84425034822869,51.83086878682682,-39.020728392095265,66.2465088985122,51.83086878682682,Sp1940+1237
-0.5,None,-53.27079899336666,-12.390001437563319,-50.287530279806326,-9.365763011209577,-12.390001437563319,Sp1941-6733
-0.5,None,-39.208370512555646,54.638677593997926,-33.56175584957212,70.64596956703447,54.638677593997926,Sp1942+1913
-0.5,None,-59.23575388317027,-7.273698703851876,-55.147366609321224,-3.486636979759494,-7.273698703851876,Sp1943-6125
-0.5,None,-4.170251808391185,54.40119662422804,-1.5614345944222872,63.321808775273084,54.40119662422804,Sp1945+5428
-0.5,None,-81.24922647164422,22.55397712542167,-66.73441605259615,30.574651292748534,22.55397712542167,Sp1945-2557
-0.5,None,-70.99328573183914,3.126460023429028,-63.46774267598474,8.379047510989286,3.126460023429028,Sp1945-4904
-0.5,None,-69.1910668150093,33.75342536827803,-59.457451063007234,43.872078048708005,33.75342536827803,Sp1946-1145
-0.5,None,-40.941872392986916,52.31168752859789,-36.06538900490623,68.13683152295002,52.31168752859789,Sp1949+1713
-0.5,None,-33.50460998183851,55.32732711199046,-29.29387260152691,72.30652462205744,55.32732711199046,Sp1949+2445
-0.5,None,-33.612821933483694,55.12042758909184,-29.49004731004134,72.09345889396155,55.12042758909184,Sp1950+2436
-0.5,None,-24.022142236433595,56.649792984917944,-20.86923189324915,73.17006419076544,56.649792984917944,Sp1953+3414
-0.5,None,-39.90433767693082,51.597435965387085,-35.87325025355011,67.72976816047483,51.597435965387085,Sp1954+1801
-0.5,None,-46.88059626224228,47.78748178237927,-42.34883624188824,62.57472304971912,47.78748178237927,Sp1955+1052
-0.5,None,-69.72958664113851,31.24457721278109,-62.0248519484765,41.67132818856975,31.24457721278109,Sp1955-1316
-0.5,None,-49.22616677701215,-16.285291636998792,-47.72366891652742,-13.425117892081554,-16.285291636998792,Sp1955-7126
-0.5,None,-43.34149115959384,49.499982999168964,-39.28463470279193,65.02832184229563,49.499982999168964,Sp1956+1426
-0.5,None,-73.62281547644233,27.538226400832713,-65.16526270327945,37.31359302727878,27.538226400832713,Sp1956-1754
-0.5,None,-33.76876824342439,53.377405123665994,-30.592991214021687,70.36950145519278,53.377405123665994,Sp1957+2408
-0.5,None,-26.99248716935646,54.77280778899605,-24.432690098785645,71.75183362521656,54.77280778899605,Sp2000+3057
-0.5,None,-50.39285419017934,44.03143874888855,-46.737009729886005,58.34132018598338,44.03143874888855,Sp2001+0647
-0.5,None,-61.785406773417776,35.82433382376142,-57.24082936947399,47.9838307508212,35.82433382376142,Sp2002-0521
-0.5,None,-73.36904919960708,5.2556295771173565,-68.42113821543568,11.81957265670858,5.2556295771173565,Sp2002-4433
-0.5,None,-65.04674473136913,-2.7790983712979034,-62.002261832740025,2.5025851522502034,-2.7790983712979034,Sp2002-5425
-0.5,None,-69.44915888755843,28.9804765531356,-64.37598586967455,39.81010327517622,28.9804765531356,Sp2004-1416
-0.5,None,-64.5903308826958,32.684683330883544,-60.596087238870616,44.460839947877176,32.684683330883544,Sp2006-0852
-0.5,None,-49.93938374247583,42.189715886832374,-47.88698030128918,56.84103525712854,42.189715886832374,Sp2010+0634
-0.5,None,-43.88256856721521,45.19811563009198,-42.44265898659733,60.976276282269346,45.19811563009198,Sp2012+1246
-0.5,None,-40.377534215625424,47.04145197106811,-39.02117432471219,63.364624183063405,47.04145197106811,Sp2012+1627
-0.5,None,-62.12206945928891,-5.756639042392892,-61.32751680717758,-0.3229699295687857,-5.756639042392892,Sp2015-5645
-0.5,None,-39.27279481463766,46.62556732728659,-38.53080376839679,63.13700580145975,46.62556732728659,Sp2016+1719
-0.5,None,-64.91773533772131,29.55123258890871,-63.645365769411676,41.5800676482799,29.55123258890871,Sp2016-1045
-0.5,None,-55.467090982306026,36.56797641175538,-54.72682911120429,50.39205194643972,36.56797641175538,Sp2018-0007
-0.5,None,-61.50604112700903,31.8600245216694,-60.80188483648586,44.57873756431155,31.8600245216694,Sp2018-0701
-0.5,None,-21.074708222835262,51.42239342274021,-20.901501672658046,67.57084670473496,51.42239342274021,Sp2020+3603
-0.5,None,-34.18706802841713,47.592053102806545,-34.22816369163828,64.61777325153544,47.592053102806545,Sp2021+2216
-0.5,None,-71.630727715602,4.1970841556300265,-72.29638157254507,11.840170120265512,4.1970841556300265,Sp2023-4305
-0.5,None,-61.88116637064991,29.48965262785906,-63.07116987142635,42.30228014527937,29.48965262785906,Sp2025-0835
-0.5,None,-50.215788590562916,37.84652443159258,-51.23506772967202,52.79405940648492,37.84652443159258,Sp2026+0439
-0.5,None,-74.21100234115102,14.076870945091905,-76.37999546254666,23.742899736001434,14.076870945091905,Sp2026-2943
-0.5,None,-30.33576716745778,47.706565671260016,-31.07792600884644,64.84350228383387,47.706565671260016,Sp2027+2555
-0.5,None,-54.369392770027545,34.571799585429616,-55.858565310623696,48.82047445707518,34.571799585429616,Sp2028-0010
-0.5,None,-44.06403782925385,40.32774060337761,-45.79503658984454,56.32129703726237,40.32774060337761,Sp2031+1052
-0.5,None,-14.790589376584796,49.467594372607834,-15.78543438766348,64.2016284348521,49.467594372607834,Sp2032+4155
-0.5,None,-50.120295103981604,-16.607212727166008,-50.96242341629922,-12.608942196878607,-16.607212727166008,Sp2032-6918
-0.5,None,-27.561911029236462,47.16616490023514,-29.02096034002181,64.22106341366215,47.16616490023514,Sp2033+2823
-0.5,None,-24.792876293951707,47.928477458039275,-26.161554792385953,64.75642437851145,47.928477458039275,Sp2033+3119
-0.5,None,-45.93997609725373,38.369512459859166,-48.33497778512736,54.119180575969956,38.369512459859166,Sp2034+0827
-0.5,None,-9.6789952763354,48.83830828346592,-10.788674053701186,61.983206096822975,48.83830828346592,Sp2034+4708
-0.5,None,-72.45122615680164,11.69546359404334,-78.49068447076105,21.569125658930062,11.69546359404334,Sp2035-3110
-0.5,None,-69.36690433782151,2.200333020764477,-73.47454584763595,10.238780615093269,2.200333020764477,Sp2035-4349
-0.5,None,-60.43456431254427,27.36543858246627,-64.55268344122014,40.635589536140124,27.36543858246627,Sp2036-0847
-0.5,None,-62.55639956355227,25.377902797826188,-67.10356106451805,38.23290628876241,25.377902797826188,Sp2037-1137
-0.5,None,-70.37381139659816,4.405752492590469,-76.2680801041964,13.089563520605367,4.405752492590469,Sp2038-4020
-0.5,None,-63.637810356512446,-4.511463868755543,-66.7917005016223,2.3489958711961925,-4.511463868755543,Sp2038-5223
-0.5,None,-23.061270220971274,46.15140791524869,-25.529139060416412,62.816317526479175,46.15140791524869,Sp2042+3225
-0.5,None,-56.51999328995109,28.705407940951584,-61.70528549189763,42.78400966583121,28.705407940951584,Sp2042-0500
-0.5,None,-59.23911028260678,26.617751667119293,-64.75805362308975,40.181535591153214,26.617751667119293,Sp2042-0821
-0.5,None,-38.708996089201364,39.74364244318925,-42.37553530841802,56.46083386369747,39.74364244318925,Sp2044+1517
-0.5,None,-39.25297739579257,38.711148713757446,-43.42880070414161,55.382884909517934,38.711148713757446,Sp2047+1421
-0.5,None,-58.239059607034186,25.781694283545832,-65.05543115451037,39.58167447427623,25.781694283545832,Sp2047-0808
-0.5,None,-21.456931639150557,45.07789624061985,-24.598627102250216,61.5607794627529,45.07789624061985,Sp2049+3336
-0.5,None,-64.0917919766247,19.27797890089657,-73.52714481858817,31.832853733547154,19.27797890089657,Sp2049-1716
-0.5,None,-65.60197113105932,17.67797187293271,-75.51603449517529,29.845845029594738,17.67797187293271,Sp2049-1944
-0.5,None,-46.678881557361954,32.82556204777936,-52.67940750943833,48.60868833091532,32.82556204777936,Sp2052+0510
-0.5,None,13.651343897562883,40.496837006323496,12.40014713429022,45.77519980310207,40.496837006323496,Sp2052+7104
-0.5,None,-64.666204175322,-2.844333764714372,-71.74829284238287,5.19873010789122,-2.844333764714372,Sp2052-4758
-0.5,None,-53.14459088912056,-14.571636369313685,-56.12225333389295,-9.271005158617697,-14.571636369313685,Sp2052-6431
-0.5,None,-48.319757115113156,31.409522982882294,-54.798864833718504,46.95746239172436,31.409522982882294,Sp2053+0303
-0.5,None,-21.411511276545795,44.2200447410371,-25.009148844904743,60.72548815863139,44.2200447410371,Sp2053+3319
-0.5,None,-52.534959292244814,27.071110295754533,-60.812343541644374,41.9648097258281,27.071110295754533,Sp2057-0252
-0.5,None,-43.213713082763384,31.50716651355451,-51.07040729388085,47.78504770531181,31.50716651355451,Sp2104+0722
-0.5,None,-22.56228278830816,41.396674439809836,-27.593002452803052,58.11914431715522,41.396674439809836,Sp2104+3100
-0.5,None,-57.161627618379676,21.022313904486523,-68.71251044324292,35.06882075454116,21.022313904486523,Sp2104-1037
-0.5,None,-6.747493863836182,43.53528617157575,-10.440638881347596,56.6600371215018,43.53528617157575,Sp2105+4816
-0.5,None,-60.56168869345054,16.562387693818906,-74.84020064299338,29.825694552832918,16.562387693818906,Sp2106-1650
-0.5,None,-65.27224519023909,0.46794726823477156,-79.32723533716204,10.149839470756893,0.46794726823477156,Sp2106-4044
-0.5,None,-51.195617325216645,24.998876271733213,-61.54916409244403,40.139231562075466,24.998876271733213,Sp2107-0307
-0.5,None,-63.3952334888278,-3.1584152753237738,-74.81187451264827,5.781968918889389,-3.1584152753237738,Sp2107-4544
-0.5,None,-57.921629923175885,-10.178780622562385,-65.2225918224128,-2.833580232464678,-10.178780622562385,Sp2110-5540
-0.5,None,26.213453925359715,33.7490305992317,25.58453479221554,35.22936434032601,33.7490305992317,Sp2112+8427
-0.5,None,-44.55064387302842,27.125592810044715,-55.05603305106187,43.2435112226728,27.125592810044715,Sp2116+0341
-0.5,None,-18.210570952117898,39.56001126425159,-24.36416591354893,55.79139492427565,39.56001126425159,Sp2117+3428
-0.5,None,-61.887329541938826,-4.111708120717352,-75.86812698528196,5.290850870257715,-4.111708120717352,Sp2118-4505
-0.5,None,-38.53913937662322,29.696610923596925,-48.46789864490318,46.44902577892495,29.696610923596925,Sp2120+1021
-0.5,None,-62.435852405899176,-2.0682125723410842,-79.47726414821976,7.999905457533037,-2.0682125723410842,Sp2120-4130
-0.5,None,-25.015900537907918,34.92167321791273,-33.365716771658,51.934616671176045,34.92167321791273,Sp2126+2531
-0.5,None,-61.650529429733965,3.443021448905028,-89.17962997090684,15.239071886335399,3.443021448905028,Sp2126-3143
-0.5,None,-37.8911433957053,-27.003114851583792,-39.446691727278186,-24.769487457058855,-27.003114851583792,Sp2126-8140
-0.5,None,-32.21502245802811,31.269992139396212,-42.01238343557558,48.37179060327649,31.269992139396212,Sp2127+1652
-0.5,None,1.5340779976075352,40.08161126594668,-2.999713857791617,51.01194660634513,40.08161126594668,Sp2127+5553
-0.5,None,-61.08827057783447,-3.4805120470210293,-78.85875739745693,6.683217033114016,-3.4805120470210293,Sp2127-4215
-0.5,None,-51.012937574177414,17.011768363133843,-67.63656428936164,32.08101796418971,17.011768363133843,Sp2130-0845
-0.5,None,-34.17393251651871,28.82933832029055,-45.18031987203652,45.85175848886357,28.82933832029055,Sp2132+1341
-0.5,None,-26.086233136765095,32.809923872193615,-35.51182145956848,49.886461720452026,32.809923872193615,Sp2133+2321
-0.5,None,-25.315154496350086,32.77352730908469,-34.80225192983851,49.820693841074224,32.77352730908469,Sp2134+2404
-0.5,None,-12.937526361611482,37.2889189178953,-20.227961774427385,52.75371376074426,37.2889189178953,Sp2134+3838
-0.5,None,-59.51231341971543,2.5584466867648636,-88.48507184241105,14.820211227949885,2.5584466867648636,Sp2135-3040
-0.5,None,-59.84785998952458,1.9115333053919894,-88.48936576769005,13.968370597988555,1.9115333053919894,Sp2135-3153
-0.5,None,-32.53431792029269,28.29843284577617,-43.99904717446542,45.38018806615746,28.29843284577617,Sp2137+1450
-0.5,None,-47.933603503130946,-19.92833813214786,-53.70282420258898,-14.215803595013183,-19.92833813214786,Sp2137-6723
-0.5,None,-0.2469617484216307,38.50112460924041,-5.909182164960243,50.42670313106208,38.50112460924041,Sp2138+5257
-0.5,None,-11.67801993818618,36.61254563107814,-19.274059581768313,51.882655547872325,36.61254563107814,Sp2139+3934
-0.5,None,-43.96185442672633,19.652332198387654,-59.608304341307374,35.766008070211996,19.652332198387654,Sp2140-0050
-0.5,None,-56.03940284468706,-11.04907768283223,-69.66876403597679,-2.0189229086413962,-11.04907768283223,Sp2141-5118
-0.5,None,-36.030102485546955,-28.410919287136238,-37.487446137024335,-26.573015154859007,-28.410919287136238,Sp2143-8337
-0.5,None,-53.75509331604429,8.29640615704642,-77.19337915439088,22.490013896421566,8.29640615704642,Sp2144-1847
-0.5,None,-38.42678672321619,20.858280731596803,-53.789240725352066,37.54185695205222,20.858280731596803,Sp2148+0447
-0.5,None,-37.0123552747021,21.762551204569682,-51.930382123455836,38.564110038326085,21.762551204569682,Sp2148+0639
-0.5,None,-52.19629768371058,-15.812844173372387,-62.81737956935216,-7.901573198335908,-15.812844173372387,Sp2149-5805
-0.5,None,-47.732852563698906,-20.30890721606102,-54.79913089331794,-14.09006158416739,-20.30890721606102,Sp2150-6610
-0.5,None,-23.650318956491216,29.06887883845966,-35.16528730852565,46.07866670608243,29.06887883845966,Sp2151+2328
-0.5,None,-48.76017862227556,11.222139093398004,-69.91776901943103,26.44317348941004,11.222139093398004,Sp2151-1141
-0.5,None,-18.159211731061816,30.930358385833497,-28.774632544001523,47.485519885361924,30.930358385833497,Sp2153+2950
-0.5,None,-55.458898333451216,-9.318835196223601,-75.07348385615748,1.2301642197207319,-9.318835196223601,Sp2156-4505
-0.5,None,19.85684461483889,34.73571577247751,16.842666375637315,39.33036334206317,34.73571577247751,Sp2157+7537
-0.5,None,-54.10146185578973,0.708323297906582,-82.73649449754737,14.100099080223357,0.708323297906582,Sp2157-2726
-0.5,None,-52.21346994341937,-15.42482079066266,-65.02457480717419,-6.799646889230377,-15.42482079066266,Sp2157-5534
-0.5,None,6.017109338052621,35.92445039033176,-0.07382789163386325,46.20790150935429,35.92445039033176,Sp2158+5836
-0.5,None,-49.531730931982715,7.4558754001779945,-73.3560119377158,22.359251931608853,7.4558754001779945,Sp2158-1550
-0.5,None,3.6976914860181727,35.4782531231674,-3.0343799397006457,46.697450951640015,35.4782531231674,Sp2200+5536
-0.5,None,-50.00271318302157,2.9966976475537677,-76.7195692653428,17.49755003928732,2.9966976475537677,Sp2206-2047
-0.5,None,-53.879545815019135,-9.313186326479379,-76.54713195800234,2.011455492729386,-9.313186326479379,Sp2206-4217
-0.5,None,-53.38721593741579,-6.829648516330499,-79.76262309361468,5.417295970124809,-6.829648516330499,Sp2209-3707
-0.5,None,-52.595014771402944,-10.624745191115508,-75.38914067980004,0.7992489917437594,-10.624745191115508,Sp2213-4245
-0.5,None,-50.32683375326397,-16.993887215757468,-64.96859868912519,-7.8471807143063765,-16.993887215757468,Sp2213-5451
-0.5,None,-44.76681929849295,5.529621211495642,-69.34636941348339,21.06860730192862,5.529621211495642,Sp2214-1319
-0.5,None,-44.43969445532716,3.8307346206095283,-69.9039525376432,19.32239294900668,3.8307346206095283,Sp2219-1440
-0.5,None,-27.563242752582607,17.366732618718448,-45.09331691761395,34.500146472028696,17.366732618718448,Sp2221+1158
-0.5,None,8.19788627394588,32.79435787073574,0.7481926824214589,43.04917501177157,32.79435787073574,Sp2222+5857
-0.5,None,-48.35721185150849,-19.29346934524384,-62.204905857598966,-10.467599679579433,-19.29346934524384,Sp2222-5719
-0.5,None,10.623744133863118,32.55889375353606,3.515443961714134,41.9823761641655,32.55889375353606,Sp2226+6139
-0.5,None,-40.18657842613863,-26.898444000919472,-45.49077330806038,-22.370356902015157,-26.898444000919472,Sp2226-7503
-0.5,None,-41.86008543602789,2.621802346498879,-67.60309379920139,18.40710639201309,2.621802346498879,Sp2228-1325
-0.5,None,-38.12845121663471,5.9438899011852415,-61.870149562974156,22.309523757068227,5.9438899011852415,Sp2229-0650
-0.5,None,-49.39075716626227,-15.499173974917834,-69.95513419830989,-4.5306163671531605,-15.499173974917834,Sp2229-4728
-0.5,None,-48.63322130201587,-8.813790463452754,-76.69561038823889,4.472328193360368,-8.813790463452754,Sp2230-3358
-0.5,None,-27.66089064638715,13.767351367091344,-46.980495395789426,30.887017125543068,13.767351367091344,Sp2232+0909
-0.5,None,-9.600309634143,24.49469525591606,-23.135908456331457,40.25529738443484,24.49469525591606,Sp2233+3359
-0.5,None,-16.891437137470188,20.32332180572503,-32.72852562282359,37.07078503734112,20.32332180572503,Sp2234+2359
-0.5,None,-46.36552777393232,-5.912582339883902,-75.34490648782737,8.387254351042877,-5.912582339883902,Sp2234-2720
-0.5,None,-30.176581290440286,10.539482991753621,-51.16135519714387,27.56255503152612,10.539482991753621,Sp2235+0418
-0.5,None,-20.449817802315618,17.59294211560958,-37.70175847049358,34.60461928130289,17.59294211560958,Sp2235+1840
-0.5,None,-5.088102472445435,25.734404119126605,-17.74208226554992,40.64139252072228,25.734404119126605,Sp2237+3922
-0.5,None,-1.6601936291857475,27.113786480262817,-13.361028311319933,41.17154258007069,27.113786480262817,Sp2238+4353
-0.5,None,-3.9764877182386176,25.471133296921835,-16.673767698566387,40.186081824453254,25.471133296921835,Sp2240+4018
-0.5,None,-47.66981302238274,-14.921734972300056,-71.60190687189915,-2.868793090967437,-14.921734972300056,Sp2240-4253
-0.5,None,-45.40357474477648,-22.383551582768494,-59.31155764590984,-13.623668513982375,-22.383551582768494,Sp2241-5915
-0.5,None,-44.83679217010644,-23.17482427351367,-57.54355772051553,-14.903054753370473,-23.17482427351367,Sp2241-6119
-0.5,None,-14.293153542772687,19.309521491827574,-30.50247443271772,35.86745498017525,19.309521491827574,Sp2242+2542
-0.5,None,-45.16108658650076,-22.65428755799694,-58.98158268734656,-13.935048485275049,-22.65428755799694,Sp2243-5932
-0.5,None,-45.07126286958197,-9.674484716780507,-73.79595392469861,4.392052645746176,-9.674484716780507,Sp2244-3045
-0.5,None,9.419791093790371,29.58756387921718,0.4139365800433332,40.15179962626932,29.58756387921718,Sp2245+5750
-0.5,None,-17.685449708490935,15.83376792593625,-35.64752066871441,32.73595324026893,15.83376792593625,Sp2247+1955
-0.5,None,-8.778392044460762,20.785492217716477,-24.016736445619937,36.64317464041068,20.785492217716477,Sp2249+3205
-0.5,None,-44.9323547559811,-22.371059023343527,-60.818192349342034,-12.87547453655084,-22.371059023343527,Sp2250-5640
-0.5,None,-38.81868915169176,-4.295823986311861,-66.77171944801006,11.481015663423012,-4.295823986311861,Sp2252-1730
-0.5,None,-45.43363762821202,-19.244172873778375,-66.74550846615982,-7.872774459503916,-19.244172873778375,Sp2253-4801
-0.5,None,-42.39804825157898,-10.512076717910334,-71.29748448960694,4.0431215068458695,-10.512076717910334,Sp2254-2840
-0.5,None,-44.140891210701454,-23.2263333415982,-59.961655619154854,-13.76061791717951,-23.2263333415982,Sp2255-5713
-0.5,None,-28.41339182726002,4.119216719098137,-52.15300225796385,21.125698100217175,4.119216719098137,Sp2256+0031
-0.5,None,17.91509323676818,30.421541460622397,11.289972357868393,37.562245936511765,30.421541460622397,Sp2256+6854
-0.5,None,-44.40732890500679,-16.551566036533718,-69.93826205359392,-3.725323502840074,-16.551566036533718,Sp2257-4030
-0.5,None,-44.652545005220674,-19.371222857541422,-66.93924282721282,-7.636836732250088,-19.371222857541422,Sp2257-4638
-0.5,None,-27.558438310094843,4.022598185843357,-51.26665258782229,21.06084557906552,4.022598185843357,Sp2258+0113
-0.5,None,25.3659035214949,31.190368168342573,22.024898676480973,34.50550410346419,31.190368168342573,Sp2259+8013
-0.5,None,-44.035843259506045,-22.648535654667384,-61.76793776405927,-12.469880426728377,-22.648535654667384,Sp2259-5420
-0.5,None,-14.186999249873052,13.037213698345079,-33.21158122022923,29.774915424974903,13.037213698345079,Sp2303+2100
-0.5,None,-29.5750880558105,-0.8415533064825436,-55.33508003620446,16.006054986512254,-0.8415533064825436,Sp2306-0502
-0.5,None,-43.11576582506203,-22.17436525508102,-63.65585478626546,-10.958582012519525,-22.17436525508102,Sp2306-5008
-0.5,None,-39.196499353701064,-12.440069391628779,-68.12507127814337,2.529453421787791,-12.440069391628779,Sp2308-2722
-0.5,None,-35.14813195965018,-8.255025241234378,-63.61822734762704,7.7473229089031905,-8.255025241234378,Sp2310-1759
-0.5,None,19.621734704423528,28.983610133828343,12.564005132611475,35.87318136158137,28.983610133828343,Sp2314+6939
-0.5,None,-35.291551426433756,-11.431068363582616,-64.1963304991781,4.3132733020478025,-11.431068363582616,Sp2316-2141
-0.5,None,16.592517966861948,27.474958463551058,7.828590155683082,36.00997938564344,27.474958463551058,Sp2317+6423
-0.5,None,24.12471230885404,29.87925679593696,19.217909110401877,34.405990461186136,29.87925679593696,Sp2319+7645
-0.5,None,-30.742009607917687,-8.24948230290339,-58.78962230426177,8.248068573245508,-8.24948230290339,Sp2321-1326
-0.5,None,-37.47293426533307,-17.192827390766567,-65.80677976988731,-2.5078511673009016,-17.192827390766567,Sp2322-3133
-0.5,None,-40.097061693244136,-27.301764783463195,-56.459866506413746,-17.630656325059416,-27.301764783463195,Sp2324-5817
-0.5,None,3.852555678439466,18.70328411869983,-11.33702648562671,32.47949589790116,18.70328411869983,Sp2325+4251
-0.5,None,-31.353058171781544,-11.655542724682203,-60.051405811107514,4.594457023141662,-11.655542724682203,Sp2327-1741
-0.5,None,-5.718308230734665,10.750041665736305,-25.149691837849613,26.74481656738821,10.750041665736305,Sp2329+2704
-0.5,None,-30.15175222936976,-11.385981364904737,-58.72632163044397,5.012542795138181,-11.385981364904737,Sp2329-1607
-0.5,None,-39.6144252760768,-26.771778934806694,-58.51125503510597,-16.048693457397277,-26.771778934806694,Sp2329-5408
-0.5,None,-39.19440147605372,-24.839585632137783,-61.66141937917191,-12.700639765619911,-24.839585632137783,Sp2330-4736
-0.5,None,-12.28581319586686,4.6364134324895545,-34.58587651274828,21.46225354755267,4.6364134324895545,Sp2331+1552
-0.5,None,-23.921772044717375,-5.605424811057492,-50.6284889448039,11.423922053679139,-5.605424811057492,Sp2331-0406
-0.5,None,-34.51716349056603,-17.20295886637914,-63.289016895433626,-1.906640346755081,-17.20295886637914,Sp2331-2749
-0.5,None,23.85345259578242,28.677689498601342,17.965531999924995,33.81003829100342,28.677689498601342,Sp2333+7456
-0.5,None,-9.436192165156692,5.88149050467733,-31.058775686311556,22.461599298201442,5.88149050467733,Sp2334+1933
-0.5,None,-9.72620944013465,5.055468441245396,-31.681731942187636,21.68640887841089,5.055468441245396,Sp2336+1835
-0.5,None,-7.6135323679232645,6.667389354721397,-28.803400585062803,23.053216282747428,6.667389354721397,Sp2336+2153
-0.5,None,6.2717512268575355,17.34005540113272,-9.297191896867409,30.73647968766679,17.34005540113272,Sp2337+4405
-0.5,None,-25.4117260979661,-9.70947076166207,-53.27924722773758,7.1522194478467895,-9.70947076166207,Sp2337-0933
-0.5,None,18.120139970977334,25.144399144970105,8.338071344899294,33.72792350054347,25.144399144970105,Sp2338+6352
-0.5,None,-30.152846714186165,-15.33296696048399,-59.10959286190852,0.8182048652862594,-15.33296696048399,Sp2338-2029
-0.5,None,-37.82520449012419,-26.066429426185277,-60.482509292343714,-13.762537697079717,-26.066429426185277,Sp2338-4726
-0.5,None,1.0293533752415727,12.789721558368825,-17.032702563128332,27.663325439099264,12.789721558368825,Sp2339+3507
-0.5,None,-32.44781430210967,-20.16686706924735,-60.984819891953755,-4.8402328691411,-20.16686706924735,Sp2343-2906
-0.5,None,-11.31886629114252,0.5223743784069039,-35.01699623392574,17.388767835695003,0.5223743784069039,Sp2344+1312
-0.5,None,-22.946417594287407,-10.161791159498609,-50.69441157867069,6.821927481793802,-10.161791159498609,Sp2344-0733
-0.5,None,21.03167767103665,25.761436091955844,12.327266369109553,33.07568653706897,25.761436091955844,Sp2345+6758
-0.5,None,-11.918991053932528,-0.8195484371284193,-36.11324961011529,16.109432704198518,-0.8195484371284193,Sp2346+1129
-0.5,None,-2.5191431535420703,7.198334149754662,-23.126584145907184,22.978104949199363,7.198334149754662,Sp2347+2702
-0.5,None,-21.67834517454377,-10.506295482108213,-49.391486047053185,6.524415810471594,-10.506295482108213,Sp2347-0638
-0.5,None,-32.27201695691584,-22.159107914584467,-60.37967636889682,-7.067546025293841,-22.159107914584467,Sp2348-3134
-0.5,None,-13.076149356473518,-3.423898743841053,-38.189750197706175,13.603643757184217,-3.423898743841053,Sp2350+0806
-0.5,None,0.026379544703887096,8.129307471267252,-20.021185743254122,23.49789633227741,8.129307471267252,Sp2351+3010
-0.5,None,-27.02130419482797,-18.101604848541456,-56.003181250516526,-1.7609315319126413,-18.101604848541456,Sp2352-2009
-0.5,None,-21.339873000288847,-12.780421823051515,-49.46818787410307,4.2198409836315545,-12.780421823051515,Sp2353-0833
-0.5,None,-0.1741999752619575,6.773615633957846,-20.76464247293276,22.257977465281225,6.773615633957846,Sp2354+2849
-0.5,None,-25.994462133480038,-17.97330094173537,-54.9587480302887,-1.5113447002460496,-17.97330094173537,Sp2354-1852
-0.5,None,-31.692895836663087,-23.928972618233058,-59.406716656543466,-8.981233872202866,-23.928972618233058,Sp2354-3316
-0.5,None,-36.2127734199162,-31.801334251758043,-50.56134474025792,-23.08516914512396,-31.801334251758043,Sp2354-6312
-0.5,None,-32.711758508516425,-26.32206782092803,-59.025421205522946,-12.104650759203887,-26.32206782092803,Sp2356-3827
-0.5,None,6.87687119544343,12.263070462462208,-10.885450497144292,26.082510168532615,12.263070462462208,Sp2357+4011
-0.5,None,16.56754319113717,20.47267106575975,3.90416338048997,30.6328301570635,20.47267106575975,Sp2357+5727
-0.5,None,-2.430241027427895,3.192473403327106,-24.52355925189318,19.172662927130233,3.192473403327106,Sp2359+2338
-0.5,None,-25.49107587892091,-19.587426066701617,-54.47699438085658,-3.1695367355957136,-19.587426066701617,Sp2359-2007
-0.5,None,-29.434149029489156,-23.42842274092473,-57.7720542860728,-7.936278281843166,-23.42842274092473,Sp2359-2932
