priority,set or rise,alt set start,alt rise start,alt set end,alt rise end,max_alt,Sp_ID
43382.431884330384,None,-33.266323192686,54.801636759409746,-7.420616045244258,34.141228420800054,73.38243188433039,Sp0000-1245
150374.87002073549,None,-51.32098249432184,34.74004357379005,-21.578673452304276,18.550128826296188,45.03748700207355,Sp0001+1535
293681.49231373286,None,-43.40921663848895,45.99902335573976,-15.043028365581423,27.318845871023733,59.36814923137329,Sp0002+0115
-0.5,None,-50.39377100893921,-2.145736664905786,-33.39026676312763,-9.850675964966202,1.9146296806650664,Sp0004+5843
47769.755181270884,None,-30.61481271723401,57.994714851956424,-5.951508399281143,37.01944493855717,77.76975518127088,Sp0004-1709
51571.434326014394,None,-27.59054317651338,59.578246744541104,-3.8087740470028013,38.43928534072739,81.5714343260144,Sp0004-2058
4861.78418078657,None,-11.490980583027968,61.29510630235305,7.073980749064397,42.96474577785291,78.6178418078657,Sp0004-4044
283355.7739748555,None,-44.63144299123602,45.73815646073671,-16.188750285868323,27.3385135304565,58.33557739748555,Sp0005+0217
52568.255413656276,None,-26.97258656006909,60.18394656994072,-3.4856220474924533,39.03383273245515,82.56825541365627,Sp0005-2157
259748.36487455355,None,-46.40538279806544,44.18287766925902,-17.660330616473164,26.25138377107867,55.974836487455356,Sp0006+0439
38165.19326886481,None,-38.1523580616617,52.90370669131909,-11.497376727880896,32.995029732503994,68.16519326886481,Sp0006-0732
55592.13131505464,None,-24.742296198521174,61.43059824120611,-2.0698038313391542,40.32403966365743,85.59213131505464,Sp0007-2458
143.3695444382721,None,-57.4197839925774,24.242698116842295,-28.506220332647494,10.97369480282978,31.43369544438272,Sp0008+2911
-0.5,None,-55.20762350901237,6.514377004373829,-33.27359528505786,-2.9163368016089106,11.31758804880219,Sp0008+4918
-0.5,None,-52.815592677846325,1.5240522929666283,-33.786050731003414,-6.807119329888433,5.738590183514172,Sp0008+5453
38400.70352183558,None,-38.609033429563816,53.7721407213694,-12.159789358281762,33.92396684007547,68.40070352183558,Sp0010-0746
5113.543806598247,None,-28.706566464071305,60.54122707517702,-5.094525081485321,39.42690038215378,81.13543806598247,Sp0010-2031
-0.5,None,-50.96939566367023,-2.0893608866590663,-34.35414697283339,-9.442733610122259,1.4871427766527963,Sp0011+5908
5574.0758947749755,None,-18.16134160122492,63.44632048151034,2.0441527392594216,43.29936164843932,85.74075894774975,Sp0011-3334
-0.5,None,-54.64549887087586,4.3767991165006235,-34.12234450313334,-4.379915782146654,8.643116317339897,Sp0012+5159
-0.5,None,-58.3135201629999,14.957406357155383,-32.37795836991458,3.964576841110164,20.42756571095962,Sp0013+4012
35588.07928458701,None,-41.23086363772499,52.477711614922015,-14.348877963516928,33.16456901726758,65.58807928458701,Sp0013-0457
5321.337918189653,None,-27.585378016139668,62.172402044756495,-4.697107831513197,41.022906656728054,83.21337918189653,Sp0013-2235
5660.119470588125,None,-19.19185869316507,64.0869696627929,1.056993609938117,43.776481055376365,86.60119470588126,Sp0014-3245
4063.540851974102,None,-5.716694142756583,60.10148029892072,9.917256622505601,44.79476206584919,70.63540851974102,Sp0014-4844
-46349.58162927919,None,-59.28389361213085,19.592949950918815,-31.69310065703688,7.810719558827952,25.36504183707208,Sp0015+3516
-0.5,None,-58.250282116047536,12.953461579545271,-33.288324412687054,2.531647741691898,17.97531005572326,Sp0015+4239
4845.218622902116,None,-12.629492698006787,63.56580145989623,5.181280062289783,45.366541443810796,78.45218622902117,Sp0017-4054
2543.325524784243,None,7.1012447539811845,50.856388655218005,17.624194210179784,42.00767740266027,55.43325524784243,Sp0018-6356
30117.755107012108,None,-46.06706727416698,49.40719537019734,-18.347758783048803,31.2586498998527,60.11775510701211,Sp0019+0030
25783.425260115855,None,-49.028669286088636,46.06200066347533,-20.580768347741305,28.74057187885527,55.783425260115855,Sp0019+0450
-0.5,None,-55.54541237434534,4.654581683961097,-35.26612796516583,-3.7470215921365595,8.411334916735251,Sp0019+5213
5194.7261807970535,None,-15.864822720256049,64.83331146970183,2.789130169881046,45.5785319473069,81.94726180797053,Sp0019-3724
-24532.53511626034,None,-60.25440970519322,21.98298218882984,-32.04211666163208,10.0461768234256,27.546746488373966,Sp0020+3305
5254.704415794728,None,-29.014289092278286,63.368154906843344,-6.342148355736359,42.24147473188603,82.54704415794728,Sp0020-2155
4662.6381722595415,None,-11.420330698119116,63.65010069934257,5.644822723937095,46.12586380712462,76.62638172259541,Sp0021-4244
2552.127311887038,None,6.880209018837475,51.11537856868155,17.327910398099338,42.314178813515724,55.52127311887038,Sp0021-6351
18579.6754331747,None,-53.928022300921455,40.53544223420981,-24.59008732580868,24.73798108298045,48.5796754331747,Sp0022+1203
3259.5937702649194,None,-45.22477896068585,52.136398350296524,-18.178487013413097,33.7455726763778,62.595937702649195,Sp0024-0158
5768.670325578831,None,-25.171826377873693,65.79031020573011,-4.075867995630208,44.73789171721693,87.6867032557883,Sp0024-2708
-0.5,None,-55.1566234030069,3.0209214856678943,-36.175161773791615,-4.739055747904484,6.249574299309827,Sp0025+5422
24088.79697116015,None,-51.494470213105856,45.73725596325727,-22.975539733178923,29.105606774526706,54.08879697116015,Sp0026+0632
3488.898137046435,None,-1.6533794861776434,58.28459856142064,11.597985653706312,45.731626980421154,64.88898137046435,Sp0026-5428
8305.917806808608,None,-59.82658607992541,32.31534112036046,-30.081448795894,18.800006722699653,38.30591780680861,Sp0027+2219
3534.187612094868,None,-2.0823910565060646,58.63221692279563,11.28555108604548,45.89842842479084,65.34187612094868,Sp0027-5401
7814.376423864544,None,-60.082732453004844,31.923163032635532,-30.353193447671543,18.524625626825827,37.814376423864545,Sp0028+2249
17712.14027499643,None,-55.81576366208055,40.683095563566845,-26.489529462889404,25.440330659289447,47.71214027499643,Sp0029+1255
7884.377942362789,None,-60.50794671636658,32.20264975394578,-30.769413100673628,18.912523815414907,37.88437794236279,Sp0030+2244
23794.696309614443,None,-52.67398108080023,46.217230448301045,-24.254369414187725,29.92795999988889,53.794696309614444,Sp0031+0649
5068.340963166109,None,-15.915009811823593,66.78763131763094,1.6812715087328993,47.96399320335684,80.68340963166109,Sp0031-3840
28304.857776999364,None,-49.63674762841693,49.964882548616984,-22.0427629817549,32.77634193685183,58.30485777699936,Sp0032+0219
11612.422251736234,None,-62.48586462162752,26.337172876272486,-33.41162706808123,14.399446625633418,31.161242225173623,Sp0032+2927
4597.499495215607,None,-36.1413124755895,62.86354823519322,-12.60547751959645,42.448255266333135,75.97499495215607,Sp0033-1521
-0.5,None,-62.199050564221835,16.108648550715614,-36.524796550955806,6.337060176080587,19.799774749465065,Sp0034+4050
1818.1240091424443,None,-63.14826863825268,27.243846125967433,-33.93914056392027,15.393132331744297,31.818124009142444,Sp0035+2848
12279.631270097652,None,-60.03875279521031,36.74162580786641,-30.346460161080763,22.97662080660714,42.27963127009765,Sp0036+1821
5115.320294249472,None,-32.23747694513765,66.21762166013488,-10.20665040742291,45.25474616904883,81.15320294249472,Sp0036-2031
-0.5,None,-63.18937238807444,17.877543947560355,-36.8462439380242,7.987191514773957,21.460057158465027,Sp0037+3910
16938.602013171105,None,-58.82118610182616,41.507711594227864,-29.614806931287184,27.19477871507293,46.938602013171106,Sp0041+1341
3301.7347829035584,None,-0.9230940037979144,58.42024886577986,11.016662877200094,47.212722903675925,63.017347829035586,Sp0041-5621
3784.6477341119125,None,-44.09548577412303,59.065040982378214,-19.12189584838545,40.422380937514085,67.84647734111913,Sp0042-0712
61968.01904093036,None,-63.90342714570343,31.95469717410614,-34.19119106710715,19.791552661765145,36.196801904093036,Sp0043+2426
-0.5,None,-56.24125391851791,2.3445566438698044,-38.82533294645897,-4.2948531154473075,4.456919085898025,Sp0044+5610
5326.19970428608,None,-19.551355567581364,70.256036825025,-2.202452170013959,50.713369519014265,83.2619970428608,Sp0045-3604
2775.581417634622,None,-52.486567832687136,51.47635181548669,-25.36162497385059,35.20613858628704,57.75581417634622,Sp0046+0252
5462.122332011029,None,-20.863815922173686,70.69917719334401,-3.203640417987436,50.76701437647467,84.62122332011029,Sp0046-3442
3722.7388557886457,None,-45.5892721852378,59.68619138762118,-20.873504245914166,41.504900095106436,67.22738855788646,Sp0049-0635
4626.93241290213,None,-38.09706244128294,66.30146666631941,-15.739264645525369,46.25145221297882,76.2693241290213,Sp0050-1538
5077.574637264868,None,-34.14963170802018,68.80945788783872,-12.935544635004572,48.03832716517833,80.77574637264868,Sp0050-2008
11896.428551007099,None,-63.39046689240966,37.905283151531556,-33.783207172176446,25.200628644503098,41.8964285510071,Sp0051+1844
5348.286893922891,None,-31.89340991325251,70.28521204775858,-11.468764288674926,49.24953971783083,83.48286893922891,Sp0051-2251
5353.027043532397,None,-31.871944462520542,70.34958633620494,-11.475471293338007,49.31159122450449,83.53027043532397,Sp0051-2254
-0.5,None,-48.58914317619993,-7.974404126236263,-37.889815577771714,-12.37460551834568,-6.7656202600743205,Sp0052+6724
5764.691104938351,None,-28.27168905220978,71.9200528296964,-9.05949722148326,50.79018171935379,87.6469110493835,Sp0052-2705
2733.797863305877,None,3.6945981011024163,54.65876997192825,13.419029374710226,46.25006098331792,57.33797863305877,Sp0052-6201
-0.5,None,-61.3977010594284,8.924436311324499,-40.54602515082979,1.6435742174346994,10.91946071340415,Sp0053+4942
-0.5,None,-61.23580921167968,8.632877975828615,-40.57190964643856,1.4126493632412573,10.603756271654044,Sp0053+5001
5281.942892948393,None,-19.789232487070468,71.5761798128419,-3.0656434797400323,52.22239046703042,82.81942892948393,Sp0053-3631
5843.817684072967,None,-25.079306760814603,72.78877475465312,-7.005081870089395,52.01795030997021,88.43817684072967,Sp0055-3052
3452.722783254569,None,-3.0741456380894987,60.79000213909471,8.591912207096707,49.50746091956899,64.52722783254569,Sp0055-5450
-0.5,None,-62.73726696387877,10.245256506542727,-41.40157931993584,3.044975293822572,12.04542785950321,Sp0058+4835
3748.5983011956378,None,-46.65240667895227,61.290800944161255,-22.602772705157484,43.55471412580228,67.48598301195638,Sp0058-0651
-0.5,None,-56.88786368400749,1.8071476762520866,-40.80878871946894,-3.9612762481968646,3.201596380613803,Sp0059+5726
-0.5,None,-60.35794153050839,6.248915109053628,-41.679613452537154,-0.12318696637087474,7.734141211300941,Sp0102+5254
5173.575408820433,None,-19.521773092063402,72.97439754480025,-3.7680584274832283,54.14109090475907,81.73575408820433,Sp0102-3737
2598.960281678968,None,4.5133686265308475,54.05406218812796,13.386779713055239,46.59000460219643,55.98960281678968,Sp0102-6322
4201.427369958623,None,-68.728229598818,31.672161466627596,-39.05652573445731,21.19224959131362,34.20142736995862,Sp0103+2626
-0.5,None,-65.27650994132279,13.746097778125383,-42.12251502358798,6.244751015437638,15.479486432265364,Sp0103+4509
3137.0994678704683,None,-52.35182841567145,56.727378315905035,-27.005240021263035,40.76423793596544,61.37099467870468,Sp0103-0044
3550.7139414177914,None,-4.423983542890435,62.284138725906146,7.049291843757675,50.97401275636217,65.50713941417791,Sp0103-5351
1567.8424827549386,None,-64.02612807327544,42.595706319823385,-35.1196193187186,30.129182996862685,45.678424827549385,Sp0104+1457
2981.2497093691873,None,0.7586374075452806,57.66512351630308,10.507674618911803,48.934009656484854,59.812497093691874,Sp0106-5933
6040.783935664159,None,-69.05010782435478,33.684065220845056,-39.28336258783835,23.15463480496708,36.04078393566416,Sp0107+2435
2419.929547401412,None,-58.92994877073249,50.92029783161932,-32.080103766918796,37.05541362701985,54.19929547401412,Sp0109+0625
812.079653920776,None,-70.53354781326159,28.826264059736616,-41.25561094860277,19.330396275591596,30.812079653920776,Sp0109+2949
3435.659564685895,None,-50.77946037318232,60.14530813559755,-26.681136391507536,43.933086485831225,64.35659564685895,Sp0109-0343
3945.0295565427496,None,-8.444966031845777,66.01830620303053,3.710441307037479,53.200007850440606,69.4502955654275,Sp0109-4954
3835.119983008671,None,-7.403463576462688,65.12161269133242,4.474816925555762,52.81857725242484,68.35119983008671,Sp0109-5100
4023.2521285607872,None,-9.321786811318947,66.89781339607912,2.864944758179678,53.85194692985926,70.23252128560787,Sp0111-4908
447.5818132381562,None,-42.08517940548385,69.34239890474234,-21.136421570397385,50.60015638058817,74.75818132381562,Sp0113-1408
2443.49352926221,None,5.445625176003775,53.296710462002935,13.222145734789592,47.04324621640732,54.4349352926221,Sp0116-6455
1275.450682139622,None,-68.1645592188091,40.781768380810234,-39.053456327591654,29.849623745463163,42.75450682139622,Sp0117+1752
434.3202920980369,None,-43.652903138596876,68.80758132413486,-22.63433724022273,50.65026338782392,73.43202920980369,Sp0117-1247
3831.1079675571377,None,-48.62691368477178,64.92953200298894,-26.493155254394033,48.50347899957058,68.31107967557138,Sp0120-0741
445.71752230593745,None,-13.956693230665783,71.32165216657685,-1.3288367276748274,56.628617477581,74.57175223059375,Sp0121-4447
466.949569186888,None,-16.12612636315515,73.2639915268103,-3.1905202819737677,57.606621223932244,76.6949569186888,Sp0123-4240
-0.5,None,-49.33982025718124,-8.113622073715895,-40.41923958448883,-11.371308780015882,-7.682469730047955,Sp0124+6819
-0.5,None,-35.23709848401487,-23.066776108619443,-32.96545367664354,-24.107279513647985,-22.93274543949826,Sp0124+8334
554.4571665680728,None,-24.50925429673703,78.44106037523194,-9.506259093481525,58.500536723918295,85.44571665680728,Sp0124-3355
184.02994582967233,None,-73.84683213397362,30.66389452225193,-44.31103837809536,22.14609903865963,31.840299458296723,Sp0125+2847
163.1507618003332,None,-67.62212696048827,44.81754569113067,-39.59907441347952,34.03566793118465,46.31507618003332,Sp0126+1419
576.4615073264833,None,-26.845365379746248,79.63677813168167,-11.551241350728176,58.99681318620976,87.64615073264834,Sp0127-3140
284.4027692020563,None,-58.22413269723076,56.58484279050557,-33.853937079971104,43.44372619215985,58.440276920205626,Sp0128+0211
132.75111387312143,None,-70.3119335760688,42.076886897889025,-41.67917916066889,32.15768147627694,43.275111387312144,Sp0130+1721
328.27283387982015,None,-54.642491282279586,60.91662169630357,-31.79151306185615,46.91135937256137,62.827283387982014,Sp0130-0211
445.9981775563118,None,-14.448855448001742,72.31924698545431,-2.4996370501871676,58.2385378869473,74.59981775563118,Sp0130-4445
47.628328816935195,None,-74.9969985878174,33.87786189671527,-45.22611493297028,25.54141876419331,34.76283288169352,Sp0132+2552
398.05206583840675,None,-48.4285409378315,67.5181937977108,-27.74366391500244,51.64974293515238,69.80520658384067,Sp0132-0910
564.0734318513238,None,-26.04299396129282,80.69880873227076,-11.63688664712987,60.508021567398885,86.40734318513238,Sp0134-3255
185.42562908920763,None,-67.4445182483373,47.51258185180693,-40.54934203489808,37.162848008571366,48.542562908920765,Sp0135+1205
160.1457768394046,None,13.024281965290545,45.751827657813415,17.749813050189957,42.680322676949764,46.01457768394046,Sp0138-7320
485.8864391589726,None,-40.714322066513596,76.01749679617907,-23.079922180474366,57.698630434285484,78.58864391589726,Sp0139-1757
125.59218541733024,None,-72.74752136986966,41.889556262369894,-44.35673155383227,33.08370181016146,42.559218541733024,Sp0141+1804
549.1162603655048,None,-34.77344079584001,81.03036156703473,-18.948553656017133,60.55957381496732,84.91162603655047,Sp0141-2417
-0.5,None,-65.60153712498342,9.021200719702259,-48.3633145481278,4.6121231198430115,9.28082387202646,Sp0144+5121
379.07546208936697,None,-51.28499321776516,66.82613167401433,-31.305412570652514,52.86728889612597,67.9075462089367,Sp0144-0716
588.3791219929908,None,-29.23075142194305,84.30526722512533,-15.55306265676343,63.38319717959757,88.83791219929908,Sp0148-3024
272.00541035682977,None,1.8793614833884764,56.9290556021101,8.763391448331548,51.547726008515625,57.200541035682974,Sp0148-6209
-0.5,None,-54.00965726092837,-3.836337391862705,-44.62507142870946,-6.5939634505924065,-3.7374491704626407,Sp0151+6423
315.0576957485282,None,-57.91326282377609,61.00146933715834,-36.75396895899041,49.67598776626727,61.50576957485282,Sp0151-0051
248.46440119549095,None,4.1415807569901535,54.65292302710914,10.392992147357937,50.05528984119358,54.846440119549094,Sp0151-6430
-0.5,None,-73.43177955205462,17.411626178089527,-51.32919036527418,12.725689880699242,17.55712486279776,Sp0154+4305
208.0843370355347,None,-68.10699120412441,50.537731422653664,-43.57869065221477,41.80663041929375,50.80843370355347,Sp0155+0950
271.01785207330346,None,-62.490710710706736,56.84732981359826,-40.45301745979403,47.15227538739352,57.101785207330344,Sp0156+0331
-0.5,None,-51.70918090358292,-6.339167279309635,-43.814589559799735,-8.666425590243719,-6.288374392237668,Sp0157+6656
125.23416867400485,None,-75.56525367558321,42.36921977921073,-48.117202351670535,35.23699288462802,42.523416867400485,Sp0158+1807
365.46140916403135,None,-53.74470149326803,66.32554090230995,-35.20446128354928,54.8739161037507,66.54614091640313,Sp0200-0554
203.05968356656052,None,-69.30966648476466,50.20343348417921,-45.35642764171693,42.37531177490948,50.30596835665605,Sp0202+1020
-0.5,None,-47.964367670400584,-10.267182126095749,-41.988853584601095,-12.072438086697579,-10.248138476516761,Sp0202+7053
527.8598943947509,None,-23.793067504911644,82.50814149250225,-12.90003137867401,66.44231947038297,82.78598943947509,Sp0204-3632
495.85069095939446,None,-20.613924550862247,79.3959605957122,-10.33939240563201,65.67470524137792,79.58506909593945,Sp0204-3945
177.82181842163396,None,-71.89468229817022,47.726956180439565,-47.22316652608778,40.59349074305899,47.782181842163396,Sp0205+1251
375.2940415107686,None,-53.032653914355976,67.429515195002,-35.32899170815983,56.34277496973054,67.52940415107686,Sp0205-0653
167.15563573822357,None,-73.12416039998617,46.68569012475682,-48.28110625013281,39.98372934966959,46.71556357382236,Sp0207+1355
594.2807125957002,None,-30.445644207133284,88.43894487427899,-18.569036908839944,67.45622090788804,89.42807125957002,Sp0207-2955
519.9245901457491,None,-23.057260381432467,81.8502383680591,-12.59145319484125,66.84223322603107,81.9924590145749,Sp0207-3721
49.33828636677774,None,-82.38065679463067,34.9162918941111,-52.86695050710196,29.6401135228501,34.933828636677774,Sp0208+2542
-0.5,None,-68.55128525286962,10.823736921744164,-52.385538664975755,7.596786890919738,10.833796701564955,Sp0208+4949
368.7548930771827,None,-8.132703556456061,66.87335461478344,-0.7262054463725164,60.337711959890534,66.87548930771827,Sp0210-5228
450.87353364836247,None,-45.86067158407628,75.08735336483625,-30.947606097224934,62.452601980006555,75.08735336483625,Sp0211-1427
200.98750435488574,None,-70.40170016520078,50.098750435488576,-47.66175161722011,43.545660213916854,50.098750435488576,Sp0212+1032
60.92241350456405,None,-82.47723204335196,36.092241350456405,-53.41338414564748,31.072991660760447,36.092241350456405,Sp0212+2433
412.48935541526987,None,-49.70799470117533,71.24893554152699,-33.96054709742917,60.20310247337994,71.24893554152699,Sp0212-1036
-0.5,None,-73.63179395071175,15.906353150880523,-54.52836151191193,12.628282795242512,15.906353150880523,Sp0213+4444
443.69070427183345,None,-46.6762059813917,74.36907042718335,-31.893333934438974,62.47422482260906,74.36907042718335,Sp0213-1343
346.10038702572,None,-56.34273195661787,64.610038702572,-38.99249975475904,55.70564078498902,64.610038702572,Sp0214-0357
586.7915387757865,None,-29.899280821287714,88.67915387757866,-18.939962200462915,69.09052130658189,88.67915387757866,Sp0215-3040
170.60005000580793,None,-73.57299489038927,47.060005000580794,-50.00371307843301,41.33253397366548,47.060005000580794,Sp0216+1335
526.4761534290544,None,-38.5318731925807,82.64761534290544,-25.976410977217476,67.36073443831269,82.64761534290544,Sp0216-2200
-4793.727726034472,None,-82.22822598963829,25.206272273965528,-56.14198726478781,21.523374444139034,25.206272273965528,Sp0217+3526
369.2059230063876,None,-54.21106610146799,66.92059230063876,-38.207165743726634,58.25341843457587,66.92059230063876,Sp0218-0617
576.3365697568419,None,-29.08341376421132,87.63365697568419,-18.644175098927455,69.8241101635285,87.63365697568419,Sp0218-3133
-0.5,None,-59.67583278388817,1.3221869380936615,-50.00330541445247,-0.6534149090666463,1.3221869380936615,Sp0219+5912
502.2522382509403,None,-40.96308192406382,80.22522382509403,-28.281301312317062,66.9530621849481,80.22522382509403,Sp0219-1938
0.5779499386741804,None,-86.08330154809785,30.057794993867418,-56.8018685771156,26.42775907169505,30.057794993867418,Sp0222+3033
574.2507659986541,None,-33.15924977949317,87.4250765998654,-22.448840925014494,70.40485460646029,87.4250765998654,Sp0222-2732
523.1355306152532,None,-23.854854967965064,82.31355306152531,-14.74181861358986,69.87737697209336,82.31355306152531,Sp0222-3651
-0.5,None,-56.60205644291616,-1.8720263955176932,-48.79761350721727,-3.42875932310617,-1.8720263955176932,Sp0225+6229
-0.5,None,-68.48969302198068,10.019660753062913,-55.042570352874115,7.97334999415254,10.019660753062913,Sp0227+5034
467.35415539234464,None,-44.33124537753365,76.73541553923447,-31.949788817119558,66.70805681002626,76.73541553923447,Sp0227-1624
245.03150936859447,None,3.987937947633257,54.50315093685945,8.363360291762909,52.13540789683255,54.50315093685945,Sp0227-6447
27.300618671476386,None,-63.88845047766507,57.300618671476386,-46.36570532736694,51.831683498792806,57.300618671476386,Sp0228+0310
138.62616599280258,None,-77.27078229244113,43.86261659928026,-54.055697352819294,39.85095012956384,43.86261659928026,Sp0228+1639
258.60310025281194,None,2.6049295574406313,55.860310025281194,7.10882230478846,53.40011406439256,55.860310025281194,Sp0228-6325
-0.5,None,-69.97068676088072,11.46887962952853,-55.8228848268163,9.436806069755889,11.46887962952853,Sp0229+4906
13.682784858007047,None,-77.48333518847971,43.68278485800705,-54.48693978978643,39.87822557831252,43.68278485800705,Sp0230+1648
40.16316601587975,None,-50.897632465018305,70.16316601587975,-37.542550979560325,62.873878294556995,70.16316601587975,Sp0230-0953
51.51558891918965,None,-38.93678969564372,81.51558891918965,-28.306507893580605,70.6320932021435,81.51558891918965,Sp0232-2152
8.293002278590691,None,-82.87784615135921,38.29300227859069,-57.295094315673424,35.1963541241097,38.29300227859069,Sp0233+2209
-1.086687037952526,None,-87.28283369019715,28.913312962047474,-59.261152147636594,26.305263431131173,28.913312962047474,Sp0233+3134
-0.5,None,-58.9565066317665,0.3523224345717678,-51.01606017130055,-0.9210110951208962,0.3523224345717678,Sp0234+6012
-0.5,None,-55.926215471505806,-2.6798222282330744,-49.21200842187846,-3.8014318666209013,-2.6798222282330744,Sp0235+6314
52.91949609127268,None,-26.257084342523545,82.91949609127268,-18.285088004554222,73.34424174696488,82.91949609127268,Sp0237-3434
46.90301694681955,None,-43.23601351056087,76.90301694681955,-32.80743329049891,69.79756785311514,76.90301694681955,Sp0239-1735
22.665359955668997,None,-68.29019066471251,52.665359955669,-51.42402275241215,49.40635903541089,52.665359955669,Sp0240+0727
-0.5,None,-64.42718452646409,5.715261340238287,-54.865196787672495,4.576931270949568,5.715261340238287,Sp0241+5444
46.70557046035948,None,-19.420920065373895,76.70557046035948,-12.905204347696117,71.42556683705735,76.70557046035948,Sp0242-4124
36.224841842820524,None,-8.283095849485997,66.22484184282052,-3.2269020428978505,63.53518414190651,66.22484184282052,Sp0242-5232
-0.5,None,-71.22553121677362,12.455938933650804,-58.400157988240565,11.230519412149576,12.455938933650804,Sp0243+4755
51.02195164941354,None,-25.02144088494139,81.02195164941354,-17.97654074272675,74.39549046773115,81.02195164941354,Sp0244-3548
13.57894631688265,None,-77.12868048919943,43.57894631688265,-57.722078577359035,41.638313476397535,43.57894631688265,Sp0246+1625
34.50389487182987,None,-55.79745323505871,64.50389487182987,-43.7594346084538,61.1651110598264,64.50389487182987,Sp0246-0459
1.2595272142367726,None,-88.02785119581254,31.259527214236773,-62.10416673558649,29.868736062346645,31.259527214236773,Sp0247+2850
10.68407406884532,None,-79.86292049957173,40.68407406884532,-59.45192927396121,39.08112595932536,40.68407406884532,Sp0248+1916
45.24605042239874,None,-43.91641988399979,75.24605042239874,-34.63733540451791,70.9252567680832,75.24605042239874,Sp0248-1651
48.995392027687274,None,-38.973092641674164,78.99539202768727,-30.661469624972618,74.19406517042738,78.99539202768727,Sp0249-2147
52.179156946981266,None,-29.266266553111517,82.17915694698127,-22.230053279970168,76.39316816938545,82.17915694698127,Sp0249-3131
37.20597353807253,None,-52.59126284708335,67.20597353807253,-41.900669837882084,64.34826896503913,67.20597353807253,Sp0250-0808
28.602628713724513,None,-61.4736694787122,58.60262871372451,-48.89762646410533,56.60247593365273,58.60262871372451,Sp0251+0047
33.07711288311022,None,-56.820246550909125,63.07711288311022,-45.41107965553605,60.804219807524994,63.07711288311022,Sp0251-0352
28.379568712731874,None,-61.587681418869586,58.379568712731874,-49.21270595634743,56.593572918439705,58.379568712731874,Sp0252+0056
-0.5,None,-68.76291681974321,9.952109942847317,-58.753940096870274,9.37327810583442,9.952109942847317,Sp0252+5014
12.841920310050774,None,-77.29312899900411,42.841920310050774,-59.29379100588365,41.67978689013996,42.841920310050774,Sp0253+1652
2.6648325727214797,None,-86.27677823663952,32.66483257272148,-63.01747382655785,31.757605609756713,32.66483257272148,Sp0253+2713
49.565708901851906,None,-37.101771813580534,79.5657089018519,-29.52076095408218,75.78751454976997,79.5657089018519,Sp0253-2336
9.204533074604576,None,19.170705769139854,39.204533074604576,20.488044829589203,38.97902106442526,39.204533074604576,Sp0253-7959
46.71628256068264,None,-41.114719310414145,76.71628256068264,-33.04760570843459,73.69542025675433,76.71628256068264,Sp0254-1934
40.66118571327449,None,-13.733481591906095,70.66118571327449,-9.045424017605548,69.17156361309303,70.66118571327449,Sp0255-4700
-0.5,None,-77.37561635730678,18.747592842905462,-63.28184112594079,18.403376380857637,18.747592842905462,Sp0257+4111
-0.5,None,-66.03897437998275,7.229685145463111,-57.929986984304506,6.956233489908193,7.229685145463111,Sp0257+5253
50.560925166581356,None,-29.575461993574454,80.56092516658136,-23.429859041610303,78.15076228365233,80.56092516658136,Sp0257-3105
6.615290298717696,None,-82.19042257733044,36.615290298717696,-63.2501201955819,36.29653346597052,36.615290298717696,Sp0259+2254
42.530755748930105,None,-16.327414045640648,72.5307557489301,-11.781378355946684,71.75674583370078,72.5307557489301,Sp0259-4421
-0.5,None,-74.26335688400314,15.604324926706164,-62.73936303377117,15.498517520324642,15.604324926706164,Sp0301+4416
45.667384230011336,None,-20.77668349698825,75.66738423001134,-16.046454516828067,75.36644425954303,75.66738423001134,Sp0302-3950
47.87795459007738,None,-35.8952896282709,77.87795459007738,-29.915092306903404,78.4828000455816,77.87795459007738,Sp0304-2435
48.349392720364264,None,-33.662617833434695,78.34939272036426,-28.11342557808183,79.61864071187546,78.34939272036426,Sp0306-2647
46.87415383363364,None,-23.726589023447975,76.87415383363364,-19.145302890420687,77.89989553182323,76.87415383363364,Sp0306-3647
-0.5,None,-61.41482401946605,2.6149530805406216,-56.118855612691746,2.8524622712111425,2.6149530805406216,Sp0307+5719
39.97687178775841,None,-46.29552704159488,69.97687178775841,-39.81739033560503,71.7630719352278,69.97687178775841,Sp0309-1354
46.265473387995954,None,-23.478329467366493,76.26547338799595,-19.236359079237634,78.27917012317631,76.26547338799595,Sp0309-3658
25.41140698969827,None,-62.394976077298466,55.41140698969827,-53.37206414202119,56.58490517624686,55.41140698969827,Sp0310+0234
20.85001516564698,None,-67.07892619197271,50.85001516564698,-56.92884000397263,51.89028847356768,50.85001516564698,Sp0310+0726
47.69247460599179,None,-32.398959409526896,77.69247460599179,-27.501513435415465,80.80215677858618,77.69247460599179,Sp0310-2756
26.65404130591677,None,-60.90123146584415,56.65404130591677,-52.43989655520767,58.074850415999016,56.65404130591677,Sp0311+0106
47.30866833306189,None,-27.684802585197573,77.30866833306189,-23.373008096004426,80.80692395290934,77.30866833306189,Sp0311-3239
12.375002897503784,None,-74.59355036534859,42.375002897503784,-63.165974379265926,43.73047766443338,42.375002897503784,Sp0314+1603
0.2447351613317359,None,-82.2669425569153,30.244735161331736,-67.80277928122959,31.319006339963458,30.244735161331736,Sp0314+2840
39.31967048252018,None,-14.011178293007946,69.31967048252018,-10.987673095241353,71.4510687900868,69.31967048252018,Sp0314-4623
-0.5,None,-37.67217984096763,-21.01133899821349,-36.96917231458304,-20.788150085547752,-21.01133899821349,Sp0315+8122
46.39192894125544,None,-31.319414391342022,76.39192894125544,-27.323976260053932,82.34959916304682,76.39192894125544,Sp0316-2848
-0.5,None,-68.86226220607577,10.490993104038429,-63.19036444412057,11.555993264689516,10.490993104038429,Sp0319+4848
44.436527058968565,None,-23.099220734647137,74.43652705896857,-19.957343026776766,79.71861414174774,74.43652705896857,Sp0319-3703
9.146519204477059,None,-75.95902561843548,39.14651920447706,-66.08129721242535,41.21143551221372,39.14651920447706,Sp0320+1854
30.884940637251724,None,-54.618866870444315,60.884940637251724,-49.00932926254972,64.36963408074462,60.884940637251724,Sp0320-0446
31.42576538829917,None,-5.017674556128059,61.42576538829917,-3.0339643674271826,63.409652099956105,61.42576538829917,Sp0320-5520
-0.5,None,-76.96585011253532,20.090220342714375,-68.32108400202918,21.530128770600776,20.090220342714375,Sp0321+3847
40.4833942489832,None,-17.02300277846269,70.4833942489832,-14.671956063379005,75.14797409798382,70.4833942489832,Sp0323-4304
32.12062343504072,None,-6.081719413478425,62.12062343504072,-4.314689736400826,64.67456151950003,62.12062343504072,Sp0324-5410
11.23321513406784,None,16.839313010818557,41.23321513406784,17.56318783255652,41.76803646831722,41.23321513406784,Sp0324-7727
13.189993196591466,None,-71.56811392752391,43.189993196591466,-64.28263870602996,46.01591009435624,43.189993196591466,Sp0325+1412
31.103675884824604,None,-53.215984594031355,61.103675884824604,-48.77532054665477,65.74567324430835,61.103675884824604,Sp0325-0551
6.95434048543008,None,21.30501494875374,36.95434048543008,21.785678556936105,37.275834680759914,36.95434048543008,Sp0325-8159
8.299344550051217,None,-75.33188459210668,38.29934455005122,-67.4653569132813,40.986979467993876,38.29934455005122,Sp0326+1919
43.417003141795576,None,-34.92978289732393,73.41700314179558,-31.90358368994317,82.67770245922657,73.41700314179558,Sp0326-2443
40.37679010225786,None,-17.40031325199147,70.37679010225786,-15.296156536737858,75.78872236128021,70.37679010225786,Sp0326-4236
15.412590069396252,None,-68.87764812546243,45.41259006939625,-63.032605786496106,48.80533852181669,45.41259006939625,Sp0328+1129
-4.873276396073216,None,-78.58517412845492,25.126723603926784,-71.0843297928088,27.385819395342764,25.126723603926784,Sp0329+3304
-3.7634618960785104,None,-78.50610329417779,26.23653810392149,-71.5614129508295,28.71117748676202,26.23653810392149,Sp0330+3146
-0.5,None,-63.23431544754992,4.808861067540179,-60.641527768058715,6.332407668404954,4.808861067540179,Sp0330+5413
25.85537727859576,None,-57.93593013459507,55.85537727859576,-54.03434865124049,60.672260798407066,55.85537727859576,Sp0330-0025
35.93350290900007,None,-11.408161073703257,65.93350290900007,-9.862293985182506,70.29613647540009,65.93350290900007,Sp0330-4835
-0.5,None,-28.82870040748802,73.2925236311226,-26.794456197732718,85.41397014055782,73.2925236311226,Sp0331-3042
-0.5,None,-36.00474339234071,71.62959189488546,-33.74278923962818,82.53546080510218,71.62959189488546,Sp0332-2317
-0.5,None,-75.64374922437143,20.41320564006082,-71.11413915882248,22.897547503418075,20.41320564006082,Sp0334+3740
-0.5,None,-37.60474190005662,70.40620988198933,-35.58787272129617,81.24684318508297,70.40620988198933,Sp0334-2130
-0.5,None,-9.994023426113344,64.52930207597895,-8.834670466199258,69.16474678005336,64.52930207597895,Sp0334-4953
-0.5,None,-64.07410529918529,48.75359256314928,-60.82586792397882,53.511452776306214,48.75359256314928,Sp0335+0658
-0.5,None,-49.93995372477881,61.754575480584954,-47.62721196473089,68.83207319425811,61.754575480584954,Sp0335-0829
-0.5,None,-15.178585357782403,67.86433272283243,-14.047342284949305,74.49360695825213,67.86433272283243,Sp0335-4430
-0.5,None,-5.268192747814336,60.582690150211995,-4.54345547165095,64.61736016863722,60.582690150211995,Sp0338-5435
-0.5,None,-75.8057588661018,31.95163075087734,-72.58392649677276,35.65201417071371,31.95163075087734,Sp0339+2457
-0.5,None,-23.843761539313814,71.0784817407836,-22.901552847646872,83.3802029858279,71.0784817407836,Sp0339-3525
-0.5,None,-22.465861696196775,70.60522268300856,-21.6176965551702,82.12772275136528,70.60522268300856,Sp0340-3649
-0.5,None,-67.86576826481607,10.500882032881972,-66.63814505805982,12.957416958298372,10.500882032881972,Sp0341+4741
-0.5,None,-68.73326420840682,11.606898526541988,-67.54420646681285,14.161659117728211,11.606898526541988,Sp0342+4629
-0.5,None,-57.9967723264477,52.69257628679334,-57.174349038604404,59.43772721887062,52.69257628679334,Sp0344+0111
-0.5,None,-74.78757861689641,30.784589594576566,-74.05797043601689,34.99187683507756,30.784589594576566,Sp0345+2540
-0.5,None,-54.79829739393547,-3.787502640266205,-54.784742037017764,-1.919804192153271,-3.787502640266205,Sp0346+6236
-0.5,None,-54.641054641739075,55.26775752172226,-54.33142949604853,62.957262724044114,55.26775752172226,Sp0346-0218
-0.5,None,-39.832226482903835,66.1553170979911,-39.721967476462346,78.8617881224983,66.1553170979911,Sp0347-1814
-0.5,None,-66.03638583513346,43.37746411009501,-66.22182342963735,49.23478806857995,43.37746411009501,Sp0348+1126
-0.5,None,8.615471075471474,48.41016224614901,8.607136809889813,50.7175653939367,48.41016224614901,Sp0348-6836
-0.5,None,-55.36597052640334,53.40607436328777,-56.14301283728394,61.559818164459045,53.40607436328777,Sp0351-0052
-0.5,None,-39.83243187146774,65.07202295490666,-40.42127181402986,78.5326954258809,65.07202295490666,Sp0351-1751
-0.5,None,-57.87718557604817,50.74976212295407,-59.00649639489836,58.50122731442887,50.74976212295407,Sp0352+0210
-0.5,None,0.37648429027999436,55.23555051556822,0.08804838919104029,59.39842326451393,55.23555051556822,Sp0352-5955
-0.5,None,-23.76853928054044,68.43288476798918,-24.4053871625626,84.61567964311874,68.43288476798918,Sp0353-3441
-0.5,None,-72.18423870257463,32.185778190982326,-74.93224647021192,37.40444237494681,32.185778190982326,Sp0354+2316
-0.5,None,-72.39611467255078,31.21273021156186,-75.50749975598664,36.40498152910041,31.21273021156186,Sp0354+2416
-0.5,None,-73.41001593988517,22.829579210936238,-76.12812730171464,27.123504220418564,22.829579210936238,Sp0354+3333
-0.5,None,-42.571426825457436,62.66691855155111,-43.703547930676386,75.29475625948972,62.66691855155111,Sp0354-1437
-0.5,None,-57.78369338980857,49.859808626808814,-59.82257186574226,58.03413870204283,49.859808626808814,Sp0355+0237
-0.5,None,-67.1596124364128,39.70855213364022,-69.81710915205748,46.01563969257458,39.70855213364022,Sp0355+1439
-0.5,None,-70.38798463441353,15.987001388998207,-73.2757556277352,19.88752961721545,15.987001388998207,Sp0356+4047
-0.5,None,-67.39676600161437,38.77614216521004,-70.71899298416612,45.17320698110709,38.77614216521004,Sp0357+1529
-0.5,None,-70.08542276292334,15.615144821413798,-73.17471939224458,19.544612851573717,15.615144821413798,Sp0357+4107
-0.5,None,-43.89998494515048,60.924644050745435,-45.66516540854568,73.45229542353708,60.924644050745435,Sp0357-1249
-0.5,None,-72.29917837424121,28.19976762340033,-77.28185330628578,33.481907835726766,28.19976762340033,Sp0358+2710
-0.5,None,-72.70679044756442,25.622950829392387,-77.5188630907754,30.596763946480294,25.622950829392387,Sp0358+3003
-0.5,None,-37.787171462043425,63.96048523722709,-39.71872588868697,79.72924835805134,63.96048523722709,Sp0400-1913
-0.5,None,-71.93986112998142,26.442572246892823,-78.14663375716935,31.804402086113704,26.442572246892823,Sp0401+2849
-0.5,None,-68.24020205082469,13.19393235601836,-72.04626067177571,17.188943310899326,13.19393235601836,Sp0401+4327
-0.5,None,-71.1695703006957,28.58663172231159,-77.97389860138757,34.346413153120196,28.58663172231159,Sp0403+2616
-0.5,None,-68.78336692747114,14.781959592798138,-73.90766726574776,19.164288178078813,14.781959592798138,Sp0404+4127
-0.5,None,-40.1819369932291,60.846258267691326,-43.3879383561455,76.10038403085021,60.846258267691326,Sp0407-1552
-0.5,None,-59.989646306508384,43.93391330143029,-65.74201514658628,52.75650562908642,43.93391330143029,Sp0408+0742
-0.5,None,-40.965265311528285,59.99519331064656,-44.47533389820801,75.01354586306043,59.99519331064656,Sp0408-1450
-0.5,None,-48.57820961469626,54.29728161288501,-52.96172833681253,66.39809585152508,54.29728161288501,Sp0409-0605
-0.5,None,-63.324869468292015,39.15430047004218,-70.74300131820573,47.365077783319826,39.15430047004218,Sp0410+1304
-0.5,None,-40.605236935462436,59.64973113456353,-44.457341795595404,75.02219298047967,59.64973113456353,Sp0410-1459
-0.5,None,-68.68370395585603,17.86254763868308,-78.16769451093276,23.331355037862178,17.86254763868308,Sp0413+3709
-0.5,None,-29.355014779344174,63.71441915277416,-32.80456225752569,84.66545135359239,63.71441915277416,Sp0413-2704
-0.5,None,-62.26643292742937,38.243744456265354,-71.5681133884632,47.07301201561388,38.243744456265354,Sp0416+1310
-0.5,None,1.0014469462749842,53.44151167760537,-0.8065117160714635,59.44520039867031,53.44151167760537,Sp0416-5935
-0.5,None,-64.1405998097858,35.32674955013915,-74.57862721136361,43.68830025266612,35.32674955013915,Sp0417+1634
-0.5,None,-45.883789876005665,54.06850655154144,-51.65560780721518,67.82729950868075,54.06850655154144,Sp0417-0800
-0.5,None,-34.02551707802367,61.16290397936099,-38.46753882848583,80.2041932835613,61.16290397936099,Sp0417-2129
-0.5,None,-65.70788242922602,12.523583854999895,-74.8287643571672,17.83495866472333,12.523583854999895,Sp0419+4233
-0.5,None,-39.54256364775748,57.70174094358715,-44.964745527735126,74.23157855511727,57.70174094358715,Sp0420-1458
-0.5,None,10.92625626347042,45.5684370627784,9.527506097105837,49.02181988620718,45.5684370627784,Sp0420-7005
-0.5,None,4.482343598858718,50.608246082597624,2.579864457482552,55.888700737284466,50.608246082597624,Sp0421-6306
-0.5,None,-20.350664852445774,62.40874717493794,-24.203735900320662,80.65099697566842,62.40874717493794,Sp0422-3606
-0.5,None,-48.17919463920218,50.41316814798157,-55.67028167228498,63.78730395987476,50.41316814798157,Sp0423-0414
-0.5,None,-65.80629251882375,28.09187141234547,-81.36554470925465,36.054344759164806,28.09187141234547,Sp0424+2402
-0.5,None,-53.9206125143386,44.34636683983415,-63.44617848017467,56.04063700860983,44.34636683983415,Sp0426+0336
-0.5,None,-57.59328089728903,40.10439897608304,-68.66769558529231,50.75882936187512,40.10439897608304,Sp0427+0859
-0.5,None,-56.258418075672026,41.007144785173914,-67.34143746968678,52.1359571182778,41.007144785173914,Sp0428+0728
-0.5,None,-23.99504891508774,60.96017131249837,-29.052349371162514,81.62873719359415,60.96017131249837,Sp0429-3123
-0.5,None,-12.53342117067215,59.56966458491734,-16.427477830310167,73.46470322398342,59.56966458491734,Sp0429-4405
-0.5,None,8.245625418785135,47.39795495082489,6.182250572015814,52.064636212829825,47.39795495082489,Sp0429-6649
-0.5,None,-43.41753799108949,52.03566761692981,-51.48670515135362,67.53453054641162,52.03566761692981,Sp0430-0849
-0.5,None,-53.3824854114436,-4.2037939440877645,-58.3644420201171,-0.28196356348591817,-4.2037939440877645,Sp0431+6035
-0.5,None,-44.926082816975196,50.35676511312424,-53.68089149841038,65.37666375055596,50.35676511312424,Sp0432-0639
-0.5,None,-55.979715334148054,-0.8486531693931135,-62.35288891685935,3.636924305897342,-0.8486531693931135,Sp0433+5635
-0.5,None,-22.857110575935618,60.032362186067445,-28.38447985410528,80.4864517696522,60.032362186067445,Sp0433-3210
-0.5,None,-63.1874103742864,27.7213021972092,-82.18382124469174,36.731432175995394,27.7213021972092,Sp0435+2254
-0.5,None,-38.29769613954166,54.1971874988493,-46.24763352447024,71.87620190271763,54.1971874988493,Sp0435-1414
-0.5,None,-36.71492312922579,55.11764620659185,-44.39057988787684,73.42997997499857,55.11764620659185,Sp0435-1606
-0.5,None,-60.50711388862226,6.1924370203433385,-70.70235825104504,11.864591109249545,6.1924370203433385,Sp0436+4810
-0.5,None,-58.38601529471228,2.743355005077276,-66.74893829396014,7.902863552724645,2.743355005077276,Sp0436+5211
-0.5,None,-30.05642590509617,57.748895933206555,-36.94378439824411,78.40552732283949,57.748895933206555,Sp0436-2338
-0.5,None,-59.468357201168715,32.50986156745992,-76.50503917558423,42.981719689270946,32.50986156745992,Sp0439+1615
-0.5,None,-29.602374835550407,57.366273102833404,-36.738900991492585,78.1182205887105,57.366273102833404,Sp0439-2353
-0.5,None,-21.933667451965288,58.88068302605624,-28.06098027977339,79.23528175646425,58.88068302605624,Sp0439-3235
-0.5,None,3.5157397035206364,50.27055190617913,0.3656004824196602,57.26233752671602,50.27055190617913,Sp0439-6105
-0.5,None,-44.68654549742997,48.12755297541603,-55.076562299549984,63.55089975386125,48.12755297541603,Sp0440-0530
-0.5,None,-37.64630265007088,52.62883661445221,-46.70893785203705,70.71357409790976,52.62883661445221,Sp0442-1356
-0.5,None,-22.069287495394082,58.093515257790614,-28.66855586179527,78.62866295488902,58.093515257790614,Sp0443-3202
-0.5,None,-17.627865314611338,57.885966490242154,-23.797901128318006,76.5782419078866,57.885966490242154,Sp0444-3655
-0.5,None,-54.548149838883056,36.683573749361756,-70.26744924088355,48.94187568459611,36.683573749361756,Sp0445+0938
-0.5,None,-43.514231115885984,47.53287922286204,-54.63610385177264,63.526506624778065,47.53287922286204,Sp0445-0602
-0.5,None,-22.845790043424532,57.36617038307233,-29.92658900899819,78.18722421908,57.36617038307233,Sp0445-3048
-0.5,None,-17.73606223253084,57.71409824132464,-24.027835597560713,76.53284683252166,57.71409824132464,Sp0445-3642
-0.5,None,-3.0018147606779473,53.5419066764062,-7.391189841752897,64.01270580439488,53.5419066764062,Sp0445-5321
-0.5,None,-58.82006034592971,4.85836818311924,-70.39487612750159,10.988277960553413,4.85836818311924,Sp0446+4844
-0.5,None,-56.95073903504632,32.582173746997086,-75.25891183936669,44.049803546737245,32.582173746997086,Sp0447+1436
-0.5,None,-61.832340790096204,21.67920408916308,-88.01509657401897,30.824329004471664,21.67920408916308,Sp0447+2819
-0.5,None,-8.801448923911785,55.62603077041787,-14.158958731205118,69.5186497962326,55.62603077041787,Sp0448-4636
-0.5,None,-57.03878271799361,2.1837426916703584,-67.54779032747808,8.064120961216423,2.1837426916703584,Sp0449+5138
-0.5,None,-45.59429114979243,44.52255064576199,-58.26251175465756,59.88859881145155,44.52255064576199,Sp0449-0228
-0.5,None,-49.19362892252341,40.40255523476934,-63.844650116526886,54.59027613566791,40.40255523476934,Sp0451+0305
-0.5,None,-19.50853735856441,56.57674201393943,-26.731443353153242,76.54455355390228,56.57674201393943,Sp0451-3402
-0.5,None,1.763104873402657,50.48820874768309,-2.4612021294091693,59.218181343217566,50.48820874768309,Sp0451-5818
-0.5,None,-58.39613656799004,27.06981511501812,-81.3236541772588,37.93818654998755,27.06981511501812,Sp0453+2033
-0.5,None,-32.85547191988964,52.025247688178695,-42.90950863447045,71.83280622498836,52.025247688178695,Sp0453-1751
-0.5,None,-5.565084179519131,53.73295035210498,-11.022500815031565,66.4029962991988,53.73295035210498,Sp0454-4945
-0.5,None,-48.173790623646575,39.86644754861357,-63.516161621284034,54.486431677901564,39.86644754861357,Sp0455+0244
-0.5,None,-55.61123281495293,0.6412471870453857,-66.35310493238373,6.652469576939157,0.6412471870453857,Sp0455+5252
-0.5,None,-24.97405698499825,54.60720912302181,-33.74837992053081,75.7570867856243,54.60720912302181,Sp0455-2701
-0.5,None,-39.100881660762454,47.38930891898646,-51.227721655450075,65.14768330984809,47.38930891898646,Sp0456-0932
-0.5,None,-60.22277175581756,13.980379847407415,-82.8529356114469,22.53692504553885,13.980379847407415,Sp0457+3622
-0.5,None,-18.738168073209447,54.71268046677814,-26.95774584604588,74.80550016510445,54.71268046677814,Sp0459-3348
-0.5,None,-47.792088711775484,38.45248461719472,-64.26819645817767,53.27480502601362,38.45248461719472,Sp0500+0330
-0.5,None,-48.48271201123608,37.560977453336235,-65.45234370438808,52.15029654826864,37.560977453336235,Sp0500+0442
-0.5,None,-23.90283207464192,52.831222474877,-33.652391981331505,73.9728949425475,52.831222474877,Sp0503-2705
-0.5,None,-49.95939708989479,34.00880061674489,-69.25788593106395,48.11201532882327,34.00880061674489,Sp0505+0836
-0.5,None,-4.364433596259877,51.72230225926962,-10.800177555010853,64.97605028079278,51.72230225926962,Sp0506-4956
-0.5,None,-57.84948677988971,14.956954378634197,-85.04313346737388,24.74789699237344,14.956954378634197,Sp0508+3319
-0.5,None,-31.515007609445497,48.24632357674945,-43.883602038151096,68.33503257573506,48.24632357674945,Sp0508-1647
-0.5,None,-56.73151812434977,19.484402221461703,-86.24055838175224,30.3995666783633,19.484402221461703,Sp0510+2714
-0.5,None,-7.228668970824937,51.902126946531,-14.60089835940517,67.1572632876343,51.902126946531,Sp0511-4606
-0.5,None,-6.997398780665863,51.75106691761869,-14.394340319836598,66.9387344862615,51.75106691761869,Sp0511-4618
-0.5,None,-23.419996802866848,50.718411036510865,-34.345603925828925,71.8661773315829,50.718411036510865,Sp0512-2617
-0.5,None,-20.615975144961492,51.62885499743404,-30.8203254553935,72.53300010311321,51.62885499743404,Sp0512-2949
-0.5,None,-49.95300458163248,-6.121626893815423,-59.85245738099899,-0.19383484228531303,-6.121626893815423,Sp0515+5911
-0.5,None,-47.09371710560814,-10.174830824101443,-54.68140513399587,-5.146990896633444,-10.174830824101443,Sp0515+6424
-0.5,None,-51.034485721327236,-4.268570543571523,-62.30662153981493,2.137225454630192,-4.268570543571523,Sp0516+5640
-0.5,None,-21.124535703537934,50.052353167112706,-32.26713524170612,71.09629807677179,50.052353167112706,Sp0517-2816
-0.5,None,-16.68856370502746,51.05743025114681,-26.75169487505695,71.19174739475547,51.05743025114681,Sp0517-3349
-0.5,None,-54.306557399007666,20.278764473205378,-83.1613484279299,32.19977076452288,20.278764473205378,Sp0518+2435
-0.5,None,-39.04514805673455,-19.610407168026587,-42.692294207782105,-16.656899470831945,-19.610407168026587,Sp0520+7626
-0.5,None,-44.55500693091477,33.06015023711521,-65.25523228111842,49.03239724741028,33.06015023711521,Sp0522+0518
-0.5,None,-55.2041614668386,11.491874414867052,-81.57882258664264,21.71229952616152,11.491874414867052,Sp0522+3534
-0.5,None,-49.830216685468585,-5.670916161655521,-60.96507311097129,0.7431794524747086,-5.670916161655521,Sp0522+5754
-0.5,None,-41.35212973952641,36.57186470344141,-60.06885511433247,53.64047362795238,36.57186470344141,Sp0522-0002
-0.5,None,-53.70613667114391,3.0180069873044193,-71.99100064970492,11.480271363422965,3.0180069873044193,Sp0523+4623
-0.5,None,-31.28418621283809,43.83076027030283,-46.21059142348093,63.83881447202865,43.83076027030283,Sp0523-1403
-0.5,None,2.1756431702273096,47.4555637722321,-4.459888221214924,58.66536889592693,47.4555637722321,Sp0523-5607
-0.5,None,19.07434249819677,37.64069488504038,16.28429634689087,41.14216033983215,37.64069488504038,Sp0523-7658
-0.5,None,-51.68721367810554,21.812073203155737,-79.46170357620609,34.82631939109574,21.812073203155737,Sp0525+2102
-0.5,None,-2.148678860589392,48.45548328845659,-10.04231943585237,62.31677111920365,48.45548328845659,Sp0526-5026
-0.5,None,-42.06379174153857,33.50875179513573,-62.64215637737309,50.287652887024855,33.50875179513573,Sp0528+0258
-0.5,None,-52.71574325413104,1.8671349300931184,-70.93716821090483,10.429588979347479,1.8671349300931184,Sp0528+4712
-0.5,None,-25.80020552302206,44.96209416611898,-40.04738719746873,65.89790264047211,44.96209416611898,Sp0529-2002
-0.5,None,-48.111220590725665,25.139170912192256,-73.7384465154738,39.623232713265,25.139170912192256,Sp0530+1503
-0.5,None,-46.532603836018254,-10.095944280296534,-55.88050120506393,-4.277411215141248,-10.095944280296534,Sp0530+6253
-0.5,None,-40.996794012692746,33.31325422860239,-61.74208983612255,50.41275056898963,33.31325422860239,Sp0531+0215
-0.5,None,-41.93019301463609,31.752568909159365,-63.584746066934954,48.516689435524476,31.752568909159365,Sp0532+0418
-0.5,None,23.181595366008263,34.38288298906381,21.274004448003563,36.53590698178313,34.38288298906381,Sp0532-8157
-0.5,None,-41.263233689637474,32.21210265953808,-62.660547417366296,49.19439368545245,32.21210265953808,Sp0533+0323
-0.5,None,-52.98915681131213,8.435396313087617,-78.51195653575901,18.918929859057332,8.435396313087617,Sp0533+3740
-0.5,None,-50.90782365785034,-1.4879120500496128,-67.17896771923344,6.6686836639826215,-1.4879120500496128,Sp0533+5054
-0.5,None,-28.576961780008745,41.895042279128255,-44.58940591737343,62.34820204880087,41.895042279128255,Sp0534-1511
-0.5,None,-32.53428417301096,39.13084714771432,-50.106124692776085,58.696073621307114,39.13084714771432,Sp0535-0931
-0.5,None,-33.0289680308782,38.061441771936764,-51.197263471235374,57.47299201398977,38.061441771936764,Sp0537-0816
-0.5,None,-51.72077126404681,5.443653282763139,-75.53165633861569,15.720508708982354,5.443653282763139,Sp0539+4038
-0.5,None,-50.91420700234466,0.6287719128192694,-70.12503731746962,9.71208866908398,0.6287719128192694,Sp0539+4712
-0.5,None,-49.443945806869834,-3.577934706028464,-64.98589950288037,4.475177021266183,-3.577934706028464,Sp0539+5253
-0.5,None,-37.33592747939259,33.556638905017195,-58.01391372953834,51.71065330505635,33.556638905017195,Sp0539-0059
-0.5,None,-3.5890890467447054,46.99146846492213,-13.025150882014795,62.64223492759687,46.99146846492213,Sp0539-4708
-0.5,None,-40.813647200139684,27.95902232589526,-64.64596166299528,44.884469747218866,27.95902232589526,Sp0544+0639
-0.5,None,-29.81250222458886,38.01818402482728,-47.96666332911795,58.099281343377676,38.01818402482728,Sp0544-1109
-0.5,None,-28.36528123545207,38.88521266945597,-46.01059832211206,59.25569106705163,38.88521266945597,Sp0544-1309
-0.5,None,-20.25012384551871,43.400561407436214,-34.988407916339305,64.54359175293293,43.400561407436214,Sp0544-2433
-0.5,None,-47.136683086718214,-6.404896858477462,-62.19339710330388,1.686081758649308,-6.404896858477462,Sp0551+5511
-0.5,None,-35.414233756077344,30.420742398907265,-57.76572582032198,48.92550672948539,30.420742398907265,Sp0552-0002
-0.5,None,11.240758522102155,41.206613905165526,4.738647879113397,49.76406713767935,41.206613905165526,Sp0552-6452
-0.5,None,16.247399801809326,38.62220269053799,11.289632708637168,44.6136173466523,38.62220269053799,Sp0553-7133
-0.5,None,-43.1952691481536,19.94620967842762,-71.06905577396397,35.61253334593937,19.94620967842762,Sp0555+1608
-0.5,None,3.364081585742221,43.5455551699555,-5.74598975241656,56.69150903589341,43.5455551699555,Sp0555-5402
-0.5,None,-39.19866903333942,24.917442081228685,-64.51940693513205,42.118509315930964,24.917442081228685,Sp0556+0802
-0.5,None,-42.9055259625052,20.08223442003128,-70.69705619557037,35.84874428575748,20.08223442003128,Sp0556+1546
-0.5,None,-8.059538988199536,43.69617498886457,-20.756322648780312,62.624046825846456,43.69617498886457,Sp0556-3832
-0.5,None,-34.84313410807723,28.856850948654603,-57.97040547570119,47.4175975366571,28.856850948654603,Sp0557+0048
-0.5,None,-43.196915876801675,18.953853643033398,-71.44845269791091,34.53047841637984,18.953853643033398,Sp0557+1708
-0.5,None,-39.697411007063266,21.93215363173522,-66.42434047828037,38.785074658679925,21.93215363173522,Sp0601+1115
-0.5,None,-47.29804604306882,3.340137924372663,-73.04610620413229,15.035461879415339,3.340137924372663,Sp0602+3910
-0.5,None,-27.654540888402046,33.09396041085915,-48.27107888102473,53.329955408489205,33.09396041085915,Sp0602-0915
-0.5,None,-27.314785732043305,33.660498452642095,-47.62680688323045,53.97569904920716,33.660498452642095,Sp0602-1001
-0.5,None,23.61879714210162,33.68993927026571,21.02448047848956,36.36181448854921,33.68993927026571,Sp0603-8127
-0.5,None,-43.523413514416504,14.265276456651408,-73.06129435310781,29.24585805223038,14.265276456651408,Sp0604+2219
-0.5,None,-45.43908859643561,9.784810683103773,-74.97264979508074,23.50191227773525,9.784810683103773,Sp0604+2906
-0.5,None,-46.33997789443246,6.992792628148781,-74.80690299678143,19.886673879446484,6.992792628148781,Sp0604+3322
-0.5,None,-17.54857670467285,38.62802479723316,-34.51933379716488,59.75575697352526,38.62802479723316,Sp0605-2342
-0.5,None,-43.58044444891604,12.335514264543379,-73.32742121462003,27.055707698948282,12.335514264543379,Sp0607+2429
-0.5,None,-46.26975945311804,-1.8689802307337444,-68.21951334268216,8.759966610653008,-1.8689802307337444,Sp0607+4550
-0.5,None,-37.913960425521545,20.908423474422307,-64.90476360525382,38.17093794845906,20.908423474422307,Sp0608+1041
-0.5,None,-6.970006397726745,41.06918841384614,-20.92556819923458,60.23869683488138,41.06918841384614,Sp0609-3739
-0.5,None,-9.577900517000137,40.159474993712,-24.563158918037498,60.184982004730884,40.159474993712,Sp0610-3346
-0.5,None,-44.794475746900034,5.781012190890496,-73.24817419022145,19.024815068023496,5.781012190890496,Sp0611+3325
-0.5,None,-40.31815100404116,-16.866926895997572,-49.38152369106916,-10.97574117863534,-16.866926895997572,Sp0611+6818
-0.5,None,2.918932074777166,41.403379213528495,-7.915050100340404,56.06946838175139,41.403379213528495,Sp0611-5109
-0.5,None,-44.92985724647858,2.0194984559362044,-71.25991733382435,14.389070735463546,2.0194984559362044,Sp0614+3833
-0.5,None,-45.0302829073623,-2.655480626230838,-67.43580828635525,8.326517357075222,-2.655480626230838,Sp0614+4536
-0.5,None,-18.312519366713012,35.43557459369004,-36.97911715587393,56.58319432489515,35.43557459369004,Sp0614-2019
-0.5,None,-30.122896481532987,26.102455403893682,-54.23279893427713,45.53427853830922,26.102455403893682,Sp0615-0100
-0.5,None,-44.42222991896285,-5.601110120449687,-64.37496661396194,4.60338160399202,-5.601110120449687,Sp0616+4946
-0.5,None,-43.16472184038525,-10.539767155395706,-58.42272171509958,-2.0013005276040903,-10.539767155395706,Sp0616+5729
-0.5,None,-0.23514468241866243,40.66554025841633,-12.656583543130436,57.33087442053326,40.66554025841633,Sp0616-4557
-0.5,None,4.9862323308801715,40.06742086326446,-5.94392159588708,54.20351048899166,40.06742086326446,Sp0619-5249
-0.5,None,-37.35144423591266,15.137349521053723,-66.18548351118275,32.04412870891373,15.137349521053723,Sp0621+1555
-0.5,None,-19.765400321478772,31.79847694296347,-40.34195292390144,52.845424112310795,31.79847694296347,Sp0622-1548
-0.5,None,-15.65386745712959,34.37171531728163,-34.52930189153706,55.50168703457204,34.37171531728163,Sp0622-2211
-0.5,None,-40.812876068815754,8.327578722987107,-70.52174241924747,23.389981674659904,8.327578722987107,Sp0623+2631
-0.5,None,-43.112455590014754,-7.643465474121884,-62.26971308819373,2.4417312497058448,-7.643465474121884,Sp0623+5137
-0.5,None,16.043260628052934,37.20197289140827,9.181782004078908,44.96772120198057,37.20197289140827,Sp0623-6838
-0.5,None,-41.063210382438584,7.060403374824765,-70.60627174598625,21.84821803480713,7.060403374824765,Sp0624+2815
-0.5,None,-39.77308962801403,-16.77877578543667,-50.40005412441811,-10.083626280034643,-16.77877578543667,Sp0624+6626
-0.5,None,0.44595171546508083,39.11763516318334,-12.722958720632283,56.0415137520904,39.11763516318334,Sp0624-4521
-0.5,None,-22.551346896563672,28.90042676873227,-44.74196738502534,49.63026143904459,28.90042676873227,Sp0625-1034
-0.5,None,-28.87105067678208,22.939123340931356,-54.21139968474884,42.42063307003465,22.939123340931356,Sp0626+0041
-0.5,None,-42.000930544905195,2.4624707856508805,-69.95213742852467,16.090057665239627,2.4624707856508805,Sp0626+3454
-0.5,None,-41.83009286592878,-11.314490834162145,-58.01608199705998,-2.2591442553129446,-11.314490834162145,Sp0627+5651
-0.5,None,-16.56883630759852,31.358030274764587,-36.99277262939911,52.50528423985787,31.358030274764587,Sp0630-1840
-0.5,None,21.584735761116445,34.3778312503575,16.952045194848676,39.092140551412456,34.3778312503575,Sp0630-7643
-0.5,None,-32.6288003486585,-26.178019582137004,-35.50122553157383,-23.933795092001088,-26.178019582137004,Sp0632+8305
-0.5,None,-21.449855094122473,27.189354901278225,-44.28685582018394,47.96586363403406,27.189354901278225,Sp0632-1009
-0.5,None,4.644003551428826,38.09549941154002,-7.767302356403842,53.39461002695378,38.09549941154002,Sp0632-5010
-0.5,None,-37.66241857590532,7.713300304577548,-67.42945819949513,23.673099960185077,7.713300304577548,Sp0634+2413
-0.5,None,-24.351801857636044,23.491465118831623,-49.029113555373605,43.75255267880039,23.491465118831623,Sp0635-0403
-0.5,None,-11.39417146177959,31.090680854398848,-31.25766913368045,52.094946749749134,31.090680854398848,Sp0640-2352
-0.5,None,1.320013947450518,35.95729771210434,-13.481686447932873,53.543610943238996,35.95729771210434,Sp0641-4322
-0.5,None,16.48760565855082,35.73684773768103,8.425318067358724,44.45373319297819,35.73684773768103,Sp0642-6707
-0.5,None,-32.92822912356822,10.634874484395791,-62.301915548706376,28.243950070296425,10.634874484395791,Sp0643+1631
-0.5,None,-23.606260732772665,20.900062059008093,-49.20338852878732,41.13005648139821,20.900062059008093,Sp0643-0223
-0.5,None,-14.086692743142136,28.50681891515462,-35.496869393099836,49.65640239232138,28.50681891515462,Sp0643-1843
-0.5,None,-36.3216730916366,-21.34424252558044,-44.682038575574055,-15.70526045951756,-21.34424252558044,Sp0644+7206
-0.5,None,-7.674744020785153,31.917048270621063,-26.560669011673884,52.49135077984611,31.917048270621063,Sp0644-2841
-0.5,None,26.364158697715016,31.365083530064876,24.19296273790833,33.33741291561619,31.365083530064876,Sp0644-8422
-0.5,None,-11.539901399550576,28.996595224786375,-32.38707080565245,50.07141336373523,28.996595224786375,Sp0646-2150
-0.5,None,16.09115506287032,35.309918918587265,7.309404414549388,44.73308659731004,35.309918918587265,Sp0648-6537
-0.5,None,-38.56108917719229,-8.745063417808003,-61.18065540987119,3.356076081751082,-8.745063417808003,Sp0652+4710
-0.5,None,-13.761422261900417,25.382010980897665,-36.47457352204127,46.530070007284955,25.382010980897665,Sp0652-1614
-0.5,None,-8.215112696707699,29.17435444212717,-28.484974238651454,49.99812402534036,29.17435444212717,Sp0652-2534
-0.5,None,-31.89545757321618,-26.909926155006005,-34.965483229908216,-24.562188641613346,-26.909926155006005,Sp0655+8318
-0.5,None,-32.32501588992254,4.8975361656799565,-62.095186825593096,22.009292160429116,4.8975361656799565,Sp0656+2211
-0.5,None,-36.2803770995624,-20.509940188567086,-46.83787613947672,-13.671016408612806,-20.509940188567086,Sp0656+6841
-0.5,None,-29.59078187196886,6.902320791754959,-59.22161082005077,24.934513131498733,6.902320791754959,Sp0659+1717
-0.5,None,-30.5257857855003,5.852726832141608,-60.259757024132774,23.543525454280296,5.852726832141608,Sp0659+1920
-0.5,None,-34.484927041402585,-1.4409647871132858,-63.10822741087556,14.078966937096569,-1.4409647871132858,Sp0700+3157
-0.5,None,14.733154726347461,33.96603092252114,3.8911539303552622,45.4073707798368,33.96603092252114,Sp0702-6102
-0.5,None,-24.39009338372655,11.7646684755127,-52.841904008078146,31.29585096116237,11.7646684755127,Sp0703+0711
-0.5,None,-36.647409071905365,-9.954005903452563,-59.776439114907426,2.6641297840586646,-9.954005903452563,Sp0703+4632
-0.5,None,-4.899895139993621,27.64015032871209,-25.327598182571112,48.177757655252954,27.64015032871209,Sp0703-2748
-0.5,None,-2.2228087312558666,29.119200710221726,-21.4685826677605,49.0672664114392,29.119200710221726,Sp0703-3216
-0.5,None,15.107937621555394,33.870939775144855,4.4004910929779575,45.11222458724922,33.870939775144855,Sp0703-6134
-0.5,None,-21.934271365066348,13.607040986687418,-49.69061800037799,33.65770665868338,13.607040986687418,Sp0704+0258
-0.5,None,-33.40440716659537,-1.32490566134706,-62.27640644060728,14.563123226410234,-1.32490566134706,Sp0704+3038
-0.5,None,-36.44604269317482,-10.847250612637033,-59.00761608206125,1.5668738955634944,-10.847250612637033,Sp0705+4742
-0.5,None,-30.27149664419658,2.7222904650381037,-60.01585930374467,20.10365525128949,2.7222904650381037,Sp0706+2234
-0.5,None,-34.96663316286833,-6.321981069586552,-61.44304376996215,8.021023512745245,-6.321981069586552,Sp0706+3858
-0.5,None,-4.186670099003041,26.716471986551813,-24.9118510492662,47.2314597961182,26.716471986551813,Sp0707-2742
-0.5,None,8.411390235223479,32.26371061710744,-6.4032913124405875,48.11542661030413,32.26371061710744,Sp0707-4900
-0.5,None,22.47539284983023,32.42265516054666,16.067676431202393,38.47518618967707,32.42265516054666,Sp0710-7431
-0.5,None,-34.901659343985195,-9.495083670197772,-59.53666861573319,4.0507971661765385,-9.495083670197772,Sp0711+4329
-0.5,None,-2.2066698251587673,26.80036661193718,-22.543223509950003,47.00841700519885,26.80036661193718,Sp0711-3001
-0.5,None,2.6768068820377753,29.424657118053748,-15.368172882603094,48.15669400945626,29.424657118053748,Sp0711-3824
-0.5,None,-35.06489330684314,-11.930820160433965,-57.81750473327805,0.7835847320367718,-11.930820160433965,Sp0713+4732
-0.5,None,-33.08689798769319,-6.5451612914681565,-60.210654534235616,8.44586236187782,-6.5451612914681565,Sp0714+3702
-0.5,None,-11.761868325119964,18.407418304247123,-36.89991930020702,39.53387807086507,18.407418304247123,Sp0715-1145
-0.5,None,18.496292749994197,32.505793525378635,8.711943747887094,42.189771814709225,32.505793525378635,Sp0715-6544
-0.5,None,-14.424009182948017,15.738864878288254,-40.76120034714996,36.690495817588285,15.738864878288254,Sp0716-0630
-0.5,None,-12.303249842682526,17.230158924634786,-37.90999515026873,38.32388492249139,17.230158924634786,Sp0717-1004
-0.5,None,11.000605646305686,30.72069189535854,-3.8702854454132445,45.97003250658064,30.72069189535854,Sp0719-5051
-0.5,None,-12.523173337171098,16.110008644295824,-38.52407706178694,37.17415088377205,16.110008644295824,Sp0720-0846
-0.5,None,-25.81616366645647,1.2904062679016433,-55.58733171229599,19.59100202173055,1.2904062679016433,Sp0721+1937
-0.5,None,-31.711197249017342,-7.892722956290868,-58.73456914911803,7.299161533125321,-7.892722956290868,Sp0721+3714
-0.5,None,0.28809893672961706,25.011466960951104,-20.40310494844928,44.979417093540555,25.011466960951104,Sp0721-3105
-0.5,None,-18.09001034970972,10.03161143140603,-46.357694602842216,30.39161314583964,10.03161143140603,Sp0722+0243
-0.5,None,-34.281014991381994,-18.0081028649012,-51.9367218833445,-7.447085669509962,-18.0081028649012,Sp0723+5727
-0.5,None,-8.537214598835247,17.98689670652655,-33.416507847404255,39.13355119031034,17.98689670652655,Sp0723-1439
-0.5,None,-7.8203822563224605,18.88331811317509,-32.28503050578386,40.00963419013178,18.88331811317509,Sp0723-1616
-0.5,None,1.8006159934560297,25.33704172799387,-18.446076362771397,44.9667722632884,25.33704172799387,Sp0723-3309
-0.5,None,25.64521200324529,31.02476857161439,21.295800771680433,34.84331351722563,31.02476857161439,Sp0723-8015
-0.5,None,-33.84473862480952,-20.810486770365333,-48.425898801022825,-11.699249515034031,-20.810486770365333,Sp0726+6302
-0.5,None,-32.44014438269406,-25.70496541487409,-39.81335187970403,-20.559048246173987,-25.70496541487409,Sp0729+7554
-0.5,None,-1.066571546438391,21.598866906305823,-23.47899113209249,42.1033158877737,21.598866906305823,Sp0729-2608
-0.5,None,8.12328545385265,27.30634912411024,-9.659600745682667,44.82452935242459,27.30634912411024,Sp0729-4258
-0.5,None,-22.298144080740812,1.409751031906952,-52.035130696494406,20.466972109710216,1.409751031906952,Sp0730+1553
-0.5,None,-13.019001990311486,11.371769788053058,-40.46166483274715,32.28181002842185,11.371769788053058,Sp0730-0339
-0.5,None,-16.08003288268245,7.946514598026067,-44.6138932866753,28.431774654369537,7.946514598026067,Sp0731+0249
-0.5,None,-28.826210843702626,-8.379832410344337,-56.57419764567056,7.69525664522881,-8.379832410344337,Sp0732+3427
-0.5,None,-33.1281472874097,-19.272339549997135,-50.68479025485654,-8.617567525216911,-19.272339549997135,Sp0732+5755
-0.5,None,-3.569242634172642,18.309766436184447,-27.655968090431408,39.249147267292315,18.309766436184447,Sp0733-2010
-0.5,None,9.139144305629337,26.625239828837337,-8.734255298681346,43.972447162949685,26.625239828837337,Sp0734-4330
-0.5,None,-32.89855542500327,-21.116591655184994,-48.441609301588734,-11.42430749966001,-21.116591655184994,Sp0735+6137
-0.5,None,-23.960300216901516,-3.62471100258268,-53.52314347347321,14.533261825590783,-3.62471100258268,Sp0737+2313
-0.5,None,0.08462170509736826,19.629544639149593,-22.938238107171568,40.13659138784351,19.629544639149593,Sp0737-2526
-0.5,None,12.933563563410036,27.355600933235564,-3.3528339343618807,43.000259591300534,27.355600933235564,Sp0739-4926
-0.5,None,-19.93418411598522,-0.054901562671406605,-49.67836885099534,19.313463668936446,-0.054901562671406605,Sp0740+1502
-0.5,None,-3.7244325508535505,15.675422114977618,-28.770040402682163,36.71133224104689,15.675422114977618,Sp0740-1724
-0.5,None,-15.121692253488414,4.326321143291232,-44.220139677387984,24.72677932726455,4.326321143291232,Sp0741+0531
-0.5,None,-20.82483904142301,-1.6076885673966754,-50.595716108943144,17.448893307632403,-1.6076885673966754,Sp0741+1738
-0.5,None,-10.584530356548337,9.235851561329675,-38.31810508709936,30.234188662068192,9.235851561329675,Sp0741-0359
-0.5,None,-8.79476540779726,10.537988274899007,-36.012280608167174,31.641055615615166,10.537988274899007,Sp0741-0706
-0.5,None,2.8978091023678174,19.69169791773992,-19.625733131262546,39.7876316322179,19.69169791773992,Sp0743-2836
-0.5,None,13.253972781834229,26.038520011418594,-3.7145634158045877,42.00288458990888,26.038520011418594,Sp0745-4815
-0.5,None,-20.620841750848435,-3.938627990005773,-50.3199835965436,14.92252199866933,-3.938627990005773,Sp0746+2000
-0.5,None,-12.276463957540651,4.503459825691384,-41.138560775990626,25.21109148711397,4.503459825691384,Sp0748+0228
-0.5,None,-31.021380130686133,-22.821163614872972,-46.880092812881195,-12.766159580780744,-22.821163614872972,Sp0750+6131
-0.5,None,2.7028049077955107,16.896998489529317,-20.961528746691855,37.2761113535616,16.896998489529317,Sp0751-2530
-0.5,None,-17.76783682754349,-3.2242403066934586,-47.539671997739255,16.250501292094118,-3.2242403066934586,Sp0752+1612
-0.5,None,-14.120575763507873,0.08459851048375452,-43.668494091735525,20.357792761049627,0.08459851048375452,Sp0753+0854
-0.5,None,-17.337347346016994,-3.5032548430836394,-47.10898295725362,16.022104952764156,-3.5032548430836394,Sp0754+1603
-0.5,None,2.777443321808735,15.424075175422718,-21.42421198842912,35.907274975150024,15.424075175422718,Sp0755-2404
-0.5,None,9.5141737083778,20.0630653657884,-11.55720285816622,38.73208392573996,20.0630653657884,Sp0757-3635
-0.5,None,-2.340202637318063,9.690571993221212,-29.0699353267169,30.799153558314735,9.690571993221212,Sp0758-1252
-0.5,None,11.184244015747224,21.10460333539526,-9.010746750424852,39.114449481829865,21.10460333539526,Sp0758-3945
-0.5,None,-10.266472907337803,1.594127250574872,-39.43189791304604,22.35453803038234,1.594127250574872,Sp0759+0323
-0.5,None,-28.91687783715339,-21.83807725812595,-48.24809913449656,-9.77362945822441,-21.83807725812595,Sp0800+5511
-0.5,None,-29.007128105776975,-22.370692756051927,-47.724733098598996,-10.621287600292078,-22.370692756051927,Sp0801+5624
-0.5,None,-9.609912117196235,1.0090726188693993,-38.812356732040186,21.800295704117264,1.0090726188693993,Sp0802+0319
-0.5,None,-11.757676617557632,-1.813115804653456,-41.3626845597364,18.632307810656787,-1.813115804653456,Sp0803+0827
-0.5,None,-8.487711024098937,1.327800903550774,-37.57344420209538,22.216014160327138,1.327800903550774,Sp0804+0151
-0.5,None,-9.285990598068974,0.5068059332243667,-38.533548730452424,21.30424432000876,0.5068059332243667,Sp0804+0330
-0.5,None,-29.490621787839586,-24.436733049220866,-45.30076665927139,-14.23818159335885,-24.436733049220866,Sp0804+6153
-0.5,None,-9.284994412125192,-0.24450726163321154,-38.62356417903486,20.522387626700343,-0.24450726163321154,Sp0805+0417
-0.5,None,-26.61428174012322,-20.04264484367285,-49.252863258666814,-6.046391640000968,-20.04264484367285,Sp0805+4812
-0.5,None,-2.942293436681205,6.052271845141281,-30.66741447478247,27.203230922048412,6.052271845141281,Sp0805-0835
-0.5,None,8.587063590831189,16.83005467287337,-14.08338886781894,36.21621558246058,16.83005467287337,Sp0805-3158
-0.5,None,7.204325907126853,15.182717171603523,-16.371574761535324,35.03208032807855,15.182717171603523,Sp0806-2839
-0.5,None,-21.170260649483506,-13.805859739092533,-49.06023202978341,3.6202085819405423,-13.805859739092533,Sp0807+3213
-0.5,None,8.51765403289115,15.953353282369608,-14.52336433647843,35.46901694839721,15.953353282369608,Sp0807-3056
-0.5,None,-20.952280746246448,-13.801149691756848,-48.89294161615592,3.686653337150141,-13.801149691756848,Sp0808+3157
-0.5,None,11.954606254319838,18.168324027368257,-9.449696306081918,36.55020199020679,18.168324027368257,Sp0809-3720
-0.5,None,-7.817316307729003,-0.8493451980623925,-37.14389430140644,20.009550773213405,-0.8493451980623925,Sp0810+0324
-0.5,None,-12.9292001081668,-6.229376179440745,-42.699022128972274,13.778028812027273,-6.229376179440745,Sp0810+1420
-0.5,None,13.861843656086881,19.587789086072554,-6.420303983479704,37.128305368656534,19.587789086072554,Sp0810-4115
-0.5,None,-14.947942734229411,-8.455928681346338,-44.575374445743776,11.042937548862263,-8.455928681346338,Sp0811+1855
-0.5,None,10.523741187591968,16.140779341485715,-12.063074099030596,35.21062799339887,16.140779341485715,Sp0811-3324
-0.5,None,6.4764671989835705,12.235399658124436,-18.295668240121728,32.48374273137252,12.235399658124436,Sp0812-2444
-0.5,None,19.121030197569883,23.063867028859004,2.392275632181671,37.548491468475724,23.063867028859004,Sp0813-5232
-0.5,None,12.288760648544953,16.688991559187958,-9.70600057255809,35.25231638415861,16.688991559187958,Sp0814-3602
-0.5,None,-0.7450145537620463,3.9819913685053927,-28.720648534921246,25.122155676721366,3.9819913685053927,Sp0815-0843
-0.5,None,-15.340597229136847,-12.214337789869779,-44.512009689572686,6.831055480498895,-12.214337789869779,Sp0818+2333
-0.5,None,-12.24975221779015,-9.344180922122437,-41.925661834197186,10.524640657350702,-9.344180922122437,Sp0819+1658
-0.5,None,-1.8230443575346522,1.229351894242277,-30.434257894632328,22.377545804750593,1.229351894242277,Sp0819-0450
-0.5,None,-1.5987285938352178,1.3569288644927464,-30.169206396128615,22.507216646981355,1.3569288644927464,Sp0819-0511
-0.5,None,2.43475038603843,5.717947142946136,-24.810595550308065,26.71470145691246,5.717947142946136,Sp0819-1345
-0.5,None,-23.17282005517709,-21.67528436302363,-46.81069021492868,-6.658802290722724,-21.67528436302363,Sp0821+4532
-0.5,None,-8.418522351813614,-7.158656756545124,-38.184142999058565,13.359495503162869,-7.158656756545124,Sp0823+1034
-0.5,None,-14.742612632373158,-13.613150720800107,-43.74994524368513,5.398043008969436,-13.613150720800107,Sp0823+2428
-0.5,None,-27.185361935954948,-26.49465191776175,-43.382849958723035,-15.82522120734689,-26.49465191776175,Sp0823+6125
-0.5,None,-13.009578262041769,-12.484285478929486,-42.35409375882698,6.979661447385288,-12.484285478929486,Sp0825+2115
-0.5,None,6.988425438807737,7.527902846133956,-19.22316122534687,28.062456362616086,7.527902846133956,Sp0825-2021
-0.5,None,11.932862518342976,12.230417669118362,-11.955320639808166,31.55100379691148,12.230417669118362,Sp0826-3040
-0.5,None,-22.094234043032166,-22.413806002018905,-45.87054799541848,-7.159518700479195,-22.094234043032166,Sp0827+4502
-0.5,None,20.956640161088547,21.01320113425441,3.620821083176854,35.4530832372137,21.01320113425441,Sp0827-5216
-0.5,None,-15.716221129724325,-16.42988694225243,-43.98772939840937,2.015497234101173,-15.716221129724325,Sp0828+2853
-0.5,None,4.153729837265901,3.406893049873511,-23.46926228516641,24.377690242667263,4.153729837265901,Sp0828-1309
-0.5,None,5.101598764055704,4.365957079530115,-22.191488057092318,25.239436488385703,5.101598764055704,Sp0828-1506
-0.5,None,-9.314969517455088,-10.373760705575611,-39.02670269217119,9.839529551938593,-9.314969517455088,Sp0829+1456
-0.5,None,-14.51477348638651,-15.833323797781627,-43.121417599114594,2.9639376961458286,-14.51477348638651,Sp0829+2646
-0.5,None,-0.7605892431998331,-1.9779351722797254,-29.802735761366222,19.163817670668802,-0.7605892431998331,Sp0829-0238
-0.5,None,-6.5698094624932795,-8.248127317267334,-36.33686469447459,12.401767969450859,-6.5698094624932795,Sp0830+0947
-0.5,None,-1.4787031905398005,-3.029987674432042,-30.703557232057484,18.087198599740677,-1.4787031905398005,Sp0830-0050
-0.5,None,-6.575325311894261,-8.854321564390302,-36.347939210410736,11.764983983353199,-6.575325311894261,Sp0831+1025
-0.5,None,10.680545803682673,8.799364524026908,-14.625657511481432,28.7342702362454,10.680545803682673,Sp0831-2535
-0.5,None,-0.7801796481177442,-3.106137846027179,-29.97343883741633,18.025747310520085,-0.7801796481177442,Sp0832-0128
-0.5,None,-0.6366452095516996,-3.1506646007266035,-29.82697246509937,17.98348380025913,-0.6366452095516996,Sp0832-0134
-0.5,None,-18.17747663964024,-20.6045312759963,-44.48778345563511,-3.51506349294471,-18.17747663964024,Sp0833+3706
-0.5,None,21.963191350650764,20.027939007407937,4.384445619014769,34.38953151608658,21.963191350650764,Sp0833-5217
-0.5,None,22.365329532564683,20.564918478173052,5.281457995769027,34.53184068990977,22.365329532564683,Sp0833-5336
-0.5,None,-5.858718625166672,-9.633561931874858,-35.63193145862952,11.016743918406943,-5.858718625166672,Sp0835+1029
-0.5,None,3.3444859382220495,-0.5045633114287152,-25.159341653132785,20.596195251788533,3.3444859382220495,Sp0835-0819
-0.5,None,14.848027797747198,11.292240224796949,-8.879060009056559,30.125045097683202,14.848027797747198,Sp0836-3250
-0.5,None,24.560860376869854,21.946835395095068,9.400509007634785,34.16796823460387,24.560860376869854,Sp0838-5856
-0.5,None,-8.527749309510751,-14.382523871446079,-37.97598352183587,5.648169884810584,-8.527749309510751,Sp0840+1824
-0.5,None,-21.108207893442586,-25.665813618041252,-43.40120168387067,-10.97827253125589,-21.108207893442586,Sp0840+4827
-0.5,None,-24.508389437544665,-28.181063038890176,-41.888099393432,-16.53680220798758,-24.508389437544665,Sp0840+5911
-0.5,None,-16.326990429050372,-21.77841903156865,-42.761568995764016,-4.346764262506966,-16.326990429050372,Sp0841+3611
-0.5,None,-24.543460979723044,-28.29304827966298,-41.76416514982851,-16.7403208669871,-24.543460979723044,Sp0841+5929
-0.5,None,-4.0624286193578705,-11.363894423302474,-33.83039340328564,9.369907378807056,-4.0624286193578705,Sp0843+1024
-0.5,None,-1.116658079417685,-8.680263990091065,-30.80843401918664,12.345095786131685,-1.116658079417685,Sp0844+0434
-0.5,None,14.882105576304351,8.18416697396968,-9.985580561965953,27.441205869228423,14.882105576304351,Sp0844-2924
-0.5,None,9.318009387683187,0.6227138905074519,-18.418719822463157,21.320690756593773,9.318009387683187,Sp0847-1532
-0.5,None,11.695383584002355,2.865397482541624,-15.237564932476147,23.16333093207293,11.695383584002355,Sp0848-2019
-0.5,None,25.41885214735721,19.848820889351614,9.131785263638367,32.61700998507966,25.41885214735721,Sp0848-5656
-0.5,None,29.03052777358139,27.140313840463275,22.980555502321515,31.750087066024317,29.03052777358139,Sp0848-7853
-0.5,None,1.0543939429803832,-8.667197673495245,-28.576624100066397,12.440956733023548,1.0543939429803832,Sp0849+0220
-0.5,None,-12.451818034561207,-21.909789772094907,-39.86934713630402,-3.4466041427180616,-12.451818034561207,Sp0850+3126
-0.5,None,4.055584208218545,-6.11912450426165,-25.22400680208342,15.027437971194711,4.055584208218545,Sp0850-0318
-0.5,None,11.638577741523065,2.0549478394024177,-15.510392798297648,22.418687283941757,11.638577741523065,Sp0850-1924
-0.5,None,24.46812429795145,17.73316180860301,6.387338164425904,31.84127815942582,24.46812429795145,Sp0850-5227
-0.5,None,-27.735142413500512,-30.589940000682418,-35.063440760632524,-25.388453485737074,-27.735142413500512,Sp0851+7727
-0.5,None,-9.500308872830553,-19.987938840787738,-37.95887625364724,-0.6371590512980456,-9.500308872830553,Sp0852+2540
-0.5,None,4.897799896874831,-6.772423114581352,-24.410197843293627,14.367864567399465,4.897799896874831,Sp0853-0329
-0.5,None,14.840097330707684,4.007978834559342,-11.379691566946878,23.747297595025138,14.840097330707684,Sp0853-2446
-0.5,None,7.241091217327068,-4.582902440453524,-21.64231857075623,16.45152826069118,7.241091217327068,Sp0854-0805
-0.5,None,15.415337917804871,3.8533698181346434,-10.77316137393776,23.51247441679444,15.415337917804871,Sp0855-2512
-0.5,None,-21.729682394002214,-30.059623570326174,-40.026407503244556,-17.54010660130627,-21.729682394002214,Sp0857+5708
-0.5,None,0.3606827693793224,-13.481265792704633,-29.41040412100102,7.493513548357565,0.3606827693793224,Sp0858+0758
-0.5,None,-1.2688483817207807,-15.489202662131376,-30.956240914429266,5.301727328453259,-1.2688483817207807,Sp0859+1145
-0.5,None,-23.708429491661654,-30.994732295523008,-38.72374235887605,-20.599006747241187,-23.708429491661654,Sp0859+6341
-0.5,None,-6.059647063665794,-20.07742378829213,-34.941413000840406,-0.13517074480592403,-6.059647063665794,Sp0900+2150
-0.5,None,29.165074761913125,23.421745482571897,18.250235667796307,31.635945796697207,29.165074761913125,Sp0901-6940
-0.5,None,4.783107096218144,-10.637639251778666,-24.855648033015353,10.514221267496893,4.783107096218144,Sp0902+0033
-0.5,None,-25.229584665021992,-31.484121854508647,-37.0197642027427,-23.2172086899607,-25.229584665021992,Sp0902+6939
-0.5,None,2.531837071801029,-13.413254194857519,-27.239385069089074,7.664564579966564,2.531837071801029,Sp0903+0540
-0.5,None,-20.456291923531293,-31.013987109945127,-39.04238363052303,-18.156503348412,-20.456291923531293,Sp0905+5623
-0.5,None,8.949240621988574,-8.105034013737832,-20.295487244189516,12.936237276621723,8.949240621988574,Sp0906-0611
-0.5,None,20.87169512314035,6.174261898226759,-3.7084858808899743,24.40739474889465,20.87169512314035,Sp0906-3332
-0.5,None,21.358494328716287,6.834107344686749,-2.886783163672884,24.835284324509093,21.358494328716287,Sp0906-3449
-0.5,None,21.758219763729308,7.302119264783669,-2.230931169868686,25.11699491851002,21.758219763729308,Sp0906-3548
-0.5,None,24.33100940385505,10.945073589530406,2.490233896086413,27.212686710806654,24.33100940385505,Sp0907-4308
-0.5,None,2.087976063978444,-15.848788611219225,-27.65699039212241,5.154408586928465,2.087976063978444,Sp0908+0836
-0.5,None,-0.9827684233696448,-18.892519709183272,-30.433742644021944,1.7671993555806167,-0.9827684233696448,Sp0908+1459
-0.5,None,-17.736834993279928,-30.533974372830343,-38.84007902206934,-15.92604314033002,-17.736834993279928,Sp0908+5032
-0.5,None,-3.083065081661626,-21.176428845748234,-32.09350607135125,-0.891943898035893,-3.083065081661626,Sp0909+1940
-0.5,None,-25.779013659712398,-32.00113722615984,-35.1264916711436,-25.368609225491195,-25.779013659712398,Sp0911+7401
-0.5,None,-4.861672186787754,-23.723563943286685,-33.19598151836096,-3.9099689638530375,-4.861672186787754,Sp0912+2425
-0.5,None,11.096688394753443,-8.864026257066996,-18.12109872494063,12.08683334802083,11.096688394753443,Sp0913-0733
-0.5,None,29.911859392836956,20.552278485980278,16.651004377183195,30.272738640942784,29.911859392836956,Sp0914-6514
-0.5,None,-2.7769363831841205,-23.367642352444093,-31.45392168988591,-3.201549521270798,-2.7769363831841205,Sp0916+2139
-0.5,None,13.723294876931108,-7.677523141744111,-15.181961886652532,13.034640513933482,13.723294876931108,Sp0916-1121
-0.5,None,8.754747744290476,-14.30204286653862,-20.966224084560363,6.838738920374211,8.754747744290476,Sp0919+0016
-0.5,None,-2.2838901462584795,-24.12216406503313,-30.88026536463845,-3.94380579539607,-2.2838901462584795,Sp0919+2154
-0.5,None,-20.100834739225764,-33.37185084750416,-36.679127716456776,-21.611634825045847,-20.100834739225764,Sp0921+6017
-0.5,None,18.952103999309404,-3.2825290374022793,-8.696787012886041,16.498467535810487,18.952103999309404,Sp0921-2104
-0.5,None,13.72757578741317,-10.107443841207706,-15.495100403264289,10.70991814446652,13.72757578741317,Sp0922-0852
-0.5,None,30.54532167980535,26.08209445938161,24.956221709648663,30.102516926747604,30.54532167980535,Sp0922-8010
-0.5,None,-2.4320717501187046,-25.61885209778175,-30.70891626008997,-5.581918269078181,-2.4320717501187046,Sp0923+2340
-0.5,None,20.135029759514673,-2.5701853123707603,-7.21990549038048,16.949822026369812,20.135029759514673,Sp0923-2300
-0.5,None,21.988204347766953,-0.1966925584128977,-4.510682847681344,18.70893826216781,21.988204347766953,Sp0923-2727
-0.5,None,31.03270012709347,20.403961919760274,18.41837606924401,29.433695789797355,31.03270012709347,Sp0924-6655
-0.5,None,1.4620184632633237,-23.47161262260909,-27.62127684923514,-2.8054516795529807,1.4620184632633237,Sp0925+1704
-0.5,None,-5.2224147028650885,-28.503723552719613,-32.26458364695783,-9.268414646561524,-5.2224147028650885,Sp0925+3007
-0.5,None,-16.43591585444749,-33.58175336931861,-36.180282535833705,-19.496263641200706,-16.43591585444749,Sp0926+5309
-0.5,None,-11.042792729658489,-32.3385968245679,-34.71576788002537,-15.405943782031766,-11.042792729658489,Sp0928+4230
-0.5,None,8.683116483738512,-19.436791936219063,-21.05881811496261,1.7120359588457397,8.683116483738512,Sp0931+0528
-0.5,None,-3.14680581914165,-28.895825596383023,-30.505702840583236,-9.290220506482697,-3.14680581914165,Sp0931+2802
-0.5,None,-7.575871394887665,-31.529755567341716,-32.928701476985154,-13.317328890642795,-7.575871394887665,Sp0931+3638
-0.5,None,19.508500011830474,-7.369836457982063,-8.927193301632801,12.67218170373533,19.508500011830474,Sp0931-1717
-0.5,None,-2.2984400693417903,-28.866313145344108,-29.825357649035098,-9.102842456626227,-2.2984400693417903,Sp0932+2659
-0.5,None,19.49801907861854,-8.554221455926484,-9.143909050374683,11.577757319545421,19.49801907861854,Sp0933-1602
-0.5,None,29.082003586757853,7.341295702041654,6.722501062427831,22.930681471178012,29.082003586757853,Sp0933-4353_1
-0.5,None,29.085208444945867,7.338182445380185,6.725032009603838,22.927285227109735,29.085208444945867,Sp0933-4353_2
-0.5,None,24.27153814371324,-3.398565179358786,-2.8240772991734353,15.447574262223496,24.27153814371324,Sp0936-2609
-0.5,None,26.908789548441835,1.0012211961517483,1.5109411373155768,18.60138037781267,26.908789548441835,Sp0936-3346
-0.5,None,25.23633490113889,-2.7648340630505386,-1.5715603435598802,15.80052387893115,25.23633490113889,Sp0938-2748
-0.5,None,-2.5231464172320512,-31.136274915813313,-29.36403763815839,-11.656608487469695,-2.5231464172320512,Sp0939+2935
-0.5,None,-7.927247854246157,-33.77351104593874,-32.188861367830086,-16.095259149303693,-7.927247854246157,Sp0939+3950
-0.5,None,-4.093551137865196,-32.54907190655264,-30.08940331861381,-13.592740936583104,-4.093551137865196,Sp0941+3315
-0.5,None,1.317826399648831,-29.89210924613775,-26.561856701083574,-9.644026536951268,1.317826399648831,Sp0942+2351
-0.5,None,31.967981398663525,9.947821235558841,11.850534326073126,23.63371955282884,31.967981398663525,Sp0942-5047
-0.5,None,15.341491032384832,-18.01305005257229,-14.398369996312464,2.9632614313438492,15.341491032384832,Sp0943-0229
-0.5,None,29.578144462848076,2.721661138574044,5.302993819596567,19.25073238269386,29.578144462848076,Sp0943-3833
-0.5,None,-20.060724712544257,-35.69620259122167,-33.76168849072574,-25.721293571008164,-20.060724712544257,Sp0944+6537
-0.5,None,27.57544305999261,-1.6026628704132209,1.4244402465527184,16.26184266595965,27.57544305999261,Sp0944-3124
-0.5,None,13.738125282060928,-21.425876244034413,-16.017256006268415,-0.31462017224574224,13.738125282060928,Sp0947+0224
-0.5,None,-5.110749465626014,-34.802216024959904,-29.934243839916153,-16.467041525425405,-5.110749465626014,Sp0947+3710
-0.5,None,15.043740796221138,-19.918262767554857,-14.729827971451742,1.1196986702201037,15.043740796221138,Sp0947-0020
-0.5,None,11.109136207750678,-24.6026410438366,-18.42784940614741,-3.454670449599209,11.109136207750678,Sp0949+0806
-0.5,None,33.85022343033275,16.113635258998496,19.08188721849655,26.00051855187164,33.85022343033275,Sp0951-6317
-0.5,None,20.772659925387625,-15.72963265249855,-8.69915142434016,4.7068279518520395,20.772659925387625,Sp0952-0955
-0.5,None,25.770111083909743,-11.207715804787735,-2.8612135305362405,8.202683126397186,25.770111083909743,Sp0956-1910
-0.5,None,31.866200195478914,0.5347195740815459,7.174437048214193,16.845793458964383,31.866200195478914,Sp0956-3811
-0.5,None,32.92324867384777,3.1505093142343346,9.553983922215801,18.51484978689678,32.92324867384777,Sp0956-4234
-0.5,None,2.535101905688021,-33.79402284803545,-24.566226898334463,-13.677906211124638,2.535101905688021,Sp0957+2627
-0.5,None,34.68828954736631,9.724025733353335,15.442792324668659,22.282261264820512,34.68828954736631,Sp0958-5344
-0.5,None,6.708458715237093,-32.113549037876055,-21.436836006968147,-11.37115700861775,6.708458715237093,Sp0959+2002
-0.5,None,22.450205024354638,-17.379389484281536,-7.09517192246899,2.963020023468144,22.450205024354638,Sp1000-0949
-0.5,None,3.8452507192368564,-34.798306464567275,-23.22515536924575,-14.56574985648715,3.8452507192368564,Sp1002+2556
-0.5,None,-17.49490380718813,-37.8765553405955,-31.841065664233927,-27.190189050538553,-17.49490380718813,Sp1002+6349
-0.5,None,18.869985800358457,-22.904479566972665,-10.900190745295177,-1.996543630622594,18.869985800358457,Sp1003-0105
-0.5,None,25.00238821492892,-16.229881330900223,-4.348036833347276,3.712383368573191,25.00238821492892,Sp1004-1318
-0.5,None,32.36923055849845,-3.7029191143429654,6.255910645264347,13.291523850599457,32.36923055849845,Sp1004-3335
-0.5,None,24.56824355013885,-17.100215851592807,-4.881806524282334,2.9619356780076314,24.56824355013885,Sp1005-1202
-0.5,None,26.949404814441177,-14.436253825424966,-2.0948902408737564,5.069752376415035,26.949404814441177,Sp1006-1653
-0.5,None,0.6332317119599024,-38.234659247196824,-24.60848900123197,-18.957200312240765,0.6332317119599024,Sp1009+3324
-0.5,None,8.803021362048696,-34.76020846649049,-19.053896768500262,-13.949289001512021,8.803021362048696,Sp1011+2019
-0.5,None,-4.601050001039059,-40.111539310292706,-27.136814025178737,-22.715921327319407,-4.601050001039059,Sp1011+4245
-0.5,None,33.1084938504404,-6.681599847442031,6.194828768227504,10.62448201398182,33.1084938504404,Sp1012-3049
-0.5,None,0.19814323760609662,-39.516976609218034,-24.422022588837983,-20.526948430607042,0.19814323760609662,Sp1013+3520
-0.5,None,33.1193050383814,23.337053873512804,26.570523665849144,27.651549179839023,33.1193050383814,Sp1013-7842
-0.5,None,5.230873730953649,-38.34933335487069,-21.090786326554817,-18.1967771391551,5.230873730953649,Sp1016+2751
-0.5,None,17.38126832113136,-30.29164139376567,-11.929354569894203,-9.166448478525345,17.38126832113136,Sp1017+0719
-0.5,None,34.04618701263812,-8.890636175152093,6.647643474312188,8.526533339357421,34.04618701263812,Sp1018-2909
-0.5,None,-21.662994492731844,-36.444443079818626,-30.489100666943656,-29.992780932987948,-21.662994492731844,Sp1019+7419
-0.5,None,33.50821658817823,-10.298798246361784,5.709618224397081,7.451731673965053,33.50821658817823,Sp1019-2707
-0.5,None,-8.065604065344003,-42.03208649425004,-27.474288508998878,-26.818349551111602,-8.065604065344003,Sp1021+5055
-0.5,None,31.738116735807093,-14.80824223711912,2.9249733640376796,3.873500463274199,31.738116735807093,Sp1021-2044
-0.5,None,21.25099772787807,-28.5253689728924,-8.354437161667075,-7.603417276948018,21.25099772787807,Sp1022+0200
-0.5,None,-2.024101135175491,-42.05595034565217,-24.697387661526584,-24.194728611182654,-2.024101135175491,Sp1022+4114
-0.5,None,-12.427053586816847,-41.29334461548297,-28.79951598341932,-28.609045272596607,-12.427053586816847,Sp1022+5825
-0.5,None,20.206828628628,-30.92918147736546,-9.173319725803733,-9.891410769346622,20.206828628628,Sp1025+0512
-0.5,None,14.478767968222687,-37.07527573731858,-13.583524434191652,-15.984416422550549,14.478767968222687,Sp1029+1626
-0.5,None,8.839449960215445,-40.54026587421647,-17.55503787366647,-20.03540422246253,8.839449960215445,Sp1029+2546
-0.5,None,39.54609892079724,5.955652615597167,19.771483050140315,17.754549132929732,39.54609892079724,Sp1031-5338
-0.5,None,21.728530268532374,-32.28091242822665,-7.587291728239531,-11.289757623800845,21.728530268532374,Sp1032+0501
-0.5,None,0.010072603423883842,-43.978809882696936,-22.56326192873608,-25.846025219074523,0.010072603423883842,Sp1032+4027
-0.5,None,39.360035573817754,-2.091236494510669,15.128404411659078,12.411056418788819,39.360035573817754,Sp1032-4208
-0.5,None,39.75346546639127,5.338237675719109,19.651555703882593,17.28983032207403,39.75346546639127,Sp1032-5255
-0.5,None,17.26420234543196,-36.45139859276688,-11.188793762938317,-15.298360179455566,17.26420234543196,Sp1033+1303
-0.5,None,10.233018219490523,-41.55897816249137,-16.129833663893617,-20.9468341484934,10.233018219490523,Sp1035+2507
-0.5,None,34.81887622012466,-17.087093832766605,5.846264910152175,1.2188204019347393,34.81887622012466,Sp1035-2058
-0.5,None,40.298733680982174,1.7780173966663755,18.232781639872655,14.7897051248134,40.298733680982174,Sp1035-4816
-0.5,None,13.959079719063448,-39.73326916227556,-13.467810854114799,-18.72406714260464,13.959079719063448,Sp1036+1923
-0.5,None,39.108154290495236,-7.9427063361121535,12.621036175593847,7.951753394944614,39.108154290495236,Sp1036-3441
-0.5,None,40.400275606810744,-0.9561978488594012,16.941130065565677,12.861532499059324,40.400275606810744,Sp1036-4437
-0.5,None,7.359454141266503,-43.36485519204407,-17.818176562530354,-23.308299730626885,7.359454141266503,Sp1037+3011
-0.5,None,17.220507911064384,-38.8213467241473,-10.7891585612866,-17.67914084771954,17.220507911064384,Sp1039+1512
-0.5,None,26.740095261132915,-30.25644092337909,-2.900541162186177,-9.730154890335958,26.740095261132915,Sp1039-0121
-0.5,None,28.399755866037943,-29.605047740365855,-1.3033444704025354,-9.293074826360343,28.399755866037943,Sp1042-0323
-0.5,None,37.55686539751571,-16.100693261356135,8.911802252898644,1.4849053608940692,37.55686539751571,Sp1042-2416
-0.5,None,31.48548540315547,-26.170422755288573,1.7171883691615957,-6.4759849166024654,31.48548540315547,Sp1043-0912
-0.5,None,40.234122722631085,10.035776495650772,23.999259220319242,19.48557790515453,40.234122722631085,Sp1044-6112
-0.5,None,28.233491505390646,-31.161113241381017,-1.3892724298905001,-10.755170477091475,28.233491505390646,Sp1045-0149
-0.5,None,38.699496039018825,-15.234083142770679,10.298686700174983,1.964351524013593,38.699496039018825,Sp1045-2607
-0.5,None,-0.8763622059501142,-46.53831563500623,-21.670060140098315,-29.378873179055738,-0.8763622059501142,Sp1046+4441
-0.5,None,35.4052046204064,-22.439839156354406,5.8653084886121665,-3.71282162320377,35.4052046204064,Sp1046-1602
-0.5,None,41.35220837693142,6.771343014427216,22.995483065730433,17.29590909608335,41.35220837693142,Sp1046-5658
-0.5,None,-21.26203927364547,-37.20573032604911,-28.794672947765186,-31.715558874221717,-21.26203927364547,Sp1047+7613
-0.5,None,36.43615589210041,-21.03317929256376,7.054240294532001,-2.644622027208164,36.43615589210041,Sp1047-1815
-0.5,None,27.2651321894211,-33.604028766193636,-2.148269508102828,-12.992319505858472,27.2651321894211,Sp1048+0111
-0.5,None,33.60750000265464,-25.778291766585237,3.862050251068728,-6.451670037702988,33.60750000265464,Sp1048-1120
-0.5,None,37.05941860535841,-20.37859511451177,7.771592477983029,-2.186400983008952,37.05941860535841,Sp1048-1925
-0.5,None,42.133622048286036,-5.787086391535213,16.92389502766562,8.691621490879397,42.133622048286036,Sp1048-3956
-0.5,None,42.12752445549161,3.6564731925456653,21.863265018588304,15.171227065340402,42.12752445549161,Sp1048-5254
-0.5,None,42.20047068573526,3.8767844160751572,22.116020314142585,15.266038986926283,42.20047068573526,Sp1049-5319
-0.5,None,-3.3410649882197303,-46.85819841710271,-22.49095723796067,-31.000556774589963,-3.3410649882197303,Sp1050+4907
-0.5,None,42.8620640287518,-2.17333471919277,19.44312357656437,11.069277429499245,42.8620640287518,Sp1050-4517
-0.5,None,-8.05335601537093,-45.53891649875988,-24.551374918935437,-32.11258997008294,-8.05335601537093,Sp1051+5613
-0.5,None,42.95710766689844,0.22878407148187171,20.85887637045556,12.65937358998558,42.95710766689844,Sp1051-4841
-0.5,None,42.663909161079346,-10.411977911088483,15.892364567285018,4.909178953839539,42.663909161079346,Sp1054-3445
-0.5,None,42.795979631399696,4.2491410246054615,23.232725742489972,15.187166749164566,42.795979631399696,Sp1054-5431
-0.5,None,24.64049963941003,-38.89140653869832,-3.985657858938774,-17.911467384579154,24.64049963941003,Sp1055+0808
-0.5,None,37.13592859767239,18.385854592031368,27.93585753302974,23.861967378996393,37.13592859767239,Sp1055-7356
-0.5,None,25.461632120732503,-38.4419197279404,-3.2866731002050025,-17.524466294655916,25.461632120732503,Sp1056+0700
-0.5,None,37.89492294128712,-24.68337409001331,8.260906174502484,-6.240871319991398,37.89492294128712,Sp1058-1548
-0.5,None,40.23676945726194,-21.059874887353534,11.001999175567656,-3.4914182148342636,40.23676945726194,Sp1059-2113
-0.5,None,-2.7863712796759117,-48.26182676592392,-21.30626123831271,-32.67503096714505,-2.7863712796759117,Sp1100+4957
-0.5,None,-13.208362065174086,-43.52451467869648,-25.727326728505325,-33.64791653627907,-13.208362065174086,Sp1101+6508
-0.5,None,18.590399220366717,-46.033531619264664,-7.9188494520467865,-24.93693637308458,18.590399220366717,Sp1104+1959
-0.5,None,41.673362921016384,10.630540323010935,27.042487099777038,18.761589199120674,41.673362921016384,Sp1104-6412
-0.5,None,2.414569696250114,-50.04542859657023,-18.042118970138834,-32.490906877768246,2.414569696250114,Sp1105+4331
-0.5,None,28.943339476661425,-39.08322487635379,0.08698054817681738,-18.432699598127694,28.943339476661425,Sp1106+0428
-0.5,None,-4.24289175483459,-48.50788362731379,-21.458773180968468,-33.9839572647842,-4.24289175483459,Sp1106+5259
-0.5,None,22.205402056121883,-45.29487268412694,-4.950838916470804,-24.144227472370595,22.205402056121883,Sp1108+1545
-0.5,None,40.530015587514505,-27.548048353467262,10.800612403174597,-9.39118492183753,40.530015587514505,Sp1112-1502
-0.5,None,2.2078953720814893,-51.36268258780099,-17.354012493521378,-34.29926133457052,2.2078953720814893,Sp1114+4516
-0.5,None,14.168853883010287,-51.14120537831307,-9.926903665303021,-30.63276181091079,14.168853883010287,Sp1115+2902
-0.5,None,44.718262863297596,-21.108834303536508,15.68334193364283,-4.625060874827978,44.718262863297596,Sp1115-2429
-0.5,None,41.409161985502365,12.47270942817468,28.69643393227125,19.443102239555092,41.409161985502365,Sp1115-6731
-0.5,None,29.143177193910173,-44.017445172861045,1.090349630983693,-23.230164404820357,29.143177193910173,Sp1119+0820
-0.5,None,1.7967352156245526,-52.05340610942584,-17.080186917135173,-35.43815054358033,1.7967352156245526,Sp1119+4641
-0.5,None,41.75831664362862,-30.45306835693931,11.982907371706807,-12.310827270455514,41.75831664362862,Sp1121-1313
-0.5,None,32.52752335434569,-41.84279328389452,3.8931749107717235,-21.484609409814006,32.52752335434569,Sp1122+0343
-0.5,None,8.724075149568813,-53.56986361504029,-12.692664106597446,-34.535216611071704,8.724075149568813,Sp1122+3755
-0.5,None,42.49444857572468,-29.62421988608389,12.727671655155003,-11.709224329478564,42.49444857572468,Sp1122-1431
-0.5,None,48.6985813341895,-10.57421161642478,22.80822157676501,2.8198992080686915,48.6985813341895,Sp1122-3916
-0.5,None,42.88280385727745,10.496962777688486,29.12304364822145,17.831376409261797,42.88280385727745,Sp1122-6533
-0.5,None,37.98166686623347,-36.376377013880656,8.49378255775867,-17.09732752853831,37.98166686623347,Sp1123-0509
-0.5,None,8.750546216607654,-53.8363756245369,-12.547715847337113,-34.84223765385702,8.750546216607654,Sp1124+3808
-0.5,None,49.059088838933256,-8.444017857352282,24.142915110459914,4.2623515627669235,49.059088838933256,Sp1124-4213
-0.5,None,47.8498842595235,-20.701020786234018,19.051010463140027,-5.1127434898232895,47.8498842595235,Sp1126-2706
-0.5,None,-10.296451736970672,-46.61518477577532,-22.668245024520317,-36.52729897160393,-10.296451736970672,Sp1127+6346
-0.5,None,34.95561194123247,-41.7669303038418,6.194309910633351,-21.736580920284016,34.95561194123247,Sp1128+0141
-0.5,None,44.872080854822016,-28.485988398353328,15.154480986312478,-11.214050988135135,44.872080854822016,Sp1128-1715
-0.5,None,1.366191314197436,-53.268574404878585,-16.373808881351415,-37.40507592361097,1.366191314197436,Sp1130+4848
-0.5,None,46.69917105794763,3.86850364684869,28.878879554423825,12.872966561065187,46.69917105794763,Sp1130-5759
-0.5,None,44.056413841393386,9.31999759095162,29.947190352782663,16.63190498725157,44.056413841393386,Sp1131-6446
-0.5,None,30.105901846101982,-48.08234486013854,2.8233636252642706,-27.269445683420596,30.105901846101982,Sp1133+1039
-0.5,None,37.1013604691485,-42.22487583186078,8.319198479024003,-22.5038362232398,37.1013604691485,Sp1134+0022
-0.5,None,38.70035495253164,-40.28570537804058,9.596834822535232,-20.92588359581971,38.70035495253164,Sp1134-0224
-0.5,None,42.271761855088215,-36.80692018786105,12.731068609079461,-18.32387417861619,42.271761855088215,Sp1136-0755
-0.5,None,45.920912859120364,-32.15088483256326,16.14692521789477,-14.804203900113093,45.920912859120364,Sp1138-1432
-0.5,None,50.84423115176895,-21.064985796870666,22.16022765374924,-6.279615667087346,50.84423115176895,Sp1138-2842
-0.5,None,40.19983161302741,-40.706566606471725,11.103889842797722,-21.600260715466707,40.19983161302741,Sp1139-0310
-0.5,None,49.818667864495524,-26.417890092815494,20.32576201709755,-10.61694197107117,49.818667864495524,Sp1141-2232
-0.5,None,36.36387334210265,-46.411841786448825,8.332644657733875,-26.408699141224165,36.36387334210265,Sp1143+0413
-0.5,None,-6.700107544169135,-49.92298560429836,-19.68581430532359,-38.889577735430656,-6.700107544169135,Sp1144+6043
-0.5,None,52.61284509805227,-9.823709597858567,27.861546535925555,1.9144805864343364,52.61284509805227,Sp1144-4302
-0.5,None,49.902795862557696,-28.704346850134637,20.23727504431892,-12.673507690020905,49.902795862557696,Sp1145-2021
-0.5,None,14.365965148488174,-58.28749638048394,-6.909537261518453,-38.423653158625704,14.365965148488174,Sp1146+3431
-0.5,None,50.23101847280781,-0.4383629805658068,30.67590698432961,8.794276180091785,50.23101847280781,Sp1147-5424
-0.5,None,52.32636455519246,-24.776421657022404,23.10063870171749,-9.882653631413705,52.32636455519246,Sp1148-2544
-0.5,None,53.90432381850322,-12.762615750412532,28.076943753100473,-0.6886703677411935,53.90432381850322,Sp1149-4012
-0.5,None,53.40123372344604,-22.43295547816016,24.6082570161439,-8.198115066829205,53.40123372344604,Sp1150-2850
-0.5,None,53.725823461370105,-20.005681860628197,25.47961763993917,-6.278825090095548,53.725823461370105,Sp1150-3139
-0.5,None,22.998782812382988,-58.19103707529706,-0.5057937040724688,-37.11030103737844,22.998782812382988,Sp1152+2438
-0.5,None,-16.95449854184212,-41.64839833100557,-24.329944731276246,-36.176017534489915,-16.95449854184212,Sp1152+7412
-0.5,None,36.302109750263114,-50.096113749579956,9.05572809767911,-29.96257430050417,36.302109750263114,Sp1153+0659
-0.5,None,40.106180991653844,-46.686067877673445,11.967270137385828,-27.310578313614144,40.106180991653844,Sp1154+0135
-0.5,None,37.35948263770609,-49.853946699439604,10.002463664121262,-29.893348183384962,37.35948263770609,Sp1155+0559
-0.5,None,52.830842841624076,-28.399558062142972,23.231517623086397,-13.203859255958037,52.830842841624076,Sp1155-2224
-0.5,None,55.1812717526005,-15.70354995642838,28.39950311211675,-3.3537979128132487,55.1812717526005,Sp1155-3727
-0.5,None,53.67194511407152,-6.143474155968316,31.376160321203074,3.8726236925955173,53.67194511407152,Sp1157-4844
-0.5,None,32.05992848402915,-55.00043364512684,6.366876025266478,-34.20427868402457,32.05992848402915,Sp1158+1354
-0.5,None,11.533631005934687,-60.33311971553695,-7.598923210547277,-41.731093405728245,11.533631005934687,Sp1158+3953
-0.5,None,52.30799360088159,-31.638423280041316,22.546021799729623,-15.969453037169385,52.30799360088159,Sp1158-1900
-0.5,None,54.31882813742009,-25.909011520627388,25.01178380077231,-11.446888401844648,54.31882813742009,Sp1158-2545
-0.5,None,41.480692925113914,-47.15439298412131,13.385730368578075,-28.0300478861282,41.480692925113914,Sp1159+0057
-0.5,None,26.816004215398255,-58.60029532261612,2.818115713215334,-37.44979599731316,26.816004215398255,Sp1159+2105
-0.5,None,52.50605432558929,-2.7419836736275243,32.23205832324802,6.378210784639169,52.50605432558929,Sp1159-5247
-0.5,None,27.108976150635716,-58.619565404421756,3.0753107587419204,-37.4732644846562,27.108976150635716,Sp1200+2048
-0.5,None,17.611481152877257,-61.35756530298174,-3.3549739040400257,-41.106317654492564,17.611481152877257,Sp1201+3248
-0.5,None,11.123480158937001,-60.71888187180863,-7.591833135991823,-42.38871295148612,11.123480158937001,Sp1201+4046
-0.5,None,49.772581094847794,-37.516220573030125,20.180933476820925,-20.73396394755079,49.772581094847794,Sp1201-1213
-0.5,None,55.54836856588625,-24.765428658201618,26.45305675738441,-10.832617188646566,55.54836856588625,Sp1201-2737
-0.5,None,55.948970741477034,-23.153288429058236,27.161890939442518,-9.591673891716876,55.948970741477034,Sp1201-2932
-0.5,None,10.180170335609764,-60.64267199652302,-8.087854199695151,-42.72581441935782,10.180170335609764,Sp1202+4204
-0.5,None,46.72472625627598,-42.136314192162175,17.663256078462396,-24.359996888612546,46.72472625627598,Sp1202-0629
-0.5,None,42.74941633690601,-47.421789482501346,14.669764608068391,-28.55160664589406,42.74941633690601,Sp1203+0015
-0.5,None,18.504940130924556,-62.04407536820176,-2.435901406246997,-41.67689248831863,18.504940130924556,Sp1204+3212
-0.5,None,56.493878718344526,-24.93418408751691,27.411278297301106,-11.268489060888198,56.493878718344526,Sp1205-2758
-0.5,None,57.20729519743869,-14.909431009917748,31.077399675556705,-3.5044676996265904,57.20729519743869,Sp1206-3937
-0.5,None,57.04056491592542,-14.28721151883319,31.152823239903835,-2.9879862695653223,57.04056491592542,Sp1206-4017
-0.5,None,-17.30909554300932,-41.408887455849715,-23.877293961099287,-36.62786992550514,-17.30909554300932,Sp1207+7521
-0.5,None,-18.07906475505448,-40.66977026874326,-24.26374748002627,-36.221019832165894,-18.07906475505448,Sp1207+7617
-0.5,None,57.354429950660034,-15.042163831315987,31.19436174210223,-3.657502558249148,57.354429950660034,Sp1207-3932
-0.5,None,39.933543721096875,-52.18622140554434,13.01821822234892,-32.6174390640688,39.933543721096875,Sp1209+0542
-0.5,None,36.16685336420075,-55.77640834252977,10.390135925347426,-35.47632687971212,36.16685336420075,Sp1210+1100
-0.5,None,41.45050716389622,-51.47197362767882,14.307691117728593,-32.222674771010695,41.45050716389622,Sp1211+0406
-0.5,None,52.32642311459075,-38.27001271630624,22.769440452346675,-22.124693241633512,52.32642311459075,Sp1211-1304
-0.5,None,13.843838341515012,-63.309442976390095,-4.726885834360529,-44.494086144470465,13.843838341515012,Sp1213+3900
-0.5,None,47.611851570632105,-45.31182928978503,19.03621610705303,-27.63916382675105,47.611851570632105,Sp1213-0432
-0.5,None,44.52789156799438,-49.88164089503821,16.935480708748933,-31.34828067695389,44.52789156799438,Sp1215+0050
-0.5,None,-1.4288971325922384,-55.378171886690744,-14.343986986736095,-43.63774962131025,-1.4288971325922384,Sp1216+5709
-0.5,None,44.9916192401121,-49.95728345105125,17.409045582661015,-31.533202817623856,44.9916192401121,Sp1217+0035
-0.5,None,49.576791709375414,-45.19144901434816,20.95905405255955,-28.034486742313106,49.576791709375414,Sp1218-0550
-0.5,None,19.452158118528732,-65.356192217259,-0.3055915488503727,-45.1150462282755,19.452158118528732,Sp1220+3315
-0.5,None,43.99869680909146,-52.37821223478771,17.025037857844772,-33.68176140653398,43.99869680909146,Sp1221+0257
-0.5,None,39.435281644393754,-56.515348472901714,13.714592230378441,-36.7696159345934,39.435281644393754,Sp1221+0857
-0.5,None,58.47184224269053,-10.608927707032086,34.952162951339346,-1.0923001598438962,58.47184224269053,Sp1221-4548
-0.5,None,52.47149777204429,-43.324699251447896,23.521962782412707,-27.018324188018298,52.47149777204429,Sp1223-0858
-0.5,None,60.435428313230894,-26.88481659570651,31.190544523046093,-14.1888581013257,60.435428313230894,Sp1223-2757
-0.5,None,54.78795334982744,-40.37585425085582,25.422920728928837,-24.834481199973677,54.78795334982744,Sp1224-1238
-0.5,None,55.732445028722246,-39.29577099646263,26.24712841875043,-24.077677635485756,55.732445028722246,Sp1225-1402
-0.5,None,60.538319711812434,-30.635269723510667,30.878906184476154,-17.508969127697895,60.538319711812434,Sp1228-2415
-0.5,None,41.630530008603046,-57.354804817051324,16.103838962762886,-38.06901326288097,41.630530008603046,Sp1229+0752
-0.5,None,27.48310754776882,-67.06528414151168,6.435582657690598,-45.91963302892808,27.48310754776882,Sp1232+2528
-0.5,None,54.662367894535876,-43.698407493514296,25.775009816367128,-28.03411783257813,54.662367894535876,Sp1232-0951
-0.5,None,46.21390419118385,10.06605259884113,35.71025449452421,14.768351217338056,46.21390419118385,Sp1232-6856
-0.5,None,58.26503121749844,-7.201640258633845,37.223607700673135,0.9630676817681488,58.26503121749844,Sp1233-5020
-0.5,None,38.08916585120579,-61.98615415245207,14.159079083614538,-41.9251606481197,38.08916585120579,Sp1235+1318
-0.5,None,31.747222045795233,-66.5353108422985,9.88379298861801,-45.52263768722852,31.747222045795233,Sp1237+2107
-0.5,None,46.07469362062218,-56.294622286907114,20.220975581974464,-38.152724868511854,46.07469362062218,Sp1239+0410
-0.5,None,1.7693467032095602,-59.02175306152468,-10.607404222779717,-47.2540425067027,1.7693467032095602,Sp1239+5515
-0.5,None,63.655494160377046,-29.270066258042082,34.16556469469358,-17.316024932331203,63.655494160377046,Sp1239-2658
-0.5,None,43.37443187550253,13.691238319965427,35.325980865299734,17.37992751950219,43.37443187550253,Sp1239-7304
-0.5,None,64.7318425545017,-24.940529386953898,36.06318318887495,-14.007246602393133,64.7318425545017,Sp1241-3152
-0.5,None,55.55063520323333,-1.2703523106398547,38.85769843468295,5.1221782241695,55.55063520323333,Sp1245-5721
-0.5,None,44.69601552238974,-59.56080283947197,19.902234078667203,-41.10058416237623,44.69601552238974,Sp1246+0706
-0.5,None,23.465070493345124,-71.01541800415205,5.046195166285871,-50.4250640131467,23.465070493345124,Sp1246+3148
-0.5,None,15.67198080656537,-68.9556965856773,-0.45103698033166734,-50.951718510162024,15.67198080656537,Sp1246+4027
-0.5,None,65.69802983039929,-25.509425239146218,36.945473297580165,-14.81603367996419,65.69802983039929,Sp1246-3139
-0.5,None,17.090537822914598,-69.69765114399668,0.6238385418939731,-51.13851097545117,17.090537822914598,Sp1247+3857
-0.5,None,4.515098527893408,-61.75411357451945,-7.990015726367605,-49.372388900981456,4.515098527893408,Sp1249+5255
-0.5,None,65.6710973522992,-30.739483253763417,36.05326894507536,-19.294057865534263,65.6710973522992,Sp1249-2617
-0.5,None,52.343109116950636,-52.86929403798361,25.62879768754554,-36.60861320746096,52.343109116950636,Sp1250-0149
-0.5,None,64.42050643589562,-35.44419183281279,34.66346956420703,-23.193037907579274,64.42050643589562,Sp1250-2121
-0.5,None,10.675659898155546,-66.55513454831862,-3.5397060288031836,-51.23239498584513,10.675659898155546,Sp1251+4620
-0.5,None,65.86546510340222,-19.183539260010157,39.398970450840466,-10.001517879299794,65.86546510340222,Sp1251-3846
-0.5,None,49.03502718562636,-57.12213861395788,23.566395738113417,-39.94595653663799,49.03502718562636,Sp1252+0252
-0.5,None,66.9437410679085,-25.789153489281656,38.19108471074112,-15.490550996596431,66.9437410679085,Sp1252-3149
-0.5,None,16.07653532048725,-70.00005865255424,0.41298422486707864,-52.167878036619015,16.07653532048725,Sp1253+4034
-0.5,None,56.45787520398938,-1.8002871794278932,39.93892998797618,4.297744530041992,56.45787520398938,Sp1253-5709
-0.5,None,52.77364364971178,-53.86163830698507,26.408698818570315,-37.81333453445142,52.77364364971178,Sp1254-0122
-0.5,None,54.95378279006052,0.3280984909267351,39.87187925807563,5.963518444548167,54.95378279006052,Sp1255-5928
-0.5,None,61.15073879067221,-43.65343752603121,32.36046061356581,-30.152432297052822,61.15073879067221,Sp1256-1257
-0.5,None,66.99005902343407,-19.894448627290384,40.38611650361203,-10.967641116547739,66.99005902343407,Sp1256-3822
-0.5,None,65.41637124956404,-15.022934383693954,41.326508521749574,-7.0554152802161605,65.41637124956404,Sp1259-4336
-0.5,None,36.12717878648365,-70.41081121966859,15.447779959271452,-49.97100047728231,36.12717878648365,Sp1300+1912
-0.5,None,25.71770986690448,-73.86882431320987,7.958925106580654,-53.0460879992967,25.71770986690448,Sp1300+3038
-0.5,None,63.62647483796012,-42.15605620034619,34.61185951313323,-29.52361054380205,63.62647483796012,Sp1301-1510
-0.5,None,-23.288487417317985,-35.42240799159857,-25.695589470386345,-33.97817389085113,-23.288487417317985,Sp1304+8336
-0.5,None,36.30005869451052,-71.57197538911893,16.10104912494803,-51.181231481296145,36.30005869451052,Sp1305+1934
-0.5,None,35.22602642561797,-72.25143494336237,15.344633977841168,-51.64623825949418,35.22602642561797,Sp1305+2046
-0.5,None,19.100936327098403,-73.26922448465952,3.7783180602999424,-54.79119109127551,19.100936327098403,Sp1306+3820
-0.5,None,57.55687972026463,-2.0653226960298,41.83991329480979,3.362715868248203,57.55687972026463,Sp1307-5726
-0.5,None,47.40344297940832,-63.134836352493885,24.198306925443365,-45.856831129168775,47.40344297940832,Sp1308+0725
-0.5,None,5.838240241571505,-63.746946389385734,-5.624354996914035,-52.19561107053756,5.838240241571505,Sp1308+5239
-0.5,None,69.18875984194526,-34.86969413866293,39.419480469677566,-24.322177255994383,69.18875984194526,Sp1309-2330
-0.5,None,59.88929726285371,-4.85354231442208,42.601237590148585,0.8907180011344504,59.88929726285371,Sp1309-5438
-0.5,None,21.21396197132615,-75.04285129439491,5.826748304487067,-55.90794335832057,21.21396197132615,Sp1311+3629
-0.5,None,14.65345670793863,-71.11869210863588,1.0214236064003226,-55.239567856810126,14.65345670793863,Sp1311+4328
-0.5,None,38.843245543415925,-71.5113534429018,18.648498228317646,-51.7916619098347,38.843245543415925,Sp1312+1731
-0.5,None,57.64453125467765,-1.844586858531251,42.387193588275196,3.320881692933067,57.64453125467765,Sp1312-5750
-0.5,None,-6.907795142527397,-51.84817424816144,-14.398297873337407,-45.95678503050025,-6.907795142527397,Sp1314+6622
-0.5,None,71.52690977883647,-26.78527842096933,42.75893104467163,-17.9897524613448,71.52690977883647,Sp1314-3212
-0.5,None,25.183311983977514,-76.93428220109399,9.087159743620067,-56.49094225960708,25.183311983977514,Sp1315+3232
-0.5,None,71.46396790346331,-32.0697951233257,41.763843497354934,-22.533614186872434,71.46396790346331,Sp1315-2649
-0.5,None,38.110110386866076,-73.24479756038792,18.6710015732209,-53.38870057729249,38.110110386866076,Sp1317+1849
-0.5,None,10.157842340714804,-67.9064572288801,-1.799050771898942,-54.918299190797974,10.157842340714804,Sp1317+4833
-0.5,None,-13.447811538984785,-45.36128349529871,-18.817779439926255,-41.660774227857495,-13.447811538984785,Sp1318+7322
-0.5,None,36.44291932564833,-75.05986864923123,17.78265987873714,-54.791082865520025,36.44291932564833,Sp1319+2053
-0.5,None,51.75701961319669,-61.770854709612884,28.615637941144463,-46.313583663818115,51.75701961319669,Sp1320+0409
-0.5,None,46.55406634656615,-66.89536500716463,25.038551927184578,-49.79269335464736,46.55406634656615,Sp1320+0957
-0.5,None,15.956517294738166,-72.84794101533686,2.754608460157406,-56.9796374711715,15.956517294738166,Sp1320+4238
-0.5,None,70.90711199739899,-20.217509581645732,44.98904329443179,-12.872181531729558,70.90711199739899,Sp1320-3916
-0.5,None,61.6156024938448,-51.09214258414121,35.21049203721963,-38.48531538955148,61.6156024938448,Sp1321-0724
-0.5,None,19.48377439028506,-75.52606693028416,5.546036697251781,-57.861525219178375,19.48377439028506,Sp1322+3902
-0.5,None,27.94967005714846,-78.99092076920819,11.991589152683778,-58.04785816576367,27.94967005714846,Sp1323+3014
-0.5,None,51.254682619217945,-63.265283351782436,28.81437938654487,-47.888693601573515,51.254682619217945,Sp1325+0517
-0.5,None,73.95407697637106,-31.999423081459884,44.26054318167068,-23.38730170316326,73.95407697637106,Sp1326-2729
-0.5,None,73.19612774140235,-23.43403317385189,45.90110996043449,-16.07096409110086,73.19612774140235,Sp1326-3614
-0.5,None,54.60245847240228,-60.29837089185734,31.35800209078805,-46.07359234681289,54.60245847240228,Sp1327+0149
-0.5,None,73.63418392155968,-23.909297720444407,46.16667602877543,-16.596425483303587,73.63418392155968,Sp1327-3549
-0.5,None,71.0469860058568,-18.090392378179814,46.76362617079098,-11.644113962286035,71.0469860058568,Sp1329-4147
-0.5,None,38.16746142117684,-76.33430937953035,20.236615465376254,-56.74895783262736,38.16746142117684,Sp1330+1958
-0.5,None,23.388814715388236,-78.86998129614253,9.232066273256121,-59.68779738055229,23.388814715388236,Sp1330+3526
-0.5,None,60.75348645088528,-54.13829473932461,35.690810247585084,-41.77952495600512,60.75348645088528,Sp1330-0453
-0.5,None,24.721155287193696,-79.70434229462913,10.359143833411748,-59.95654884565995,24.721155287193696,Sp1331+3407
-0.5,None,57.85247505753423,-57.71798461374221,34.04377202394132,-44.69706735268021,57.85247505753423,Sp1331-0116
-0.5,None,52.450089753745004,4.938389644051257,42.31423825426746,8.35321391763642,52.450089753745004,Sp1331-6513
-0.5,None,51.93707142861834,-64.13590579838632,30.236567817180514,-49.45252483538041,51.93707142861834,Sp1332+0525
-0.5,None,42.33275920142326,-73.27251889779737,23.453893864109894,-55.24013229200297,42.33275920142326,Sp1332+1542
-0.5,None,16.55824811036108,-74.26019525620406,4.290914110261257,-59.175414483795535,16.55824811036108,Sp1332+4240
-0.5,None,60.88852846997854,-54.4979290715294,36.07577374241765,-42.32735547532913,60.88852846997854,Sp1332-0441
-0.5,None,58.950729526120824,-56.91639185368093,35.00541558350602,-44.3274440917166,58.950729526120824,Sp1333-0216
-0.5,None,54.63104229604612,2.6598059837439267,43.471971058830405,6.2439778065421745,54.63104229604612,Sp1334-6257
-0.5,None,21.53431395716483,-78.51538990298211,8.440903549098637,-60.80346741483219,21.53431395716483,Sp1336+3743
-0.5,None,11.713116775609825,-70.1163434476167,0.9278443800794062,-58.17381699605321,11.713116775609825,Sp1336+4751
-0.5,None,10.005593514703914,-68.52560276321303,-0.3302043280545187,-57.52709574308864,10.005593514703914,Sp1337+4938
-0.5,None,17.785097530150722,-75.6738602709513,5.731170204407921,-60.43009503602258,17.785097530150722,Sp1338+4140
-0.5,None,72.70269555271798,-41.23136246721824,44.05920050331507,-32.296159527261445,72.70269555271798,Sp1338-1838
-0.5,None,72.35486774303023,-41.98143131407669,43.934088385075086,-32.998687481156715,72.35486774303023,Sp1339-1755
-0.5,None,50.26233208398973,-67.37384295500165,30.195038243513725,-52.80772592163214,50.26233208398973,Sp1341+0805
-0.5,None,4.759332005347035,-63.51033380151399,-4.0589000033729565,-55.280421576297556,4.759332005347035,Sp1341+5510
-0.5,None,50.10997334292479,-67.86484016003209,30.361026840916374,-53.42750770740467,50.10997334292479,Sp1343+0825
-0.5,None,78.0034300106611,-30.351967811392207,48.541727816847285,-23.44579573665246,78.0034300106611,Sp1343-2950
-0.5,None,6.930204493296863,-65.69374056682518,-2.0209466101619245,-57.03573122216699,6.930204493296863,Sp1346+5306
-0.5,None,72.37744769148412,-43.726034814535545,44.738893731910984,-35.12632295659593,72.37744769148412,Sp1346-1624
-0.5,None,78.46255467004086,-28.471350551728815,49.51386722183285,-22.03999560736102,78.46255467004086,Sp1346-3149
-0.5,None,54.80753435904563,-63.830919330495455,34.269913485071484,-51.353579924979364,54.80753435904563,Sp1348+0353
-0.5,None,61.23990956902443,-56.96116115916664,38.384711775205254,-46.1079517599341,61.23990956902443,Sp1348-0304
-0.5,None,73.2583327435119,-17.934447507939154,50.33651576464251,-12.813838320708982,73.2583327435119,Sp1348-4227
-0.5,None,63.20573028622186,-6.076500681555446,48.18266275783082,-2.206881552265495,63.20573028622186,Sp1348-5423
-0.5,None,32.79162759717815,-84.15011154566022,18.480820558268977,-63.220913318901964,32.79162759717815,Sp1350+2650
-0.5,None,66.79508260315323,-9.874078841401303,49.642379739069796,-5.7868305151933015,66.79508260315323,Sp1351-5036
-0.5,None,50.55401623052657,-68.87600025259364,32.06209681058856,-55.6371319960736,50.55401623052657,Sp1354+0846
-0.5,None,9.480191938902605,-68.27687849575133,0.5871517058308915,-59.36384321513674,9.480191938902605,Sp1354+5044
-0.5,None,16.469320943318436,-75.19819021371534,6.322844015912226,-62.979736742655675,16.469320943318436,Sp1356+4342
-0.5,None,75.32606990615363,-42.22799988201753,47.69279312141808,-34.89698074214084,75.32606990615363,Sp1356-1812
-0.5,None,50.996588803607715,-68.75513212212395,32.76428878068573,-55.996490694297066,50.996588803607715,Sp1357+0830
-0.5,None,72.57736430418348,-45.805668872603185,46.39413822884833,-38.07794147789419,72.57736430418348,Sp1357-1438
-0.5,None,78.01508588302426,-38.9118666060295,49.31000829581229,-32.18334978226396,78.01508588302426,Sp1357-2134
-0.5,None,76.08085034743816,-19.982862467973927,52.60840736692238,-15.45069744450804,76.08085034743816,Sp1359-4034
-0.5,None,61.6822956587118,-3.977163770527714,48.798505820220164,-0.8303193772756036,61.6822956587118,Sp1359-5636
-0.5,None,12.67265289082023,-71.47990500850088,3.6006954857712485,-61.79615930399892,12.67265289082023,Sp1400+4739
-0.5,None,18.125164107233385,-76.9035813085174,8.092115012631124,-64.39851543232854,18.125164107233385,Sp1401+4211
-0.5,None,71.01242881582141,-48.180975408641274,46.119541603740835,-40.5258131192177,71.01242881582141,Sp1401-1220
-0.5,None,65.72921891945447,-54.02744295777507,43.23938913293644,-45.5461722807471,65.72921891945447,Sp1402-0630
-0.5,None,30.09189898307281,-87.46659680780701,17.803448726982648,-66.51922318615269,30.09189898307281,Sp1403+3007
-0.5,None,-23.07752227723571,-35.49957711357762,-24.617507207510084,-34.780287404226605,-23.07752227723571,Sp1405+8350
-0.5,None,28.80473097939561,-87.17133524185043,17.075465380981406,-67.17384273538129,28.80473097939561,Sp1406+3131
-0.5,None,48.94435012809402,9.321067731488329,42.80268130450944,11.086388066763853,48.94435012809402,Sp1406-6957
-0.5,None,-58.60219214234194,42.32030467678914,-66.95316262250185,52.162926956390244,42.32030467678914,Sp1407-0800
-0.5,None,73.35680116579185,-16.02709928117756,53.51281324204969,-12.35182396820306,73.35680116579185,Sp1407-4436
-0.5,None,65.39988823276154,-7.508864331375939,51.3337775981365,-4.551687982776423,65.39988823276154,Sp1408-5307
-0.5,None,61.84744088649121,-58.74393689212106,41.998604385598036,-50.40482701106044,61.84744088649121,Sp1409-0153
-0.5,None,82.03521176639426,-26.669045690797912,54.40710752856,-22.224357700308023,82.03521176639426,Sp1409-3357
-0.5,None,16.637442150809164,-75.42401882614719,7.6868054265145,-65.18442748890602,16.637442150809164,Sp1410+4354
-0.5,None,68.45024349261298,-10.608105505710054,52.65868448697715,-7.528438319971546,68.45024349261298,Sp1410-5001
-0.5,None,20.915485427465498,-79.71500919784891,11.241926961770202,-66.98858789308974,20.915485427465498,Sp1411+3936
-0.5,None,76.47550008019587,-19.105234397154597,54.78607710790016,-15.492176680607539,76.47550008019587,Sp1411-4132
-0.5,None,43.827918153658,-77.19699181672827,29.571428203762302,-63.905204944288606,43.827918153658,Sp1412+1633
-0.5,None,36.54126006351088,-84.53610090614093,23.919235273608162,-67.1961601977616,36.54126006351088,Sp1412+2354
-0.5,None,60.71460996755735,-60.05812623039999,41.64004374603353,-51.8107788123138,60.71460996755735,Sp1412-0035
-0.5,None,65.08416057729008,-55.686786072114025,44.72359897166111,-48.46443668615383,65.08416057729008,Sp1413-0457
-0.5,None,14.021300393398718,-72.72824941571349,5.934997320186249,-64.49679342910436,14.021300393398718,Sp1415+4636
-0.5,None,46.67748368530773,-74.45300660402067,32.2719821626338,-63.053701900320505,46.67748368530773,Sp1416+1348
-0.5,None,82.22999243612014,-25.00561933962146,56.40846490632679,-21.441359958461305,82.22999243612014,Sp1418-3538
-0.5,None,29.036616316477865,-87.45594962604196,18.742814964359763,-70.09210776601739,29.036616316477865,Sp1419+3137
-0.5,None,42.18109892714281,-78.99551783969682,29.50033623592925,-66.76610911602356,42.18109892714281,Sp1421+1827
-0.5,None,76.51430095699084,-44.313768616436924,52.311081898088695,-39.42971828085323,76.51430095699084,Sp1421-1618
-0.5,None,86.1713926443874,-31.027589825074955,56.53042489674694,-27.276669193455017,86.1713926443874,Sp1421-2935
-0.5,None,52.166725983766156,-69.02189991411323,37.31529878560571,-60.53445190511779,52.166725983766156,Sp1422+0827
-0.5,None,46.22580149409516,-74.94693194107933,32.94314212955599,-64.83310934805979,46.22580149409516,Sp1423+1426
-0.5,None,8.974655993532611,-67.5134120829621,2.332073442330361,-62.159559831675416,8.974655993532611,Sp1423+5146
-0.5,None,68.62160919059025,-52.47671681811498,48.43069223184124,-46.92813415665609,68.62160919059025,Sp1423-0806
-0.5,None,83.1859061461344,-25.363453532988437,57.592056548745596,-22.23494172792346,83.1859061461344,Sp1424-3514
-0.5,None,35.065043376161896,-85.57257263761986,24.32495909158189,-70.58361447967523,35.065043376161896,Sp1425+2540
-0.5,None,-13.568034557543559,-44.956548606429536,-16.507547570008843,-43.61876241455668,-13.568034557543559,Sp1425+7422
-0.5,None,81.82730257758847,-23.757305832635083,57.791419741840265,-20.817326611891623,81.82730257758847,Sp1425-3650
-0.5,None,-0.14856340996083542,-58.3330255345909,-5.114353329250968,-55.381282799087614,-0.14856340996083542,Sp1427+6056
-0.5,None,46.810853054911924,-74.27112313166995,34.006640856897576,-65.29485401630065,46.810853054911924,Sp1428+1356
-0.5,None,27.601596332167563,-85.10600974358658,18.5268442388903,-71.87854324614274,27.601596332167563,Sp1428+3310
-0.5,None,1.4052852277362862,-59.856508244606054,-3.7086282984997827,-56.760225225427774,1.4052852277362862,Sp1428+5923
-0.5,None,67.4383181272379,-53.74961812799301,48.6738761550032,-48.76377575229368,67.4383181272379,Sp1428-0644
-0.5,None,13.954356816840061,-72.26109919649348,7.070638055424228,-66.29306853575301,13.954356816840061,Sp1429+4650
-0.5,None,56.45215624126136,2.0843579690080807,49.06901538065883,3.4559058798563496,56.45215624126136,Sp1429-6240
-0.5,None,1.0845598147545585,-59.49803919667318,-3.8521654356441886,-56.633861974872694,1.0845598147545585,Sp1430+5943
-0.5,None,87.30238073844468,-29.277817406792515,58.77302207671989,-26.467026744601416,87.30238073844468,Sp1430-3114
-0.5,None,81.16392760705325,-39.98771894127403,56.27535704640486,-36.58151722270593,81.16392760705325,Sp1431-2029
-0.5,None,36.27364319575887,-83.63781482100953,26.238331653040596,-71.87498681263254,36.27364319575887,Sp1433+2432
-0.5,None,84.36052405571418,-36.82031528626824,58.07775808305208,-33.95957891531487,84.36052405571418,Sp1434-2335
-0.5,None,84.3196622587918,-36.8639458190196,58.10896103810867,-34.02192254185437,84.3196622587918,Sp1435-2333
-0.5,None,31.81278264885659,-85.25202252550847,22.887955704462744,-73.52271771102293,31.81278264885659,Sp1436+2900
-0.5,None,61.80453138827978,-3.1576002379022285,52.9285578935612,-1.8955534616219611,61.80453138827978,Sp1436-5721
-0.5,None,-3.3189403247542804,-54.99829456061916,-7.210404103760347,-53.26507960758485,-3.3189403247542804,Sp1438+6408
-0.5,None,41.339597899871656,-78.62024602314645,31.22251221160994,-70.88065190290678,41.339597899871656,Sp1439+1929
-0.5,None,57.52838373168594,-63.03978276338778,44.58188107844893,-59.34333429465791,57.53901950020358,Sp1443+0316
-0.5,None,30.775131325064535,-83.48756976148476,22.94987218083803,-75.35066977387686,30.785385108204903,Sp1444+3002
-0.5,None,81.06847731709706,-39.80674126638421,58.966488877102556,-37.772667977650705,81.14387848239609,Sp1444-2019
-0.5,None,-3.984241224642865,-54.20364061189974,-7.3804656466025484,-53.036986233956796,-3.976675941348173,Sp1445+6447
-0.5,None,60.3660907628311,-60.10329431963185,47.119706757274756,-57.12754227232905,60.41227222184637,Sp1446+0024
-0.5,None,79.18302166841356,-20.375251006941337,61.48619929025577,-19.16010838616389,79.29389846929845,Sp1446-3952
-0.5,None,7.220511560047278,-65.02596804408434,2.6281576657108237,-63.04686274135959,7.23826869288346,Sp1447+5335
-0.5,None,86.65639266462165,-28.181817132680997,62.32262211852504,-26.83997239745906,87.18347227187141,Sp1447-3158
-0.5,None,21.42246312206433,-77.49583038063257,15.51566560448112,-73.97736048186975,21.47361054124084,Sp1450+3920
-0.5,None,9.577278229816642,-67.13135263875019,4.941681158663577,-65.28422189079895,9.610122750517307,Sp1450+5112
-0.5,None,81.23466669165562,-22.546603851090836,62.831063952857185,-21.650233122973827,81.61570703626171,Sp1451-3732
-0.5,None,46.90518904323409,-72.02653626844015,37.79883463577718,-69.41139263859786,47.04058562353882,Sp1453+1346
-0.5,None,46.34192626671163,-72.50316361497008,37.35144888899337,-69.86819912397401,46.478050791736145,Sp1453+1420
-0.5,None,23.180086654151072,-78.40603651570423,17.360453350956334,-75.40421513172473,23.266235490782424,Sp1453+3733
-0.5,None,53.01127265181717,5.738862900122435,48.710361582181854,6.039139006046449,53.08987305784645,Sp1454-6604
-0.5,None,34.369734432348004,-80.53559950471332,27.35376957067616,-77.12965622634077,34.497452493108845,Sp1455+2619
-0.5,None,85.21828285231199,-33.20349383992041,63.653449873500115,-32.63683602598235,87.26642142066201,Sp1456-2631
-0.5,None,85.99845079985005,-31.996450487258564,63.70598418735096,-31.35638787158592,88.46432835350465,Sp1456-2747
-0.5,None,85.98605995463795,-31.607652118329785,63.90342362435448,-31.030632359118677,88.75147242715553,Sp1456-2809
-0.5,None,15.415322212937738,-71.92983967296688,10.781966989771522,-70.80344058778822,15.528506782478418,Sp1457+4517
-0.5,None,4.073565233571655,-61.63561383922389,0.5486013727247186,-61.05739889743534,4.159964252945703,Sp1457+5639
-0.5,None,31.973125730902204,-80.3708790511664,25.66433519885572,-78.33343884384787,32.15211331131916,Sp1458+2839
-0.5,None,54.4067655121094,-64.43837520875387,44.93108658679203,-63.68378181229852,54.73933242328409,Sp1459+0604
-0.5,None,41.085892873121566,-75.59560256732289,33.933167278717974,-74.77107299994104,41.358674516973686,Sp1500+1927
-0.5,None,18.31943020277455,-74.01400577189582,13.689730861870247,-73.42399740427815,18.489134226452663,Sp1500+4219
-0.5,None,61.02830034303673,-58.0471913425986,50.3445789135588,-57.622848708323005,61.479362034844286,Sp1500-0039
-0.5,None,37.71869280379873,-77.67244493398817,31.072084131180144,-76.93887231074291,37.9851255592365,Sp1501+2250
-0.5,None,78.12909807350067,-19.716199947552113,64.33447277088271,-19.66470664172112,79.10664643939194,Sp1501-4003
-0.5,None,82.28533917281777,-35.38805708395439,64.56036203758183,-35.543643520880565,84.71889330822236,Sp1504-2355
-0.5,None,-9.78670125666431,-48.21098317955715,-11.621196096924235,-48.330915993830516,-9.674311034517345,Sp1506+7029
-0.5,None,75.66481728935588,-42.414127895860595,62.12402004377318,-43.01160001544456,77.28062578255928,Sp1507-1627
-0.5,None,78.78357367156984,-39.01024149275642,63.77712808483217,-39.53145601411272,80.8325273521918,Sp1507-2000
-0.5,None,81.5250131157125,-24.610193164095065,66.74713617158842,-25.13360666994351,84.40144595949445,Sp1508-3445
-0.5,None,78.13200958308367,-39.3504972020168,63.97443965722058,-40.09503913773575,80.34041162720288,Sp1509-1932
-0.5,None,83.22712766512623,-30.275237660968443,66.88769958861533,-30.943509621949776,89.30400862814139,Sp1509-2853
-0.5,None,82.95968186215683,-30.79032151211072,67.00654949894867,-31.552611363061096,88.87875114247842,Sp1510+2818
-0.5,None,24.076992425677236,-76.33599740115307,19.92226012008712,-78.8667919843872,24.48131140844258,Sp1510+3619
-0.5,None,62.485510801428816,-55.28817168490718,53.48861963777239,-56.49671037846503,63.49353842936686,Sp1510-0241
-0.5,None,71.13575036000688,-46.7081245268221,59.89839738905279,-47.705318416875805,72.58916259066855,Sp1510-1147
-0.5,None,82.95991457943168,-30.79192524533198,67.0058472935173,-31.55403265045894,88.87725474989288,Sp1510-2818
-0.5,None,26.26053326529569,-76.7651510191231,22.171656001021255,-80.4409214816147,26.749315929102035,Sp1512+3403
-0.5,None,69.78421672247627,-47.71759929222209,59.499511415603784,-49.036711258219086,71.3594883199534,Sp1512-1032
-0.5,None,79.82879728103568,-35.98440777941996,66.2578329166337,-37.166627834966086,83.54987740839356,Sp1513-2243
-0.5,None,36.45994954924823,-75.47256096674057,31.728202496826444,-79.92888803634261,37.12998507018378,Sp1514+2341
-0.5,None,79.79538784057922,-35.75820601480642,66.50501784267192,-37.025428316020395,83.7258298641715,Sp1514-2254
-0.5,None,11.613730671447707,-67.3702257502919,8.784798173089504,-69.29182817187223,12.018159454297429,Sp1515+4847
-0.5,None,60.02604667857057,-56.73840184516978,52.67248686427542,-58.959985019074615,61.330197434688586,Sp1515-0030
-0.5,None,50.073282670104646,-65.55190435876354,44.31377087040636,-68.7439962984092,51.10746366554636,Sp1516+0942
-0.5,None,79.76954102941701,-35.32971085021304,66.92400890308116,-36.730353535466385,84.06231347727017,Sp1516-2315
-0.5,None,66.56111790745852,-7.99163972522007,61.19323584859456,-8.858346859517177,67.69977932737271,Sp1517-5128
-0.5,None,80.06484734368262,-24.688910327092042,68.95493235315168,-26.09391080515706,85.04020136484098,Sp1519-3407
-0.5,None,44.60298295773361,14.175481063559062,43.290203009926365,13.732990618489914,44.90884618397732,Sp1519-7416
-0.5,None,78.95631719267473,-22.85273112476279,68.81744360194588,-24.2730430372315,83.19030938605995,Sp1520-3559
-0.5,None,9.39685853731093,-65.10885733475988,7.1875986548099045,-67.66729615507393,9.920883176727,Sp1521+5053
-0.5,None,78.75508586390086,-34.34808932895454,68.59439484909666,-36.442087010936255,84.5940437663609,Sp1523-2347
-0.5,None,31.569272437105937,-74.52393677976688,28.58720859948823,-84.03781391572367,32.59405246572468,Sp1524+2812
-0.5,None,30.403606026274677,-74.77611842351642,27.418433535955916,-84.05368692861603,31.38071334410214,Sp1524+2925
-0.5,None,-1.2012370619326587,-55.76217684773812,-2.631467994839402,-57.45942329605198,-0.7411934802141296,Sp1524+6132
-0.5,None,66.34983666556799,-7.975248723966585,62.28152990833022,-9.294092709739814,68.00341838942842,Sp1525-5110
-0.5,None,38.81215329231073,-71.63217192106566,35.57358773438308,-79.66124216843289,40.0798817285481,Sp1526+2043
-0.5,None,67.1518553117898,-47.57044847333807,61.204574952594236,-50.92640622206668,70.11559711444937,Sp1527-0918
-0.5,None,79.01894200374896,-28.858233557416327,71.11892714164296,-31.309761660489336,89.73219178054111,Sp1529-2907
-0.5,None,49.440143335795916,-63.29063230992519,46.206246591771574,-69.50930733136587,51.3722811523135,Sp1530+0926
-0.5,None,63.72588599195066,-5.3212157016998844,60.98841142535563,-6.841440892664045,65.47060650281426,Sp1530-5342
-0.5,None,42.42899044649255,-68.32613760133604,39.74067231823484,-76.5319926196143,44.112329615053255,Sp1531+1641
-0.5,None,46.3534782813739,-64.73090664752932,44.076868707116525,-72.57279792390952,48.477195179507845,Sp1534+1219
-0.5,None,70.28993759230354,-42.20962419760668,66.08877886567888,-46.18318744278345,75.1236164698031,Sp1534-1418
-0.5,None,67.338596285356,-9.427089164505414,64.66535219837398,-11.349996989881467,69.95293059775831,Sp1534-4914
-0.5,None,29.23884399094343,-72.09626603136934,27.862326371411672,-86.7207294062711,30.812502028005778,Sp1536+2959
-0.5,None,73.9343384013716,-18.124510294064063,70.67397137044333,-20.69684108440411,79.2758950678353,Sp1537-3954
-0.5,None,-14.278375759621648,-43.458818654373914,-14.602483788723381,-44.66147027653947,-13.82244836550455,Sp1539+7437
-0.5,None,62.175643732211405,-49.71669232053621,60.09495075626622,-55.21982108577412,66.14492167941424,Sp1539-0520
-0.5,None,15.692659235559407,-67.62457707986974,14.96317287361632,-75.34812366974299,17.013654168648994,Sp1540+4347
-0.5,None,76.0679936190807,-30.717449345463464,73.07532635149873,-34.389196430032136,87.01622606152883,Sp1540-2613
-0.5,None,65.2620234751471,-7.394978625458279,64.05919040845713,-9.617416670301719,68.16171592068049,Sp1540-5101
-0.5,None,25.861121883849695,-70.34611423327443,25.512719270455076,-86.01008618000904,27.770539941043396,Sp1544+3301
-0.5,None,15.402620864410375,-66.80653115180492,15.167681218512454,-75.41107134454293,16.9503117919989,Sp1545+4350
-0.5,None,7.308588939727327,-61.649225930102475,7.071012184425188,-67.04222122843184,8.563350998843266,Sp1545+5214
-0.5,None,73.78061322088978,-33.31020679726813,73.04710868306977,-37.74114984607511,83.67959266370204,Sp1545-2255
-0.5,None,51.64630968798393,7.069617601561136,51.530958609155526,5.465786494337349,53.04997206893336,Sp1545-6608
-0.5,None,60.94812127354761,-2.8053310176971173,60.897187397766274,-5.093476824556733,63.609066474776775,Sp1546-5534
-0.5,None,67.58564830032279,-41.85202463342945,67.46928015380952,-47.381424838397606,74.08612449672354,Sp1547-1317
-0.5,None,73.92439607352307,-31.763627028862846,74.0822321205816,-36.277620929979825,85.19343016601321,Sp1547-2423
-0.5,None,69.59349734008322,-38.69976653670805,70.1291613127282,-44.07841858619387,77.40497568500919,Sp1548-1636
-0.5,None,71.9595540440885,-17.288079281422533,72.72220445369496,-20.76347419463457,79.27671906660343,Sp1549-3954
-0.5,None,50.63315437828595,-57.7478738647629,51.12888907481543,-66.96231350747907,54.521998089593765,Sp1550+0616
-0.5,None,4.678908095142893,-59.2213830866519,4.933705392780646,-64.61097196787986,6.097508309593421,Sp1551+5442
-0.5,None,-5.172051864910742,-51.32526263749799,-5.024101066113414,-54.359689055009724,-4.152919583556264,Sp1551+6457
-0.5,None,73.45255862396044,-29.489049074645663,75.77110050052676,-34.29506525251648,87.09274777898017,Sp1552-2623
-0.5,None,43.22907466352799,-62.48491596508789,44.20295412271728,-74.69128350748171,46.784264791595255,Sp1553+1400
-0.5,None,40.70861210909057,-63.903516377775375,41.73971341867376,-77.3394588411823,44.132106511958064,Sp1554+1639
-0.5,None,46.78728143242422,-59.422253227175645,48.246334403703074,-70.56899500381573,50.8963507931983,Sp1555+0954
-0.5,None,63.751917196749304,-43.81099096578217,66.06201396691684,-50.73996927903302,70.73488545056183,Sp1555-0956
-0.5,None,39.26626424791487,-63.83249194070528,40.83694586254751,-78.48647019181443,42.91993940400348,Sp1557+1752
-0.5,None,0.07959738862710848,-55.31369858016148,0.7167187945715323,-60.05255508139982,1.5558846617079658,Sp1557+5914
-0.5,None,70.65841739096543,-32.35807055203735,75.66002546441278,-38.21094190963192,83.19263805071849,Sp1559-2226
-0.5,None,70.8489614700943,-31.94305276607675,75.89516405873682,-37.74443650913432,83.65642282446711,Sp1559-2254
-0.5,None,37.2535068963234,-64.15336447787287,39.205272881069874,-80.25887447611862,41.01641872826278,Sp1600+1946
-0.5,None,72.2052196743795,-23.58994485362686,77.7957054863397,-28.555286283328254,87.06109249249461,Sp1600-3205
-0.5,None,66.99927276229849,-11.172833897264587,70.22177489041684,-14.931806284719721,73.46615315082705,Sp1600-4543
-0.5,None,71.6633013667005,-20.970927953333156,77.12992289845745,-25.725065684736688,84.26954213973112,Sp1601-3455
-0.5,None,53.33488937655394,-52.0984786645165,56.715209973351946,-62.095302380908294,59.26390295501707,Sp1602+0131
-0.5,None,-3.4062601669965495,-52.305581069841175,-2.544296643625312,-56.55640587762527,-1.9112610049879568,Sp1602+6242
-0.5,None,70.57661576201232,-30.602625046096776,77.07813620274743,-36.58501413700368,84.8294360747443,Sp1602-2401
-0.5,None,71.64960366784497,-27.047422989734937,78.2394449281746,-32.565236885008524,88.85026819661088,Sp1602-2803
-0.5,None,71.37282779216014,-20.834221351432884,77.39580693507186,-25.698471516973378,84.26838482850839,Sp1602-3455
-0.5,None,46.48156163361792,-57.25789892048063,49.68300305168723,-69.60756693866819,51.65069560988212,Sp1604+0908
-0.5,None,71.34713364336042,-22.387932537486286,78.3366616181261,-27.55754444137995,86.13870991678675,Sp1604-3303
-0.5,None,36.97396529852065,-62.87306982945831,39.78778522974929,-79.68518538798516,41.27087535870492,Sp1605+1931
-0.5,None,17.03957828361092,-64.48388177224838,18.94052215257152,-78.01741765371128,19.88359123736529,Sp1606+4054
-0.5,None,57.77468865038886,-46.4637530801276,62.93837088649912,-55.770832753435414,65.48918420515994,Sp1607-0442
-0.5,None,65.23998042767586,-37.7430672828876,72.10493952067031,-45.317218950320296,75.98408317241467,Sp1607-1512
-0.5,None,36.33328675854714,-62.54973654003386,39.49520477258688,-79.91120793872706,40.82751405171759,Sp1608+1957
-0.5,None,57.70906967965706,-46.37458094712184,63.00406580301261,-55.74082056242123,65.50827579772455,Sp1608-0443
-0.5,None,31.70411001054176,-64.19473895227938,34.665157500651006,-84.17561943321107,35.83838567369006,Sp1609+2457
-0.5,None,70.02522640167561,-20.572318587618277,78.88661028764588,-26.020982150645928,84.68391101911605,Sp1609-3431
-0.5,None,58.63344868247749,-44.48814530425257,64.95313305692386,-53.860496477348875,67.31940629358668,Sp1610-0631
-0.5,None,68.6545946194564,-16.907710145191018,77.0914891487532,-22.12220352352497,80.80100793112618,Sp1611-3823
-0.5,None,68.08345601439305,-30.169195056823845,78.71445621590507,-37.19918357171839,83.98847407082594,Sp1613-2313
-0.5,None,55.25432676542241,-46.85530614004959,61.846642250335364,-57.37756361524118,63.633287888518744,Sp1614-0250
-0.5,None,48.015073093347205,-52.939474348073084,53.688599623170404,-65.79041745702136,55.01089582604327,Sp1615+0546
-0.5,None,20.97816348694368,-63.74347301555762,24.10768727795593,-81.63162394840909,24.80434165545592,Sp1615+3558
-0.5,None,46.503534986815446,-53.900627037716966,52.13699899409571,-67.35207057750884,53.357494378180405,Sp1616+0725
-0.5,None,59.864267658123474,-3.0064260889689374,64.64066594618528,-6.980407320305206,65.67606725753731,Sp1616-5331
-0.5,None,51.55937735916745,-48.78362699663552,58.70418185853731,-60.76297937476757,59.94919633702998,Sp1619+0050
-0.5,None,55.38942640213859,-44.79950095669644,63.675410611863825,-55.70895966855135,65.05465365567954,Sp1620-0416
-0.5,None,54.97904961019162,-44.903722865724,63.42451374606029,-55.992306242212585,64.71792302598226,Sp1621-0356
-0.5,None,67.25476595272147,-17.14007131924734,79.22022747488502,-23.132511392592917,81.98917661292464,Sp1621-3711
-0.5,None,45.06809188243093,13.616990176855989,47.10980609063513,11.320151300055635,47.34492148344084,Sp1621-7151
-0.5,None,7.912406592947541,-58.40574438905137,10.846546140519482,-68.87935802462032,11.201573140790282,Sp1622+4934
-0.5,None,55.43308868556484,-43.57042915673146,64.7577431341133,-54.6870034355566,65.92343954435836,Sp1623-0508
-0.5,None,63.62599832539671,-33.34510480860984,76.54896784677759,-42.08370491587008,78.7677815159845,Sp1623-1758
-0.5,None,63.05592067256425,-33.29575790778955,76.5641801376198,-42.27374475183958,78.48603296259085,Sp1625-1742
-0.5,None,33.3795764869057,-59.27704127310574,39.04214714403121,-78.79231297586729,39.56385135489512,Sp1626+2113
-0.5,None,29.786211222991295,-60.44847712075909,35.10943112231136,-81.2320704429306,35.57304692522853,Sp1626+2512
-0.5,None,56.17927896356739,-42.079289416662526,66.36016713780104,-53.09233154666116,67.44136673998494,Sp1626-0639
-0.5,None,65.90373283078459,-15.69589643548531,79.18871670075787,-21.974344042596133,80.98281220387862,Sp1626-3812
-0.5,None,-21.172895193633877,-36.66347495961203,-20.37965058716652,-38.106232299508314,-20.301997135219835,Sp1627+8105
55.166356343563095,None,65.38061141496496,-27.448079874482882,82.05752543476848,-35.5696536335839,85.1663563435631,Sp1627-2425
23.15546861718967,None,44.75666265400663,-51.79419844324301,52.55731424904938,-66.66343131276888,53.15546861718967,Sp1628+0737
52.11732514064353,None,63.6993681215352,-29.67594079935971,80.22494619042129,-38.50331662562994,82.11732514064353,Sp1630-2120
-1.6707424355962281,None,22.862927632312537,-60.62562034470656,28.040573807542323,-80.96557876227715,28.329257564403772,Sp1631+3227
-4.304431624995313,None,20.345552347261854,-60.30705274266088,25.45813352597501,-79.54873068159712,25.695568375004687,Sp1632+3505
37.31132817390079,None,54.853762598132796,-41.0573041202417,66.67129311555779,-52.80519028965679,67.31132817390079,Sp1632-0631
21.06184919932413,None,47.50654975044747,10.877144969416213,50.93791340849803,7.783403730397368,51.06184919932413,Sp1633-6808_1
21.061687904863653,None,47.50577371837637,10.877810427829898,50.9379121125567,7.783717848437466,51.06168790486365,Sp1633-6808_2
13.31981144744475,None,41.26768379461642,17.50042213330507,43.2494745002466,15.41757315907869,43.31981144744475,Sp1633-7553
30.159378345086907,None,48.84797630807143,-45.391767201573906,59.84078810000781,-59.27498116256263,60.15937834508691,Sp1637+0037
-4.8173298209969495,None,19.51434106530288,-59.46092046905921,25.022852747817616,-78.5714456443493,25.18267017900305,Sp1637+3535
54.46333157904097,None,63.96908795974626,-17.367124974372636,83.45541323535166,-24.957661569369783,84.46333157904097,Sp1639-3444
54.33859524554609,None,63.696028543386646,-17.13283467446246,83.50683659693333,-24.79915535407932,84.33859524554609,Sp1640-3451
52.2851117158592,None,63.07899659221513,-15.18089206293697,81.8261965448304,-22.699387971153183,82.2851117158592,Sp1642-3654
0.7075243782111471,None,23.53267350946417,-57.37314283707805,30.649120422957473,-78.32663347543975,30.707524378211147,Sp1645+3004
31.98619837829075,None,48.893731026276036,-42.74028155414293,61.871942390176706,-56.88147673613364,61.98619837829075,Sp1645-0112
44.1102812962185,None,56.71382779366061,-33.90360202817767,73.92045809851845,-45.42901098888712,74.1102812962185,Sp1645-1319
0.4968532831816752,None,23.23085392208081,-57.16601456686061,30.44989116832147,-78.08391974755185,30.496853283181675,Sp1646+3016
-3.8067766871181554,None,19.487869789966204,-57.517857799214546,26.150139631828058,-77.2467946262817,26.193223312881845,Sp1646+3434
-0.5,None,5.646906912403811,-54.69789589071371,10.411064613437954,-66.60767638165069,10.445492140272904,Sp1646+5019
-0.5,None,13.562134181560996,-56.97000691191817,19.455515804967195,-73.5761666431819,19.489148732847365,Sp1647+4117
30.97611047563082,None,47.6737573707923,-42.89211626539024,60.925084670586,-57.52862104379321,60.97611047563082,Sp1648-0012
59.30888255544659,None,61.83006910033858,-20.864663683676874,88.37636778744402,-29.918784665615032,89.30888255544659,Sp1648-2913
26.016672327670946,None,43.88453039208223,-45.967107901761274,55.98410662610331,-61.93377082308296,56.016672327670946,Sp1649+0444
2.397876664983471,None,24.587064413729827,-56.29238724771135,32.376339152651205,-77.41361755021963,32.39787666498347,Sp1649+2822
28.782591673528636,None,51.73461591875266,5.325547248434996,58.77346791317437,0.5777002109720994,58.782591673528636,Sp1650-6026
30.769742377030113,None,46.66526106344958,-42.1190116530976,60.76200941921608,-57.2155995226558,60.76974237703011,Sp1653+0000
-0.5,None,-5.576489958257355,-48.06818468869658,-1.7588278858361925,-55.29360751589211,-1.7552838099714463,Sp1653+6231
-0.5,None,15.87217627535344,-55.81676898447107,22.98215831872273,-74.38387922691405,22.982475347581587,Sp1654+3747
50.89626122252582,None,60.60181886808212,-12.727875293952389,80.90121089436373,-20.803950065129744,80.89626122252582,Sp1654-3818
39.15542341051048,None,51.80043304089965,-35.8915013634794,69.16800571285161,-49.27180191486359,69.15542341051048,Sp1655-0823
45.1398496514649,None,54.99540555507192,-31.35370963904017,75.15521687330546,-43.59199309866834,75.1398496514649,Sp1656-1422
51.527777163017674,None,57.82358391998347,-26.459550914387037,81.55018806838795,-37.524475103059686,81.52777716301767,Sp1656-2046
19.862138161489113,None,37.80340320864484,-47.80319032112241,49.86304347971041,-66.0227066664944,49.86213816148911,Sp1657+1054
40.4342769993209,None,52.2645203702094,-34.71485784428768,70.44011914196477,-47.949734711867535,70.4342769993209,Sp1657-0940
-0.5,None,4.050669853591708,-52.584838152340055,9.706418080721349,-64.89813758559293,9.708234631138325,Sp1658+5103
-0.5,None,-12.675186813493916,-43.022630149187265,-9.68210212359339,-47.81381856879392,-9.68216654334722,Sp1658+7027
-4.483000506375667,None,17.520543275788825,-54.809290247771436,25.51089461915713,-74.4464960227231,25.516999493624333,Sp1659+3515
47.68303269550904,None,55.408486980737806,-28.840999207573475,77.64463836934827,-40.8964787864113,77.68303269550904,Sp1700-1654
52.893795859063516,None,57.45864562290859,-24.840616349298006,82.82475400784091,-35.95925649369612,82.89379585906352,Sp1700-2207
52.01652828816718,None,57.010192547542616,-25.413727177019243,81.94051242448404,-36.73556449086011,82.01652828816718,Sp1701-2115
33.506198506863385,None,53.229970118865424,2.310200940944697,63.481452865382686,-3.627601043460685,63.506198506863385,Sp1702-5542
36.047776330154704,None,47.88026407481272,-36.25220190351262,65.93712388087458,-51.09507798698187,66.0477763301547,Sp1705-0516
39.9273481573087,None,50.2337291726019,-33.58230084375898,69.79867565035546,-47.59025471939865,69.9273481573087,Sp1705-0909
34.53035922958378,None,53.342681116937854,1.7585240361453711,64.46152809618108,-4.480686052300409,64.53035922958378,Sp1705-5441
44.01288290788483,None,52.22799396109698,-30.467749425177992,73.81346661396087,-43.73007529873537,74.01288290788483,Sp1706-1314
-0.5,None,10.142320544578752,-52.973104372528034,17.69458393824691,-69.53650141115887,17.740192217715368,Sp1707+4301
-0.5,None,-8.193107027496271,-45.62848991167815,-3.916857876613502,-52.70497055052571,-3.8940727242558304,Sp1707+6439
36.74081300206129,None,48.00325773174974,-35.49138386447695,66.58760442624181,-50.29810121795479,66.74081300206129,Sp1707-0558
46.17334252631261,None,57.1280728699764,-7.331739243019729,75.94832420237898,-15.521225906306165,76.17334252631261,Sp1708-4302
16.778249874461004,None,42.29600870362784,16.12775593599085,46.73073830638741,12.656122295213192,46.778249874461004,Sp1709-7226
2.7896764618609637,None,22.33221404482572,-51.59143858871091,32.69422601593361,-72.68454956401182,32.789676461860964,Sp1710+2758
-0.5,None,11.849180856841752,-52.41583129505309,20.189398934010825,-70.21915556638417,20.278939783957966,Sp1711+4028
34.15505170199617,None,45.47654359688985,-36.34337092239701,63.879202190779765,-52.04229244676193,64.15505170199617,Sp1712-0323
58.474806946882495,None,56.301122362867495,-18.766959041583466,85.98981543337835,-29.763364002528057,88.4748069468825,Sp1712-2742
18.57261161878656,None,34.256336991025016,-45.042825066093094,48.354023495757666,-64.36310686952892,48.57261161878656,Sp1713+1211
49.36227468812733,None,56.66958657685328,-9.230134901370704,78.74254105610112,-18.23629101911722,79.36227468812733,Sp1713-3952
23.95803188948829,None,38.09178405903091,-42.05637181942758,53.68737843078041,-60.212547957002684,53.95803188948829,Sp1714+0648
0.43384078996790976,None,19.854768260840608,-51.12460477738144,30.2700456430555,-71.95619753035602,30.43384078996791,Sp1714+3019
46.01800193812896,None,51.47551369979763,-27.630026986385918,75.33982340786996,-41.0835207210167,76.01800193812896,Sp1715-1515
49.74307427022579,None,56.389914249462976,-9.33223558699638,78.98553626428443,-18.499395214938367,79.74307427022579,Sp1715-3928
34.01540547054368,None,44.521447011506936,-35.56990318922359,63.57210357087668,-51.594015611268944,64.01540547054368,Sp1716-0315
-0.5,None,-5.964684732044311,-46.199630177695795,-0.5459551530896912,-55.04693396253673,-0.44522381831003066,Sp1717+6112
-0.5,None,-9.419441476738369,-44.33084809376493,-4.76108258719683,-51.512684802873856,-4.68045575995369,Sp1717+6526
4.402604365684489,None,33.08548585420975,25.688822243516984,34.36488276103907,24.49580374573374,34.40260436568449,Sp1717-8449
-0.5,None,-11.627454220819397,-42.92163207885353,-7.364458255248871,-49.20358861034695,-7.284378256012694,Sp1718+6802
47.70463007591805,None,55.47554245866893,-7.317005531836074,76.83637806588263,-16.34415295381459,77.70463007591805,Sp1718-4131
42.6059234818717,None,54.45073491473769,-3.359657010963117,72.0233069093671,-11.53600063918295,72.6059234818717,Sp1718-4637
41.62930973933496,None,54.119510104758525,-2.556564942682752,71.06521316858363,-10.590417316302089,71.62930973933496,Sp1719-4736
-0.5,None,7.398009906542446,-50.444458108120806,15.78704031036603,-66.62400916556362,15.990163221807322,Sp1720+4446
52.584363629656735,None,52.765452203097894,-21.838040889658714,80.60715885195253,-34.4712426277622,82.58436362965674,Sp1721-2149
-0.5,None,13.089824287510863,-50.17356074180172,23.051973680649127,-69.29338544967561,23.34817899784217,Sp1723+3724
35.01703606027547,None,43.21117665410796,-33.05715301015276,64.0068614669716,-49.46697679146989,65.01703606027547,Sp1726-0415
58.38606895239285,None,53.26999747312268,-16.785792331982876,83.03855791262929,-28.683215479703026,88.38606895239285,Sp1726-2737
31.943623707915563,None,41.00147002993626,-34.65406596313361,60.93178264028774,-51.79489696860903,61.94362370791556,Sp1727-0111
22.0905273103669,None,34.387613993321786,-40.20838799837889,51.31237609703216,-59.37126400392501,52.0905273103669,Sp1728+0839
-0.5,None,-17.961604301171807,-38.32468215477225,-14.67963521981747,-42.45585901045766,-14.556908806926694,Sp1728+7518
-0.5,None,11.770161590228478,-48.92396850448396,22.205778847692596,-67.86858184128586,22.656534228358534,Sp1729+3805
-0.5,None,-7.0019149532364695,-44.846300424331986,-1.008394602898044,-54.001088050022545,-0.7714367643760597,Sp1729+6131
14.419412536897255,None,28.393434233121358,-43.239285993067796,43.65778234554653,-63.7775635670035,44.419412536897255,Sp1731+1619
3.3924303181311117,None,19.98733694531177,-46.92477495197549,32.774056794443,-67.99396196988917,33.39243031813111,Sp1731+2721
0.6694902627113422,None,17.74136535173868,-47.34676604799016,30.049703214881273,-68.1465530492478,30.669490262711342,Sp1732+3004
4.49809359033317,None,20.619712442329977,-46.307388293308385,33.80559157119477,-67.4288648318784,34.49809359033317,Sp1733+2615
-0.9966496297633682,None,16.299642384665674,-47.44162109286998,28.36670967001774,-67.98342605124971,29.00335037023663,Sp1733+3144
47.668546886123906,None,48.22593643268134,-23.297870105153248,74.93540378910181,-37.624243181507346,77.6685468861239,Sp1733-1654
39.586057581568525,None,44.22499819019892,-28.63763436071628,67.71280746858206,-44.56914179775244,69.58605758156853,Sp1734-0849
42.61609922647092,None,45.717510257601155,-26.57728939915429,70.44048673689281,-41.931805766086924,72.61609922647092,Sp1734-1151
57.9472570025889,None,51.508059176839424,-15.937756778649462,81.27618958804841,-28.37796102313199,87.9472570025889,Sp1734-2711
30.54719091386501,None,38.641337038026364,-33.95981435967545,59.07211231817994,-51.77318940995195,60.54719091386501,Sp1735+0012
4.172934304107571,None,20.051981330587054,-45.9207134539055,33.39868305504324,-67.0222101603821,34.17293430410757,Sp1735+2634
58.50911170167194,None,51.46865373771379,-15.405122094193432,81.2430994658742,-27.786805743407015,88.50911170167194,Sp1735-2745
43.0528633226467,None,51.69007569149668,-1.7860125545492347,71.310860083134,-10.889616605016604,73.0528633226467,Sp1735-4611
54.790561706649285,None,52.15981762607436,-10.344108280116046,79.88889920103506,-21.60199480547377,84.79056170664929,Sp1736-3425
-0.5,None,3.7580248895373867,-47.227655358800796,13.092005933404204,-62.8609193740859,13.651604032106462,Sp1737+4705
5.835965825363708,None,20.694783796215688,-44.53623449424104,34.856882382449406,-65.68401692756201,35.83596582536371,Sp1739+2454
-0.5,None,-3.1037576373988256,-45.4026314451073,4.701774785468135,-57.463131436986636,5.203390040809279,Sp1739+5532
21.068741973493665,None,31.240450819311995,-37.8089247209197,49.53635261193547,-57.60586306080621,51.068741973493665,Sp1741+0940
121.97214682266079,None,24.677317417123874,-41.352540912978846,40.837575642251004,-62.297782070840675,42.19721468226608,Sp1743+1832
92.95033314464455,None,22.597238621231003,-42.47329053221187,38.02458998678114,-63.58745689967941,39.295033314464455,Sp1743+2127
-0.5,None,-5.904172315748711,-44.08062178350343,1.4718305362538797,-54.89876027059745,2.0113754131379786,Sp1743+5844
-0.5,None,-25.968399532661046,-32.068843955674744,-24.773046308517973,-33.310221148052506,-24.700732188362434,Sp1743+8526
306.70016213416625,None,46.8848790124425,8.137699200145297,59.48183978334002,0.979381827731046,60.67001621341662,Sp1744-5834
474.1332172655808,None,45.55214162339506,-21.365567229226887,73.04234577615321,-36.41771034364449,77.41332172655808,Sp1745-1640
16.837212911309365,None,16.544257710783313,-44.1461945322018,30.4684970529364,-65.00689201837157,31.683721291130936,Sp1746+2903
-0.5,None,10.210151621336014,-45.68938493581963,22.21654396570749,-64.88370711755492,23.21711207534716,Sp1746+3731
-0.5,None,0.17027996300301432,-45.415246818813735,9.426997055732205,-59.799373686508005,10.176545514907954,Sp1746+5034
366.0670363120127,None,40.06091550399244,-28.159178496636756,63.76363129011821,-45.3147229282875,66.60670363120127,Sp1746-0551
56.992408952661265,None,49.83823690437819,-10.466839527901449,78.67627674660419,-22.67226579709274,86.99240895266126,Sp1746-3214
80.59969471613066,None,20.69853205685906,-41.531962257228365,36.474916691071826,-62.68616392424124,38.059969471613066,Sp1749+2241
-0.5,None,4.459487177509463,-45.19292608644405,15.32843990467897,-62.13598977731908,16.343529476969273,Sp1750+4424
-0.5,None,10.448244974721861,-44.35365612649462,23.26941368412461,-63.90947036972339,24.55769377703929,Sp1751+3610
592.0622279201498,None,48.10043993456827,-11.186897584024136,77.57560483433193,-24.17172419572067,89.20622279201498,Sp1752-2949
444.60641437585775,None,49.01319647098214,-0.7972090070680279,70.82843721061559,-10.951338827630025,74.46064143758578,Sp1752-4446
125.42907935203253,None,37.41384373156719,21.14694653546939,42.04045362668362,17.6584076076719,42.54290793520325,Sp1752-7642
539.3158899363983,None,46.307829842130886,-15.659278001463973,75.81265826053988,-29.895315675693674,83.93158899363983,Sp1753-2312
232.52551577641162,None,42.81052308284139,14.098541523612703,52.1571311841304,8.153600447726733,53.252551577641164,Sp1753-6559
-0.5,None,-10.862683855664356,-41.20803307469623,-4.0826074879199155,-50.12504107437363,-3.3936211956356743,Sp1754+6408
-0.5,None,-6.668111474146727,-42.653274257126945,1.4770686565738174,-53.9689123629133,2.334612449867234,Sp1755+5824
321.77636201930517,None,35.676933402784485,-28.968550981748272,58.788549510658456,-47.3359594404446,62.17763620193052,Sp1755-0126
514.4962542477332,None,44.718198355328674,-16.740142425227443,73.83235375695145,-31.620454022142315,81.44962542477332,Sp1756-2042
578.7139315265163,None,46.816215952874764,-12.531921267173091,76.57804181926488,-26.18394322806579,87.87139315265162,Sp1756-2707
596.4099295761213,None,47.33619515565146,-10.839024699913546,76.84328342438427,-24.046835217320414,89.64099295761213,Sp1756-2933
439.45817453736055,None,48.25752171217708,0.07679912386826376,69.96634965990668,-10.16224684157158,73.94581745373605,Sp1756-4518
190.26923697977116,None,27.003802273546896,-35.38606375122446,46.42244687186284,-55.82833039574835,49.02692369797712,Sp1757+1142
-0.5,None,-15.842602786941608,-38.67344422440397,-10.53030643899804,-45.077180071140575,-9.958597259147592,Sp1757+7042
436.35067467241424,None,41.2810071630131,-21.621988003513078,68.28198639916981,-38.00161024531194,73.63506746724143,Sp1757-1253
449.24652549315056,None,48.11053299950162,-0.44348704090000696,70.53095429557837,-10.931053938058204,74.92465254931506,Sp1757-4419
-12.177128839753877,None,12.733547351199585,-42.38884928134043,27.057375351844026,-62.79757359316519,28.782287116024612,Sp1758+3157
586.6285041019476,None,46.54868934783193,-11.504288821297365,76.24082847065745,-25.09863270000065,88.66285041019475,Sp1758-2804
592.2372223161868,None,46.66801551352405,-10.745012072522922,76.2391414724175,-24.179088432065672,89.22372223161868,Sp1758-2904
281.4419623297394,None,32.38669617674683,-30.28945498108212,54.67139251114348,-49.49306937273302,58.14419623297394,Sp1759+0235
467.19645719601385,None,42.11971645025833,-19.19347728482073,70.17882046417026,-35.121774373271926,76.71964571960139,Sp1800-1559
-0.5,None,-18.929311727671756,-36.763639645521174,-14.497526469673746,-41.77022586992348,-13.969238377757137,Sp1801+7442
591.0951687563456,None,46.04220261751423,-10.833381492458853,75.68830097079345,-24.50409844087532,89.10951687563457,Sp1801-2825
449.5142774122446,None,40.896497881949735,-19.93825414006655,68.55361289693928,-36.2925112912118,74.95142774122446,Sp1802-1412
465.7246168465615,None,41.26464709093089,-18.621080763883977,69.4443808602733,-34.751759761943305,76.57246168465615,Sp1803-1550
587.29524074437,None,46.1074328292377,-9.117312440674795,75.39540315155229,-22.48600503908578,88.729524074437,Sp1803-3031
470.09136995136134,None,41.225841670965764,-18.146864161076667,69.56406030702861,-34.24525744142321,77.00913699513613,Sp1804-1616
577.3359284875326,None,46.036931868250235,-8.271089999926954,75.08655414691997,-21.518080061254267,87.73359284875326,Sp1804-3129
571.9928933493538,None,45.97961728170368,-7.811547519209046,74.88569974325841,-20.996859550749353,87.19928933493539,Sp1804-3200
451.00734570135376,None,40.176499142126445,-19.141922789651918,68.06233667484003,-35.63519139122506,75.10073457013537,Sp1805-1422
585.4311443472001,None,44.96842107392461,-10.380859457047148,74.63973950032826,-24.358114518025868,88.54311443472001,Sp1805-2758
13.327362748670346,None,13.263197296702558,-39.951747345993205,28.977234091605848,-60.67417274580425,31.332736274867035,Sp1806+2923
-0.5,None,-1.8248618059276955,-42.104161530191384,8.94854699776151,-57.05460458064715,10.47532738587238,Sp1807+5015
371.6045987665665,None,36.02824650248912,-23.703461823007363,61.67807366866887,-41.66186009472759,67.16045987665665,Sp1807-0625
557.0245637508376,None,43.75830923750699,-12.041544851695013,73.52564611761271,-26.66631532499524,85.70245637508376,Sp1807-2459
-465.094078341512,None,8.784945444084437,-40.97222872685389,23.171514112962022,-60.682126636125666,25.34905921658488,Sp1808+3523
583.9573949982467,None,44.19319693777038,-10.049346780180606,73.87948918613031,-24.243593888214452,88.39573949982467,Sp1808-2739
77.42510201567278,None,17.338473138288553,-37.473763592276335,34.87323468318464,-58.614996349039416,37.74251020156728,Sp1809+2259
252.04427334923474,None,28.181913394677878,-29.24010367859484,50.70330393264508,-49.2059758838704,55.20442733492347,Sp1812+0531
51.304902949481814,None,14.969950430993356,-37.588325250541985,32.15148771727149,-58.61539951675624,35.13049029494818,Sp1812+2536
563.9204255908227,None,42.57060048371045,-10.463117544640355,72.34173634761409,-25.261514027875336,86.39204255908227,Sp1813-2542
463.33614986334766,None,38.76761561795896,-16.691636111537612,67.31755032612438,-33.3600611255483,76.33361498633477,Sp1814-1536
511.4756469344063,None,40.71265357916552,-13.723741093101102,70.14240586367694,-29.51802412551229,81.14756469344063,Sp1814-2025
438.9068136933395,None,45.12857173104757,2.4265513660153344,67.66400406012663,-8.584450692679837,73.89068136933395,Sp1814-4522
533.5851616398709,None,41.225536225486344,-12.118372542051372,70.90531783836597,-27.564672983600367,83.35851616398709,Sp1815-2237
204.40969436096566,None,24.268463579548836,-30.501349830995355,45.882044956942586,-51.10496862655299,50.440969436096566,Sp1817+1017
-0.5,None,3.1942803728204163,-39.58222250332961,17.100781474785265,-57.83934595663522,19.695930986513495,Sp1819+4101
-0.5,None,-14.061591654142706,-38.147546469826764,-6.602450376778942,-46.906855478472814,-5.285066780261151,Sp1819+6600
487.0008618012271,None,44.13904960211883,-0.011025401573265705,69.55530267075781,-12.20482961955839,78.70008618012271,Sp1819-4032
313.5152124775653,None,42.62737864848637,11.155497290303817,57.81993269274233,2.5934058864958236,61.35152124775653,Sp1819-5754
164.9341644486214,None,20.965797303797274,-31.355543355888667,41.872149621557064,-52.31733083990618,46.49341644486214,Sp1821+1414
282.3366592589517,None,41.651625998829154,13.272938360960035,55.12849649484432,5.364834442236475,58.233665925895174,Sp1821-6101
-0.5,None,3.9345001241737827,-38.781714201009976,18.481843702035608,-57.49886818626637,21.364919526858937,Sp1822+3921
-0.5,None,3.1026070532485805,-38.9173712353637,17.368958048021124,-57.31746611727502,20.19461124172347,Sp1822+4032
-0.5,None,-19.14384882578753,-35.797719901556796,-13.596679578160916,-41.754586386061725,-12.539641668240494,Sp1824+7316
357.44059015461164,None,31.501939891677253,-20.87720039152134,57.90143274184466,-39.694149848195785,65.74405901546116,Sp1824-0500
363.4348304179566,None,31.93213703306726,-20.657825226637154,58.45604381160134,-39.36557899763885,66.34348304179566,Sp1824-0536
542.1118503474688,None,42.55487176003399,-2.7868889267536257,70.45661217254474,-16.27404067155186,84.21118503474688,Sp1824-3503
539.4310382959044,None,42.5823085163911,-2.6047185848913172,70.38725637134792,-16.043242826060368,83.94310382959044,Sp1824-3519
-0.5,None,-4.636019065612274,-39.216261106850304,7.023651303737227,-53.996359710906695,9.356527206402387,Sp1825+5122
496.0560910587398,None,37.65111933536987,-12.566653470072437,67.05304566694193,-29.125344704975422,79.60560910587398,Sp1825-1853
4.874772637725044,None,9.63421460464031,-36.12011164708772,26.75626028348491,-56.626303246917374,30.487477263772504,Sp1826+3014
435.7151811143699,None,34.77234483043414,-15.859920559733448,63.1714639742544,-33.51407518499898,73.57151811143699,Sp1827-1251
284.607602823146,None,26.573924552799802,-23.837805786527728,51.331732008322646,-43.78178700260825,58.4607602823146,Sp1829+0215
227.67374543310444,None,23.22322131986064,-26.648395493574974,46.47363354264451,-47.213381245176976,52.767374543310446,Sp1829+0757
47.13793987062857,None,11.887790969210542,-34.13298420052968,30.36302817396481,-55.05442840676077,34.71379398706286,Sp1829+2600
453.75330813178846,None,35.16214988565677,-14.444444473908392,63.96838445184254,-31.86796364496121,75.37533081317885,Sp1829-1439
494.37365833283013,None,36.65400780766823,-11.871138949892408,66.09681281801636,-28.631783913121755,79.43736583328301,Sp1830-1842
246.73194665123106,None,39.59653496169389,16.319865317965295,51.53487819295877,8.975793071822645,54.673194665123106,Sp1831-6435
83.01463292654581,None,13.506256059261842,-32.00225248631126,33.237035331129796,-53.10222660069663,38.30146329265458,Sp1833+2225
553.3611030076443,None,40.24821354517855,-1.844158520436011,68.51940793316258,-15.995356010185033,85.33611030076443,Sp1834-3353
260.4776981138344,None,23.901647238342488,-23.702809250500017,48.449101417584785,-44.041510079522006,56.04776981138344,Sp1835+0440
-22.77258047113662,None,6.298130478619754,-34.921485504755665,23.432365811907566,-54.95288850671947,27.722741952886338,Sp1835+3259
541.5203958699324,None,39.99302850261417,-0.6961855685946672,67.86872528153894,-14.708265213201102,84.15203958699324,Sp1836-3507
147.5324875493655,None,16.820228501521395,-28.563195834853563,38.54354647984179,-49.6834760304735,44.75324875493655,Sp1837+1558
413.4995845883586,None,41.11507482235166,7.118242555715837,62.95862735131484,-4.276214516958572,71.34995845883586,Sp1837-4755
8.49598733472373,None,7.697869449045697,-33.244296369560615,25.93562037649348,-53.711944688358564,30.849598733472373,Sp1839+2952
-0.5,None,-1.7527643645166864,-36.42254222100878,12.64931652916852,-53.69881523942637,16.307800464814424,Sp1839+4424
63.486256286670226,None,10.82750882055281,-30.965798883803256,30.6651975414973,-51.938496973328796,36.34862562866702,Sp1841+2421
454.69384570479644,None,40.319992239098504,5.171577528820278,64.48684238400404,-7.24676020235972,75.46938457047965,Sp1841-4347
-0.5,None,-16.941783287062698,-35.61578699720371,-9.113935103116615,-44.02962511545118,-7.144232480535725,Sp1842+6751
309.54450742586255,None,25.350269940971906,-19.868042886839344,51.50432900635794,-39.779604347431054,60.95445074258625,Sp1842-0014
501.6768282991495,None,39.59835142804094,2.550482182158437,65.97717486848886,-10.882817706583266,80.16768282991495,Sp1842-3905
380.2876515376988,None,40.29756984228344,9.688114863908998,60.385955064539196,-1.1408045386432617,68.02876515376988,Sp1842-5114
191.83982771893469,None,18.38062637295035,-25.345643621742028,41.665440546262694,-46.31900194464801,49.18398277189347,Sp1843+1132
386.337951355479,None,8.97242802395568,-31.48341960752524,28.279438007363964,-52.255651179960985,33.86337951355479,Sp1843+2651
-0.5,None,0.1258982902486226,-35.12005274843091,15.78902466054951,-53.45426875396241,20.046001324749913,Sp1843+4040
336.3965122507109,None,26.47777008640691,-18.16290615938694,53.33540622003465,-37.77710333408029,63.63965122507109,Sp1843-0255
235.1990277924279,None,20.533334078542573,-22.903809856236677,45.04129725453876,-43.60824797744028,53.51990277924279,Sp1845+0711
-0.5,None,0.9842504448827462,-34.399864856797535,17.25541932939449,-53.17242998148766,21.828855806771937,Sp1845+3853
563.0636569437838,None,35.84518915711008,-4.9904355755209595,65.52841612216146,-21.11837957237585,86.30636569437839,Sp1845-2535
2531.4043311924565,None,38.347345828181275,17.164688938086933,51.16741712536361,9.308847920177218,55.314043311924564,Sp1845-6357
564.27383152781,None,37.655028159715094,-0.544359306014055,66.16752366266954,-15.363129503906707,86.427383152781,Sp1846-3250
549.0734049693459,None,37.65665962774904,0.6107697264785482,65.74874045927317,-13.9834986487601,84.9073404969346,Sp1847-3419
2035.1555616338026,None,36.899631119912364,20.024578970231946,47.07879410459974,13.417625889247788,50.351555616338025,Sp1848-6855
703.4632206108597,None,32.5004170713275,26.28430833782607,35.97591038566498,23.641665107299076,37.0346322061086,Sp1848-8214
546.9643044894866,None,34.27735549453295,-5.024879225033682,64.0231328707651,-21.615122183576926,84.69643044894866,Sp1849-2359
401.70133791470306,None,7.616702797235938,-29.678358872566076,27.556108149979536,-50.41211489532961,34.01701337914703,Sp1851+2641
-0.5,None,-12.703550456404397,-35.43253209560248,-1.9458921507541027,-47.327586988905345,1.1312755752703696,Sp1851+5935
-0.5,None,-8.805666480792707,-35.1304731453464,3.988650297516768,-49.57435276494513,7.760480454904383,Sp1852+5257
338.15093837359933,None,24.681516139718696,-16.19968725737319,51.977671774900855,-35.990870536857614,63.81509383735993,Sp1852-0305
3214.2910146096283,None,38.365979290206916,14.306478862481578,55.40020207108863,4.510227178375055,62.142910146096284,Sp1852-5708
481.398064570607,None,37.69581700129261,5.5353333254474135,63.27274128313998,-7.9172041433704905,78.1398064570607,Sp1853-4107
-0.5,None,-26.646236923567916,-31.083827222069655,-24.418402025212064,-33.06803436966795,-23.780720843439457,Sp1854+8429
3219.8248270683252,None,38.11558338044164,14.490897216569808,55.2456352790005,4.623795360601975,62.19824827068325,Sp1854-5704
2004.4568115503494,None,36.177449880165234,20.75838937270713,46.4216212840562,14.081946598706391,50.044568115503495,Sp1855-6914
-0.5,None,-15.789070355624558,-34.62205612026344,-6.158867981755296,-44.8284642255274,-3.2380373159980573,Sp1856+6356
390.8293015139765,None,26.45318036165557,-12.561837637940092,54.91053456236805,-31.779223624705686,69.08293015139765,Sp1856-0822
1870.7329958016999,None,15.300779220257894,-22.484293644569245,39.37020617687669,-43.55956677601257,48.707329958017,Sp1857+1200
550.6083420025726,None,32.51325763921189,-3.172769186059002,62.21171646598405,-20.01014081206895,85.06083420025726,Sp1858-2420
1893.019138624107,None,15.130658857670443,-22.0597026103885,39.34312588066987,-43.134014335237595,48.93019138624107,Sp1859+1146
1469.0754363237268,None,34.55160914188209,23.47786140023664,42.02552310702797,18.308138289765104,44.69075436323727,Sp1859-7435
607.8982184901939,None,6.706886016236075,-26.396302818540857,27.9873035741106,-47.228146674592885,36.07898218490194,Sp1903+2437
-36721.64216598539,None,0.9593033282613297,-29.77066931011681,19.631122248383594,-49.368495430156266,26.32783578340146,Sp1903+3422
-46484.58296996797,None,0.4014419204775227,-30.087921511592814,18.79737484290956,-49.5070472658761,25.351541703003203,Sp1903+3521
467.89092449617453,None,35.96923060008629,7.91315811658608,61.01197194338475,-5.621637710289834,76.78909244961746,Sp1904-4229
1303.349241697061,None,10.560807524767837,-23.36015161357917,33.67962616293235,-44.50072341747693,43.03349241697061,Sp1905+1740
4254.325513490517,None,36.382700187051775,10.307041009338947,59.432867658117836,-2.3207789906937832,72.54325513490517,Sp1905-4644
-0.5,None,-3.074170132556639,-30.660871796705496,14.221208542853294,-49.01486340004721,20.523256672653076,Sp1906+4011
3596.1250548360013,None,22.773860671437617,-12.128955526489937,50.991057378047714,-31.95911545126568,65.96125054836001,Sp1906-0515
3081.389608874271,None,36.49199652360183,16.531682107453346,53.16732936826683,6.684930991578895,60.81389608874271,Sp1906-5828
2597.556268776254,None,17.347491808925554,-16.92175450068664,43.63661880679324,-37.69097946261977,55.97556268776254,Sp1907+0443
805.5141841690556,None,6.9266635793312545,-24.556940982262965,29.03344310339874,-45.494893073891106,38.055141841690556,Sp1908+2238
1420.6818617426165,None,10.291731546867736,-21.8070421020424,33.987844165525566,-42.95574805279719,44.206818617426165,Sp1909+1629
503.08844907058597,None,28.534544313150313,-3.7917259131947483,58.303496374536735,-21.73833003722737,80.3088449070586,Sp1909-1937
1562.1249314917777,None,10.98912273687085,-21.07510988215764,35.05743696547645,-42.23053251203204,45.621249314917776,Sp1910+1504
1365.916205275788,None,9.911061577090495,-21.96929827182736,33.49314289153344,-43.1107460293302,43.65916205275788,Sp1910+1702
-0.5,None,-13.017846556274446,-32.81379005954799,-0.4061885483281391,-46.03413714747146,4.1307485004314035,Sp1910+5634
3339.423695390736,None,19.86632373124919,-11.84313632185624,47.8752151885602,-32.081131318926545,63.39423695390736,Sp1913-0241
-0.5,None,-19.564092207001824,-32.63949561118276,-10.702358203355208,-41.3319115870651,-7.439768908587828,Sp1914+6808
590.7740173917149,None,31.138509632367033,2.9066100897297344,60.02123033039242,-13.419009099915337,89.07740173917149,Sp1914-3008
2983.1316145213677,None,17.508219487856756,-13.087965526858241,44.95754341178857,-33.67496233245765,59.83131614521368,Sp1916+0051
2554.658565113127,None,15.105044556384975,-15.03907976472654,41.73491701937027,-35.92431424802959,55.546585651131274,Sp1916+0509
5882.315444388254,None,30.629717043630407,3.5022956305471813,59.45481031071861,-12.878899443892292,88.82315444388254,Sp1917-3019
5804.053270839497,None,30.457368094271615,4.404491029867498,59.078516123789505,-11.876926532991368,88.04053270839496,Sp1919-3115
627.1105126413374,None,3.608787060750813,-22.680728019206025,25.9850143697718,-43.412607834164305,36.271105126413374,Sp1921+2425
5961.2867131279545,None,29.38377432238862,3.7554686961693515,58.356868982636485,-12.955156542537429,89.61286713127954,Sp1921-2915
2139.7997077448003,None,11.491324268848004,-15.565034271641704,37.54599716909292,-36.66319423283555,51.397997077448004,Sp1923+0917
5609.657129001845,None,30.15137339485972,6.1733108896227415,58.30928717389738,-9.88979762626621,86.09657129001845,Sp1923-3308
1061.598975416915,None,5.395830770396481,-20.188135732874333,29.03697543064112,-41.184437415623734,40.61598975416915,Sp1924+2004
731.7347396461982,None,3.542132871808744,-21.53328830243754,26.377086771099723,-42.324277992385404,37.31734739646198,Sp1924+2322
-0.5,None,-23.72731838551061,-31.452846165460837,-17.41363767335082,-37.196066119036246,-14.85243415678964,Sp1924+7533
3738.4481332948185,None,33.73189431147913,15.642688573130775,54.41112017659293,3.6291512083713733,67.38448133294818,Sp1924-5154
2368.8234413060163,None,12.3794251976581,-14.137044273528023,38.9768755083459,-35.16769320166578,53.688234413060165,Sp1925+0700
2105.9228262236843,None,10.914200187630856,-15.316804584039224,36.97976831361513,-36.42985132838593,51.05922826223684,Sp1925+0938
4611.562188273708,None,32.15963628173756,11.681957425035321,56.97610236475305,-2.4109095404111467,76.11562188273707,Sp1926-4310
507.53837709673917,None,1.8099278009354407,-21.89568546305633,24.220848927616814,-42.4751109592112,35.07538377096739,Sp1927+2537
4073.3304133435995,None,32.85064510151858,14.491013781146787,55.24582268189968,1.5831316746157664,70.733304133436,Sp1927-4833
1766.4986964699872,None,8.479675776199313,-16.24843735276987,33.947254459806466,-37.40361604972529,47.66498696469987,Sp1928+1301
704.7215938882673,None,2.72237114292612,-20.907222134882634,25.681182581745624,-41.65249450246969,37.04721593888267,Sp1928+2339
-33.630636055818,None,-3.1532883578673805,-24.680420577810604,17.123898847012548,-44.1158375999744,26.6369363944182,Sp1928+3403
4535.214157287427,None,31.826702562177104,12.482754819057522,56.32815603088128,-1.5254505059615624,75.35214157287427,Sp1928-4356
4228.5011248404035,None,32.46528074633684,13.883567025865501,55.60310451770709,0.5861080082788884,72.28501124840403,Sp1928-4700
1966.1281255949796,None,9.29278958712176,-15.050146754302483,35.25008122234797,-36.196123266884236,49.661281255949795,Sp1929+1101
3567.124816202012,None,17.536568935623816,-7.252424796915785,46.32825693678919,-27.526123251437305,65.67124816202012,Sp1929-0458
4603.932867158632,None,22.115416990989544,-1.7251193961596185,51.83664100197893,-20.84936151408488,76.03932867158632,Sp1930-1521
2031.717639944675,None,8.940782973198568,-14.01399884252503,35.17972649234265,-35.15754377990736,50.31717639944675,Sp1933+1022
1095.283861104378,None,3.8288366269872545,-18.147203297278534,28.011880085468164,-39.11422674210654,40.95283861104378,Sp1933+1944
886.3421796842558,None,2.695744782337689,-19.039452337431783,26.379703321748103,-39.8818723052441,38.86342179684256,Sp1933+2150
3887.0655966157515,None,18.268086803138488,-4.848411280959799,47.50500440952161,-24.86970041993229,68.87065596615751,Sp1933-0810
5929.407484016803,None,26.248641724198805,6.210471466218148,55.16426586990748,-11.009111164214987,89.29407484016804,Sp1935-2846
3561.889001319797,None,15.99321139244182,-5.7781298549072755,44.92434533940728,-26.158928887439014,65.61889001319797,Sp1936-0455
4467.119710243891,None,20.104091661435977,-1.080769905249737,49.80365493661215,-20.519439754742386,74.67119710243891,Sp1937-1359
-0.5,None,-9.79183797639053,-25.76259961236761,8.366291045005426,-43.11497260495533,17.336075359232396,Sp1938+4321
4664.3635885573885,None,29.734126671928294,13.510277123978874,54.745347830193296,-1.08063411192551,76.64363588557389,Sp1939-4239
3146.1620267252356,None,32.07209548259354,20.198198426865034,49.80290215617509,9.330188291501358,61.46162026725236,Sp1939-5750
1807.0664084223686,None,6.311584166279939,-13.552778389239082,32.37799498296067,-34.70344071552182,48.07066408422369,Sp1940+1237
2174.915419217824,None,32.19422042185948,23.9333273588606,44.499490637004584,15.887345784779772,51.74915419217824,Sp1941-6733
1146.2130528690168,None,2.2336480972755712,-15.92644142385676,26.98787343187294,-36.868093666173905,41.46213052869017,Sp1942+1913
4804.6798723804795,None,28.769899248827222,13.425490385874138,54.297293861390436,-1.5672352812774037,78.0467987238048,Sp1942-4115
2787.3217658528793,None,31.862599866982272,21.992231603397734,47.66929414319178,12.05640498482982,57.873217658528795,Sp1943-6125
2888.4983749431017,None,11.005517955707433,-7.463212876928438,39.18781637201716,-28.386930100118633,58.884983749431015,Sp1944+0147
1072.5910390232932,None,1.5768487400784807,-15.962884487676781,26.22604003481332,-36.8548997110356,40.72591039023293,Sp1944+1957
-0.5,None,-16.291754327917687,-27.50022983382463,-1.3626728749884522,-41.50737460448219,6.2098386314983465,Sp1945+5428
5661.096121118963,None,23.221596043466267,6.669245027493258,52.44504350257015,-11.278640390219419,86.61096121118963,Sp1945-2557
4022.0225252276377,None,30.051395444335085,17.340647651297797,52.29967144089674,4.063240351852833,70.22022525227638,Sp1945-4904
1175.5466479710876,None,1.7022065013974907,-15.070025533250133,26.678897324783243,-36.00764115740635,41.755466479710876,Sp1946+1856
4244.5050560498275,None,16.973974906381653,-0.16009219082237555,46.630102905388945,-20.04151233466361,72.44505056049827,Sp1946-1145
1347.1681456447848,None,1.9568240067537213,-13.624584139421486,27.45008467818415,-34.628598458095915,43.47168145644785,Sp1949+1713
5937.128978853629,None,-2.0428465432490897,-16.85860113254343,21.739686052684224,-37.33024997269009,35.93712897885363,Sp1949+2445
6073.546662521721,None,-2.116597294488054,-16.645390522135898,21.734548008826817,-37.123751015014435,36.07354666252172,Sp1950+2436
-354.8193276957786,None,-7.578483186286328,-19.985423265035124,13.933957429106986,-39.13656001996688,26.451806723042214,Sp1953+3414
-0.5,None,-12.678414137818779,-23.4977417692565,5.895707748468838,-40.451543345317326,16.27337909237647,Sp1953+4424_1
-0.5,None,-12.680404455273191,-23.49624828222998,5.893960510837881,-40.44975553358642,16.272607608416276,Sp1953+4424_2
1265.4937454266453,None,0.46734054144275655,-12.882597464093704,26.00406542617124,-33.81852571631875,42.65493745426645,Sp1954+1801
-0.5,None,-15.118660743566403,-24.90871645561867,1.899770444628914,-40.48280180665516,11.299034441511314,Sp1954+4923
1982.0451676128457,None,4.056525183098568,-9.458056429011645,31.044713960314862,-30.607073895038987,49.82045167612846,Sp1955+1052
4395.64722312294,None,15.79068786751689,2.416923836788261,45.540768952276096,-17.45155255913841,73.9564722312294,Sp1955-1316
1787.149384303951,None,30.97141375363421,26.20014009382634,41.278863484659524,19.221583649267096,47.87149384303951,Sp1955-7126
2980.5873398891263,None,8.77590175155571,-4.308754114865677,37.395819231295036,-25.276096042982513,59.805873398891265,Sp1956+0052
1625.1084128669902,None,1.9918433181763173,-10.890801207113684,28.336150258070433,-31.968153844557413,46.2510841286699,Sp1956+1426
4859.053674849011,None,17.672001637346867,4.873491088646196,47.411307984598196,-14.470338168829711,78.59053674849011,Sp1956-1754
65421.510843934455,None,-3.316450549952947,-14.923373224564074,20.983165702153233,-35.37986229139634,36.542151084393446,Sp1957+2408
82985.28059268121,None,-2.7802477080967254,-13.777340522313157,22.00546842184231,-34.37701016298209,38.29852805926812,Sp1959+2223
-275.50038340515215,None,-7.155872349684737,-17.39166278855442,15.547483477018519,-36.99325595698586,29.724499616594848,Sp2000+3057
2389.3212182186744,None,4.676603630197806,-6.034029394846115,32.57638414563657,-27.180762514342128,53.893212182186744,Sp2001+0647
3604.84078673217,None,10.472928155479428,0.10986535358809714,39.86234091915797,-20.55914282172014,66.0484078673217,Sp2002-0521
4476.231384259285,None,26.06188125731638,18.211269484209748,50.22527752661118,3.4093831039196063,74.76231384259285,Sp2002-4433
34882.192321160044,None,28.51354177554242,21.821454472490778,48.23841941923573,9.50895180562251,64.88219232116005,Sp2002-5425
4494.19039209455,None,14.197122857845992,4.913785331383447,43.971578124998885,-15.006528782075438,74.94190392094549,Sp2004-1416
3955.5635652441824,None,11.357733841393285,2.61931617811107,41.00571746999982,-17.828170710267667,69.55563565244182,Sp2006-0852
2410.2754507926215,None,2.9263586470924214,-4.054650448859258,31.089378326174543,-25.207873629081654,54.102754507926214,Sp2010+0634
17897.097060280357,None,-0.6471859999971025,-6.557838741200229,26.580037164007116,-27.622166879414287,47.89709706028036,Sp2012+1246
14221.254476029535,None,-2.459751164006162,-8.3239689798457,24.08541179040183,-29.232116151046153,44.221254476029536,Sp2012+1627
32555.10309189853,None,27.17525638954781,24.32549752359806,45.771215598913244,12.392226792160962,62.55510309189853,Sp2015-5645
13357.307141993722,None,-3.694317837398289,-7.921229015165168,22.815051702548388,-28.75307960186357,43.35730714199372,Sp2016+1719
4144.432883409843,None,9.990205249268058,5.769087985378791,39.746085191229874,-14.653880754563524,71.44432883409843,Sp2016-1045
3080.7647912207917,None,4.621961269223787,0.8434039254067671,33.757465910985765,-20.20556210685268,60.80764791220792,Sp2018-0007
3769.0281538102213,None,7.8247140313507,4.340011673250276,37.46651718585646,-16.378480552750982,67.69028153810221,Sp2018-0701
31039.76062306009,None,26.917825470798267,25.32392483446591,44.752982044095226,13.749457049910028,61.03976062306009,Sp2019-5816
-0.5,None,-13.236062914614468,-15.73625333112501,8.974403349172114,-34.231106987477276,24.614362661235415,Sp2020+3603
84029.5868471717,None,-7.161241679520949,-9.191263646292281,18.51878816968844,-29.593091565595266,38.40295868471717,Sp2021+2216
4957.559824417949,None,21.132922224292003,19.63708055365127,46.80756224288688,3.319858969250066,79.57559824417949,Sp2022-3944
4623.710784397311,None,22.101129601293007,21.06864221586375,46.63752884760533,5.4520970982146775,76.2371078439731,Sp2023-4305
3925.759499383244,None,7.0167512689159866,6.654876511966672,36.751810111254315,-14.030765041856585,69.25759499383244,Sp2025-0835
2600.3720549769973,None,0.40378287390386625,0.3580092811176186,29.1748470008753,-20.796041316121855,56.00372054976997,Sp2026+0439
59179.83262806115,None,16.464128915963254,16.381276654510756,44.611527008592084,-1.8902623166290045,89.17983262806115,Sp2026-2943
474.80666776332043,None,-9.971945453289775,-9.815806245482113,15.09897922653984,-29.76621142738702,34.748066677633204,Sp2027+2555
30850.626826178122,None,2.4210441631332276,3.0876647101985717,31.706637364199562,-18.002726777417298,60.85062682617812,Sp2028-0010
-0.5,None,-23.141046987285836,-22.647757475816846,-7.821023709695953,-35.304921253425434,2.832120513219889,Sp2029+5750
198053.24217930986,None,-3.6702794417063096,-1.6590906525977238,24.384044151232292,-22.706337945044936,49.80532421793099,Sp2031+1052
-0.5,None,-17.832881298361908,-16.12616859851896,3.146185487800831,-33.23543890153606,18.74567630925796,Sp2032+4155
20008.13964759238,None,27.676016617844354,28.875833165333436,39.577744590996076,20.72633093901212,50.00813964759238,Sp2032-6918
2273.0048130805826,None,-12.294933728748434,-9.796768434594918,12.421292753233436,-29.35188740619308,32.27300481308058,Sp2033+2823
-66.27156205917792,None,-13.583852875273276,-11.188705778364016,10.407873665113474,-30.31353987359654,29.33728437940822,Sp2033+3119
222160.8572330372,None,-3.183047090597546,0.21767787902833113,25.281411427668374,-20.885640673335992,52.21608572330372,Sp2034+0827
-0.5,None,-20.256844207563038,-17.885623048223103,-0.8547662670962152,-33.680765300429634,13.529029922409775,Sp2034+4708
58125.04256860168,None,15.299007869063178,18.75930135092266,43.02404363860606,0.5430729016876863,88.12504256860169,Sp2035-3110
45500.47184256809,None,20.283621452240986,23.40887934180952,44.41244819819862,7.6989502115620505,75.50047184256809,Sp2035-4349
39457.748138708266,None,4.737848749752206,9.121797127598967,34.50404332084067,-11.653548967171524,69.45774813870827,Sp2036-0847
42303.188589767684,None,6.0225930596160175,10.553608874559828,35.78721878919551,-10.035200796513639,72.30318858976769,Sp2037-1137
48984.71921214791,None,18.399436435951667,22.823098554594978,43.660203054199314,6.273350177723079,78.98471921214791,Sp2038-4020
36943.294606570904,None,22.801796636677835,26.325594781565307,43.44138199034943,12.726348668228466,66.9432946065709,Sp2038-5223
59469.420802388624,None,13.76396407308539,18.870152913474605,41.77167243314595,0.2952939330857595,89.46942080238863,Sp2039-2926
-1756.9688218447652,None,-15.926537738982605,-9.875058055731342,8.147184499673537,-28.68153899466443,28.243031178155235,Sp2042+3225
35671.404486928506,None,1.598909249551614,8.611806155374081,31.299226005548647,-12.392755784391317,65.67140448692851,Sp2042-0500
39023.55054142897,None,3.326739685102244,10.126779215684333,33.09621199508549,-10.71938401840096,69.02355054142897,Sp2042-0821
15375.125382987562,None,-8.603224893908187,-1.0819198291099221,19.100568935835103,-21.823202208147272,45.37512538298756,Sp2044+1517
25796.394733463032,None,25.204933495362766,29.375544760535057,40.326449621936845,19.08503440783403,55.79639473346303,Sp2045-6332
16296.246476154514,None,-8.761943545389737,-0.03190265955804883,19.157119269694523,-20.809495671190945,46.296246476154515,Sp2047+1421
38791.19099393981,None,2.0897293120768086,11.158109798975408,31.862354348589072,-9.738804909498066,68.79119099393981,Sp2047-0808
-1616.2801761072956,None,-17.071874206035694,-8.647034269058043,7.259603632577138,-27.380798387320063,28.383719823892704,Sp2049+3216
-2949.082385284644,None,-17.656768079322983,-9.257419192092826,6.339490811015471,-27.761747078466005,27.050917614715356,Sp2049+3336
47931.187278498175,None,6.0131022882992635,15.883417836816651,35.46550957633304,-4.385682921913589,77.93118727849817,Sp2049-1716
50399.50624077778,None,7.310588955933368,16.85567577575454,36.55774120703779,-3.160871039520494,80.39950624077778,Sp2049-1944
25488.768008952677,None,-5.521001959205461,5.735650459971309,23.62999737975065,-15.383186260067061,55.488768008952675,Sp2052+0510
-0.5,None,-28.556875991033067,-24.6318451297684,-18.482654626863685,-32.35834611965101,-10.414643009159898,Sp2052+7104
53963.29652980663,None,8.423593386272291,18.964694990555603,37.22965921680974,-0.6881647887693553,83.96329652980663,Sp2052-2318
41353.89995493054,None,19.11572414332926,27.420399567410712,41.46661741250257,12.39492765077399,71.35389995493054,Sp2052-4758
24814.658724568984,None,24.66110432675063,30.325141061099977,39.25601631170657,20.283605458406594,54.814658724568986,Sp2052-6431
27598.299858429542,None,-4.7320926187496,7.029497513629496,24.61145100303123,-14.116479791019543,57.59829985842954,Sp2053+0303
-26.62257539433373,None,-18.288571111463206,-8.406237606218765,5.9170376979476895,-26.897498846448816,27.337742460566627,Sp2053+3319
35171.80992916299,None,21.315185942189583,28.87984885343458,41.039963988820595,15.534058204666534,65.17180992916299,Sp2053-5409
33537.97899825993,None,-2.738199220863555,10.874600182464688,26.96463080045319,-10.249268649842133,63.53797899825993,Sp2057-0252
56692.974847927515,None,11.188250950682951,24.212929883206844,38.18159159916002,5.775937044943247,86.69297484792752,Sp2100-3236
27537.20274169806,None,-6.3588934484822275,8.58147267535274,23.062458029101137,-12.55148223486333,57.53720274169806,Sp2101+0307
23286.980067951612,None,-9.206151381209677,7.197093307600416,19.913252850864,-13.810943894476026,53.28698006795161,Sp2104+0722
-354.7494866982852,None,-19.516092473285745,-5.231221863470203,5.625355207426067,-23.924735217971868,29.645250513301715,Sp2104+3100
41286.27595450835,None,-0.27775193169258794,15.96762018104098,29.427750732916117,-4.922521578103185,71.28627595450835,Sp2104-1037
-0.5,None,-25.60545509824856,-13.684930342470746,-5.536871431525884,-28.718841142974703,12.385048224026521,Sp2105+4816
47497.832814704285,None,2.294499559298595,19.307794234435633,31.61946269186277,-1.1928551280892257,77.49783281470428,Sp2106-1650
48589.471719086505,None,13.83224914670211,27.91918186436885,38.508813897730185,10.941648905371819,78.5894717190865,Sp2106-4044
33780.36930822057,None,-4.706156868263086,13.091853482315303,25.03961325759594,-8.04819680902772,63.78036930822057,Sp2107-0307
55355.1380766587,None,10.508039155360468,26.066614901473585,37.050336923423174,7.74126919848312,85.3551380766587,Sp2107-3357
43595.81387170516,None,15.788720666816012,29.449084913988433,38.75487721643383,13.59845485300539,73.59581387170516,Sp2107-4544
336631.4910588599,None,19.564592854799802,31.587874716459112,38.42692297596641,18.451803415061967,63.66314910588599,Sp2110-5540
-0.5,None,-29.832453727520875,-27.822514499549996,-26.696874694941172,-30.10924167246975,-23.79754324283951,Sp2112+8427
26956.628781745472,None,-9.931744456006118,11.531164318448488,19.597749625961832,-9.54378684632714,56.95662878174547,Sp2116+0341
80051.45968139701,None,-18.536760781578547,1.4384758796364794,8.713113853444089,-18.237007174430342,38.0051459681397,Sp2116+2238
-381.1933852118113,None,-23.413391383077386,-4.665352845585303,1.2708108177201702,-22.524379188480573,26.188066147881887,Sp2117+3428
44246.36850640349,None,13.836172401914464,31.132562075936036,36.838337836087184,14.958842099325134,74.24636850640348,Sp2118-4505
20288.495751676932,None,-14.06303383530027,8.959987121542966,14.997406890002638,-11.783290938514844,50.28849575167693,Sp2120+1021
47830.45177194535,None,11.765403559466016,30.75836553781122,35.919388866550996,13.71093143806252,77.83045177194535,Sp2120-4130
5135.892700541035,None,-21.963673817312458,1.9265078554387807,5.015196251476629,-17.195811972393145,35.135892700541035,Sp2126+2531
57622.8307189542,None,5.906017076404662,29.15793598441715,32.586756204416815,10.157670003675603,87.6228307189542,Sp2126-3143
7672.085392365581,None,27.125257446161967,31.618700191486965,32.06449234417046,28.092257963568915,37.67208539236558,Sp2126-8140
13781.014680662614,None,-18.522840481011404,6.862897499391674,9.897904336908258,-13.275197745871742,43.781014680662615,Sp2127+1652
-0.5,None,-30.429308864759715,-14.638833401785195,-12.717454958517346,-27.19453971507436,4.767939634888473,Sp2127+5553
47089.62680446892,None,11.061858198115726,32.11505099990164,34.840539037014004,15.136642902536249,77.08962680446892,Sp2127-4215
142046.3904549755,None,25.064109193244338,32.96606443742417,33.76073065930154,26.748060879052964,44.20463904549755,Sp2127-7508
241654.71967493254,None,21.36329144827046,34.08795292270205,35.44804649468137,24.006221471358142,54.165471967493254,Sp2128-6510
39398.75666771573,None,-6.855573680227731,20.863139789964922,22.78190866097306,-0.23448004174949044,69.39875666771573,Sp2130-0845
16951.86485385625,None,-18.114111689567512,9.53851781724717,10.775000506529965,-10.83171672128846,46.95186485385625,Sp2132+1341
7286.175485010922,None,-22.408902607481902,4.299174168602047,5.116210112371453,-15.005352327925799,37.28617548501092,Sp2133+2321
65825.75731310605,None,-22.99276715213529,4.174087943295686,4.439968310174121,-15.010589262091123,36.582575731310605,Sp2134+2404
-0.5,None,-27.894867933441482,-4.21423333658454,-3.8863756359798254,-20.927197344109,22.003823242500765,Sp2134+3838
58544.84939957608,None,3.6551454504260343,30.734985767606734,30.365269090306406,11.441935602940326,88.54484939957608,Sp2135-3040
57417.07501880836,None,4.421517047758597,30.964976622716705,30.874418791468667,11.868909254975462,87.41707501880836,Sp2135-3153
15797.305960989142,None,-19.705391233641095,9.902864368246615,9.133668326784925,-10.298871114663013,45.79730596098914,Sp2137+1450
36101.36151110554,None,-9.94268333829483,20.702061535469973,19.778507871740807,-0.45092205253190304,66.10136151110554,Sp2137-0527
219531.5861319903,None,21.392422951890655,34.86044344787632,34.25334800215858,25.57133561874559,51.95315861319903,Sp2137-6723
191105.805912404,None,22.568061148783638,34.47187848591219,33.92767080852011,26.2846434883626,49.1105805912404,Sp2137-7014
-0.5,None,-31.589501678280264,-11.732409909174155,-12.429089131114157,-24.927402700285047,7.69545701492318,Sp2138+5257
-0.5,None,-29.017269850064018,-4.008564570102443,-5.156022342130237,-20.428376918623737,21.074339875148787,Sp2139+3934
31482.96463647059,None,-12.893980581258644,18.976813764753608,16.8786791203065,-2.124543329000311,61.48296463647059,Sp2140-0050
380352.63625632366,None,13.427512222114062,35.84356532882566,33.63890906825971,21.041280435790494,68.03526362563237,Sp2141-5118
5732.169357490527,None,27.203818634767874,31.603610672426477,31.00337750790971,28.90705489236805,35.73216935749053,Sp2143-8337
494289.13579705125,None,-4.411749084691887,28.324712492973102,24.187462566101086,7.61664718761056,79.42891357970512,Sp2144-1847
-0.5,None,-29.758670209391884,-1.5634769764543666,-5.067778716068753,-18.28241254509597,23.31684725599477,Sp2146+3719
258518.18211595813,None,-17.556581555775285,17.833430300342346,12.139007313192387,-2.994784115554618,55.85181821159581,Sp2148+0447
23986.94442899746,None,-18.517592354826878,16.87168393266066,11.106641763928227,-3.8412846738543154,53.98694442899746,Sp2148+0639
312637.86257784866,None,15.934196318686391,36.94257300566482,33.152736889646455,24.233500421446692,61.263786257784865,Sp2149-5805
231739.97666954712,None,19.744622687279165,36.250342129553566,33.10269264864463,26.469433746197673,53.17399766695471,Sp2150-6610
7171.8183795016585,None,-26.24570121511709,7.587142644501604,1.6433639194714915,-11.366598117280855,37.17181837950166,Sp2151+2328
423184.3788028985,None,-9.580981730035669,26.67464411035185,19.68384852501025,5.582439412773109,72.31843788028985,Sp2151-1141
490505.08641803946,None,6.177369211938247,36.17505199122045,30.00273499349184,18.43264927400778,79.05050864180394,Sp2151-4017
8122.26364340809,None,-29.026337310649097,4.207638175312509,-2.2977540419988136,-13.712414181531193,30.81222636434081,Sp2153+2950
442672.04079988884,None,8.11663895172957,37.68932672018101,30.28743242806561,21.02613375812618,74.26720407998889,Sp2156-4505
-0.5,None,-33.04441304970716,-22.366484852060076,-24.75463878939444,-27.93967108013195,-14.98424545428084,Sp2157+7537
579402.9198389984,None,-2.1374210101105,34.289434825185985,24.748666291314745,14.281850942463084,87.94029198389984,Sp2157-2726
337714.15251664154,None,13.614442126609777,38.25303798645789,31.75316402082664,24.653739800837123,63.77141525166415,Sp2157-5534
-0.5,None,-34.763352118796874,-12.704730303698685,-17.672969164813345,-23.902561860888994,2.034510660355004,Sp2158+5836
464582.3305340188,None,-8.712095884302283,30.00850883771516,20.032875119014864,9.033499659549987,76.45823305340188,Sp2158-1550
-0.5,None,-34.986037729601705,-10.677672180785619,-16.513417169037236,-22.695704830495952,5.0456754272686695,Sp2200+5536
32409.765012684966,None,-17.04018618770689,24.059325159829534,12.684867151694998,3.0211470464883323,62.409765012684964,Sp2201-0145
-0.5,None,-35.15812928585513,-8.92476818676851,-15.582744990903779,-21.583617024315732,7.547410706355536,Sp2202+5305
325702.4901485141,None,13.521425441893097,39.05564942285377,31.015590418491897,25.829431865133948,62.57024901485141,Sp2204-5646
41705.06623584848,None,-12.876625092279342,29.53306808843148,16.259966917067842,8.393221819057231,71.70506623584848,Sp2205-1104
514142.8860599366,None,-7.535503599652944,33.80017329599445,20.360340411075793,13.061482763024491,81.41428860599366,Sp2206-2047
470655.36783447454,None,4.953440706586187,39.29358777757051,27.755460378958983,21.830608316280962,77.06553678344746,Sp2206-4217
522238.05415611324,None,1.535275030319553,39.02383102325185,25.792607655806066,20.4176717932837,82.22380541561132,Sp2209-3707
402335.46922613855,None,-14.786684489609232,29.999298181508266,14.412742145453823,8.846222084451735,70.23354692261385,Sp2210-0936
465945.05120790744,None,4.214816656648137,40.59373378051075,26.672841933810925,23.1755123542764,76.59450512079074,Sp2213-4245
345024.98042714834,None,11.315178514695742,40.58281373421331,29.389052095365734,26.670887253863697,64.50249804271483,Sp2213-5451
256571.93098713137,None,16.33136302438643,39.173157290492206,30.537768563054563,28.444395683229835,55.65719309871314,Sp2213-6342
439729.4157800877,None,-13.47340753922764,32.57319801544729,15.285437751536817,11.45035834735263,73.97294157800877,Sp2214-1319
452934.39058416925,None,-13.643247821768965,34.195807414769824,14.865931157145935,13.089286056898548,75.29343905841692,Sp2219-1440
186670.53657114253,None,-28.173417603865712,20.38916565741046,1.4141350649381386,0.6019895653852247,48.66705365711425,Sp2221+1158
-0.5,None,-37.90974019025218,-10.454950963482954,-20.68552086013686,-21.041385193919407,1.6901243874209901,Sp2222+5857
320433.3749406066,None,11.741384732074973,41.51349033284456,28.57909371619432,28.43154467724763,62.04333749406066,Sp2222-5719
81260.31655019929,None,-33.08674506382252,14.226283182036328,-4.462568878457007,-4.117618319369922,38.12603165501993,Sp2224+2230
503319.1328806501,None,0.3184320555989852,42.24340231471609,23.587612761094654,23.86614288031614,80.33191328806501,Sp2224-3901
-0.5,None,-38.11701305670061,-11.84641873740445,-22.194576489073036,-21.560930867908638,-1.0259347989691558,Sp2226+6139
143008.7963685493,None,21.64237373464901,36.602744224873035,30.010605095086387,30.490923188559883,44.30087963685493,Sp2226-7503
440589.03182395466,None,-16.203861414238684,35.67085139676897,12.287092182636165,14.524670972812489,74.05890318239547,Sp2228-1325
374828.41001690103,None,-20.230315254937107,32.7416526923359,8.959968898247816,11.671881567991159,67.4828410016901,Sp2229-0650
418852.0027459994,None,4.86210669392128,43.56696009273608,25.26482556413841,27.27906442890188,71.88520027459994,Sp2229-4728
553776.961672081,None,-3.8753655520368473,42.78929620188612,20.572674553769065,23.376533447715108,85.3776961672081,Sp2230-3358
356149.98722946265,None,8.748528345079214,43.07603698381471,26.833602128681466,28.75257946598159,65.61499872294627,Sp2230-5344
214704.2924477686,None,-29.127416645947456,24.124515288839877,0.6157335728018403,4.219880930270694,51.47042924477686,Sp2232+0909
-335.81318492128105,None,-38.3426459612779,7.97548586841511,-11.740620289293398,-8.147128683440638,26.64186815078719,Sp2233+3359
-0.5,None,-38.71523630780581,6.7303548770117345,-12.57159375582524,-9.04147589606046,24.83931544847808,Sp2233+3547
66365.5559882811,None,-35.656284875503104,14.879235624499449,-7.099119208654329,-2.9861000945861247,36.63655559882811,Sp2234+2359
579201.1875632209,None,-8.622386743448567,41.949097669762835,17.304580686350494,21.573696177758826,87.92011875632208,Sp2234-2720
263210.0826471267,None,-27.517490721958833,27.779074380966794,2.2305628497703682,7.455854668565838,56.32100826471267,Sp2235+0418
119626.33103926564,None,-34.054496087300436,18.706777561616416,-4.833328628753292,0.075225323200595,41.962633103926564,Sp2235+1840
-0.5,None,-40.032360207201656,4.757153539934791,-14.83349051918058,-10.175066391702837,21.261159432321808,Sp2237+3922
-0.5,None,-40.59409071493165,1.648045526756079,-16.85618754215756,-12.295142129291596,16.750259441281855,Sp2238+4353
-0.5,None,-40.767149404506995,4.535793833737809,-15.799518034752547,-10.099972369543368,20.322863411796266,Sp2240+4018
464636.34959979076,None,0.4618052686349757,45.51829439425268,22.03255947675406,27.915558253773405,76.46363495997907,Sp2240-4253
563640.9131618454,None,-6.2361941771467,44.82229725299159,18.113351755265747,25.1423031578881,86.36409131618454,Sp2241-3258
301067.7196524202,None,10.989270458696891,43.52131544854744,26.52972335172631,31.183786854416578,60.10677196524202,Sp2241-5915
280376.77172559145,None,12.335626886047386,42.90055154180403,27.00526812173165,31.350681063263032,58.03767717255914,Sp2241-6119
143570.92347659994,None,20.8051626060303,37.506622225486566,29.025354073706495,31.47599834944206,44.35709234765999,Sp2241-7500
49210.869209261364,None,-38.069062631366165,15.13787591268769,-9.642169629430397,-2.200437648774188,34.921086920926136,Sp2242+2542
298276.19473861513,None,11.037677765870482,43.61011112764587,26.4246105671162,31.384509378339942,59.82761947386151,Sp2243-5932
585741.3917427572,None,-8.192856542494498,45.042152823866914,16.602928927399542,25.000145276975843,88.57413917427571,Sp2244-3045
-0.5,None,-41.096230992149216,-7.475939523837894,-23.169851904672004,-17.794823092748487,2.78839093869513,Sp2245+5750
10705.126286843593,None,-36.976563269074965,19.823231853246455,-7.753195385624662,1.672484603384795,40.705126286843594,Sp2247+1955
118061.88668957014,None,22.064240296478268,36.52134049279806,28.905846079382123,31.579006079458036,41.80618866895701,Sp2247-7733
-14610.147798517872,None,-41.07914695391684,11.59682267101374,-13.763347599239935,-4.408561270867413,28.538985220148213,Sp2249+3205
336403.4866445562,None,7.7785924730625915,45.58842543333912,24.48841975428647,31.980198948587013,63.64034866445562,Sp2250-5543
326850.70130412927,None,8.474060534730825,45.26908750581602,24.825594329205465,32.007844311304936,62.685070130412925,Sp2250-5640
481317.47722465167,None,-18.110081366948616,42.48669725988831,9.211885308289547,21.360239955444325,78.13174772246516,Sp2252-1730
41328.44471216235,None,2.2686172161350777,47.43862138759899,21.70662984761127,31.235328135736587,71.32844471216235,Sp2253-4801
590831.9861098792,None,-11.2126338151062,46.703763910789185,13.737076337573413,26.307306503548052,89.08319861098792,Sp2254-2840
321475.7662244848,None,8.31756843510047,45.793509120667466,24.300479338485992,32.75713482938004,62.147576622448476,Sp2255-5713
301108.30508588976,None,-29.89926495697584,34.22393640194551,-0.4544544199491057,13.87031081570441,60.110830508588975,Sp2256+0031
-0.5,None,-39.18596125078779,-14.706406311138348,-27.12110528469385,-21.700774529889742,-8.264623319661832,Sp2256+6854
48863.67581039409,None,-3.4355611768326897,48.604403186254466,18.269582931408806,30.307615215473618,78.86367581039408,Sp2257-4030
42722.884399100156,None,0.7363772399353377,48.39630963374225,20.473564720083644,31.762785350758712,72.72288439910015,Sp2257-4638
294010.63316450355,None,-30.74207666381409,34.22680323362843,-1.2717298615505497,13.974886434663702,59.401063316450355,Sp2258+0113
-0.5,None,-34.46315722324912,-22.65704727590109,-28.929511714462432,-26.048822545003063,-19.584123960284273,Sp2259+8013
35024.07444173429,None,5.948669601518387,47.11701294638317,22.91595446464098,33.04334410393978,65.02407444173429,Sp2259-5420
9617.408259088294,None,-40.87256353559061,21.73596242630189,-11.587451395909037,4.236864366662074,39.61740825908829,Sp2303+2100
356698.3435871147,None,-28.644239914881027,39.444395442357646,0.14152638178319385,18.754580390160548,65.66983435871147,Sp2306-0502
39215.2905651905,None,2.1349343269730316,49.305152396372236,20.34002707623072,33.79501858792992,69.2152905651905,Sp2306-5008
57856.2072767923,None,-14.24811989649367,49.2463552021865,10.52323896483761,28.607541615545887,87.8562072767923,Sp2308-2722
48612.60996915648,None,-21.04600227357323,46.62506365414175,5.643638521157969,25.47735573141957,78.61260996915648,Sp2310-1759
-0.5,None,-40.32886421399937,-14.220957905867314,-28.81202396777009,-20.637996487202344,-9.02479647657619,Sp2314+6939
370842.8432366047,None,-29.610653372473312,42.18060312696472,-1.199445687620562,21.49303990004426,67.08428432366047,Sp2315-0627
52317.6116668414,None,-19.620854034565856,49.45682375496776,6.092259643203679,28.37892327194238,82.3176116668414,Sp2316-2141
-0.5,None,-42.83073146350396,-9.934483099562783,-28.376226274836416,-17.716169146664114,-3.7582095997766864,Sp2317+6423
332382.2966761528,None,-32.27192125442304,40.22075944142891,-3.4119004428587907,19.896411960118968,63.23822966761528,Sp2317-0236
-0.5,None,-37.10971919103278,-19.445817448556728,-29.72360900642325,-23.704598848171802,-16.126096424341103,Sp2319+7645
440609.22743949335,None,-26.047923368390737,46.95345882731021,1.1269885091236949,25.895057825741652,74.06092274394933,Sp2321-1326
57724.304875602,None,-13.461636354802181,53.173337310940724,9.685706950011761,32.94726675243606,87.724304875602,Sp2322-3133
31073.06855240587,None,6.353685298811003,49.05066989380855,20.943470229482834,36.711546014092676,61.07306855240587,Sp2324-5817
-0.5,None,-49.2373837477165,8.053611057445625,-24.54668815199318,-4.47536036676663,17.770404484020865,Sp2325+4251
48315.39589555962,None,-24.202809745678152,50.215953529845024,1.9510900978151124,29.069494936905617,78.31539589555962,Sp2327-1741
3555.7867106856165,None,-48.404997137530806,21.097859247758905,-19.572786235233306,5.606745389520559,33.55578671068562,Sp2329+2704
-0.5,None,-49.52638102608076,5.528821799042604,-26.210374925014992,-6.101357511161064,14.186305083540745,Sp2329+4626
467438.85154434125,None,-25.7008538878269,50.04459949383615,0.6784735489683573,28.93204898533743,76.74388515443412,Sp2329-1607
35215.995983557405,None,2.779054338114163,51.37474175614367,18.71238460393154,37.471342719376956,65.2159959835574,Sp2329-5408
41753.55796505585,None,-2.3101461139450645,53.63030383412586,15.813929809603895,37.35758621200621,71.75355796505585,Sp2330-4736
147574.4738466264,None,-45.04451688889373,30.078067525754623,-15.285519777217207,12.701836580426185,44.75744738466264,Sp2331+1552
347320.35181637784,None,-34.01574573957231,43.84084220374753,-5.636541174277965,23.59915977215563,64.73203518163778,Sp2331-0406
58428.7125782016,None,-17.4715939366397,54.3486399559439,6.242574373864324,33.60657603459883,88.4287125782016,Sp2331-2749
-0.5,None,-38.85503148200532,-17.476084088386706,-30.574963711988094,-22.04551761826703,-14.303087305695712,Sp2333+7456
52190.78526575636,None,-22.447741546228297,53.06934152659762,2.6369705997596693,31.94126917012963,82.19078526575636,Sp2333-2133
110784.85677683496,None,-47.2260723097329,27.7533983753387,-17.58115004873318,11.129177396310888,41.078485677683496,Sp2334+1933
330130.3582659039,None,-35.905375785255046,43.57611322333983,-7.389569897327194,23.61310304681363,63.01303582659039,Sp2335-0223
120407.38423447714,None,-47.20530530641074,28.744463951280707,-17.507129892760048,12.015149145891135,42.04073842344771,Sp2336+1835
87321.59612548145,None,-48.51894896071634,26.227343625177983,-19.015526282873147,10.102173206513338,38.732159612548145,Sp2336+2153
-0.5,None,-51.23620017197257,8.26464289987247,-26.929804287943774,-3.5467182570977918,16.539094764794786,Sp2337+4405
401773.86472554173,None,-31.574198793877624,48.29465433020977,-4.229046907399793,27.618067893644753,70.17738647255418,Sp2337-0933
-0.5,None,-45.10665485846384,-8.178483794644482,-30.579087095604454,-15.533793341657944,-3.2451628428970203,Sp2338+6352
433994.9330392136,None,-29.630437797188055,50.35630215207872,-2.9289921317973566,29.45275264647465,73.39949330392136,Sp2338-1246
51119.27048200272,None,-24.03106423067197,53.7743901906082,1.0806451342732375,32.6241753028678,81.11927048200272,Sp2338-2029
41933.52211796025,None,-3.3027181179792104,54.984131771588,14.523500209830859,38.70123251117573,71.93352211796025,Sp2338-4726
-44887.13162946773,None,-51.86460320907998,15.902217425083784,-24.573348953518785,2.371195914124834,25.511286837053227,Sp2339+3507
59235.871953567934,None,-18.250475833906087,57.2200730092201,4.5834166915462395,36.54117800878515,89.23587195356794,Sp2343-2906
174134.58261665652,None,-46.67612996668602,34.17497298544109,-16.94241985345106,16.85172720922904,47.41345826166565,Sp2344+1312
38177.59404088123,None,-34.17244455909399,48.518318287402856,-6.7004243706583955,28.13705166160004,68.17759404088123,Sp2344-0733
-0.5,None,-43.65849627782867,-11.173559019359496,-31.57533192909214,-17.31211955634223,-7.345613620163439,Sp2345+6758
191445.89145473696,None,-46.26134121943245,35.822876083169774,-16.6035014047866,18.285675090166098,49.144589145473695,Sp2346+1129
35962.28781728506,None,-52.37162231449696,23.55570249944113,-23.33367315943965,8.845437965606422,33.596228781728506,Sp2347+2702
37274.291758953186,None,-35.47667905694768,48.70879778473964,-7.968830305724463,28.499222050650165,67.27429175895318,Sp2347-0638
57772.79807289129,None,-17.003436094825272,58.61143714645873,4.948167667430407,38.2274364677187,87.77279807289129,Sp2348-3134
44350.40370115847,None,-30.78272729609304,53.11980152685398,-4.689696725110192,32.249850043758244,74.35040370115847,Sp2349-1344
225156.9073522542,None,-45.27635765879331,39.01015391742612,-15.877904275353455,21.05159527301034,52.51569073522542,Sp2350+0806
447.3255351291492,None,-53.800943687486004,21.403722370461534,-25.245219295998737,7.458371631964374,30.44732553512915,Sp2351+3010
50780.88694482686,None,-26.469154495994065,56.69304409438651,-1.908716638736721,35.54876036982838,80.78088694482686,Sp2352-2009
39187.62619501126,None,-35.2296668401695,51.07692325782804,-8.280098630356294,30.76150141232351,69.18762619501126,Sp2353-0833
18107.741560878843,None,-54.307619299743365,22.956156245640983,-25.471390738910834,8.916325887156,31.810774156087884,Sp2354+2849
49497.62096754398,None,-27.78431123515413,56.645263416201836,-3.033747172053565,35.53463876289485,79.49762096754398,Sp2354-1852
56098.128657648704,None,-16.380160297073104,59.9196182962333,4.827659857538721,39.785699038043596,86.0981286576487,Sp2354-3316
26169.684216752936,None,7.956446405052398,49.415164445497155,19.647072306553028,39.623253205124755,56.169684216752934,Sp2354-6312
31371.531683018668,None,3.638650468870967,52.6665382901394,17.17097737785236,40.74513034321168,61.37153168301867,Sp2355-5800
54914.17786763777,None,-15.698248748135399,60.359997036636415,5.088609440021124,40.43632762274091,84.91417786763778,Sp2356-3426
50890.012550758045,None,-12.513892442760175,60.229668511274795,7.114579483379802,41.23671055685651,80.89001255075804,Sp2356-3827
-0.5,None,-55.30731517658988,13.508701063217242,-29.431213247146008,1.7611211506149989,20.435458664497087,Sp2357+4011
-0.5,None,-50.22446618178481,-1.4819082469421045,-32.41562746266329,-9.694775574960252,3.1643990639389163,Sp2357+5727
26610.305517091918,None,7.315627782077838,50.071687208418936,19.014025985675,40.19939992523456,56.610305517091916,Sp2358-6245
6987.808476039028,None,-53.97090639869235,27.824063472977432,-24.44657113426364,13.021080412398849,36.98780847603903,Sp2359+2338
50753.497154892626,None,-27.565125872285773,58.22752701473161,-3.3433092368935786,37.09665864916732,80.75349715489263,Sp2359-2007
5957.042262726557,None,-19.99972157958895,60.63052452648287,1.9395556524221083,39.91559297882385,89.57042262726557,Sp2359-2932
