priority,set or rise,alt set start,alt rise start,alt set end,alt rise end,max_alt,Sp_ID
4799.552533815897,None,-2.4683158792556172,30.36573203658317,58.168235792266366,-9.640754839394933,77.99552533815897,Sp0000-1245
196546.35182036713,None,-14.35663202216619,17.359586086522885,39.337742765532084,-21.427306935498482,49.654635182036714,Sp0001+1535
33987.882398957496,None,-8.852268143812122,24.845768681385525,49.78551542343224,-15.59375110845673,63.987882398957495,Sp0002+0115
-0.5,None,-25.793808948329165,-7.480684015802217,2.3834390963371845,-29.10768516963822,6.532639984963006,Sp0004+5843
52378.70946450265,None,-1.4991271745767578,32.89284832298657,58.90607326446627,-6.602837183246341,82.37870946450265,Sp0004-1709
56175.873203367555,None,0.25192726619267786,33.98149061961099,60.053623729402744,-4.838292118069435,86.17587320336756,Sp0004-2058
44009.35943701201,None,8.89480007070595,37.19432876358235,58.73886520438532,4.6996883705880546,74.00935943701201,Sp0004-4044
32952.073262555125,None,-9.945106681886744,25.001505837709562,48.55251383002894,-15.365846076706923,62.952073262555125,Sp0005+0217
57129.52035226375,None,0.45554124146603103,34.501100364848774,60.01387111804348,-4.140201723499376,87.12952035226375,Sp0005-2157
30590.05547899225,None,-11.242065676500594,24.153457146345545,46.669158061238875,-16.031146438223093,60.59005547899225,Sp0006+0439
42779.759379152,None,-6.130405052052638,29.764789565603152,54.24794013296213,-10.686642007308661,72.779759379152,Sp0006-0732
59600.22458085761,None,1.5286715077338828,35.55277298261702,60.196241771840526,-2.4301119186534454,89.60022458085761,Sp0007-2458
6051.346782959378,None,-20.668434947683828,11.069958699923307,27.249479705254476,-24.001613046049012,36.05134678295938,Sp0008+2911
-0.5,None,-25.30790138076903,-1.2196412416361848,10.202954585781308,-27.89551581535384,15.934501219542215,Sp0008+4918
-0.5,None,-26.004247572497817,-4.68858787629612,5.410135408720239,-28.39500774102659,10.355231945689809,Sp0008+5453
43022.049252326324,None,-6.863854224404967,30.716067396763172,53.586126739757454,-9.74368993222452,73.02204925232633,Sp0010-0746
55755.385284142976,None,-1.0616817035846007,35.04452357752975,58.73953685035733,-3.9624776250869744,85.75538528414297,Sp0010-2031
-0.5,None,-26.77833339472308,-6.980415956389814,1.5391386168973653,-28.15964505908155,6.104137389170927,Sp0011+5908
51157.44035163124,None,4.622574701878438,37.91809644650387,59.2539834354215,2.4224635794997176,81.15744035163124,Sp0011-3334
-0.5,None,-26.230171192599162,-2.443136692863529,7.622925505896328,-27.611686535599976,13.259280733700232,Sp0012+5159
-4.956018387583498,None,-24.325080511144307,5.005205308430425,17.591749070354652,-25.78424057949095,25.043981612416502,Sp0013+4012
402055.6914437738,None,-8.8335154273361,30.266492762533286,51.36311462185834,-10.266943828549389,70.20556914437738,Sp0013-0457
57820.1488546191,None,-0.9414207715693701,36.48769204808999,58.28804655871638,-2.1782686296796645,87.8201488546191,Sp0013-2235
51982.99128891883,None,3.6851618031910207,38.45467685629639,58.71444623996766,2.605928284388199,81.98299128891883,Sp0014-3245
36014.762843693046,None,10.6310985154625,38.778172802510106,53.69613037392268,10.0195091735866,66.01476284369305,Sp0014-4844
-17.894621852867942,None,-23.70273315037391,8.49953854664132,21.423289200674787,-24.180034722794606,29.982105378147132,Sp0015+3516
-0.5,None,-25.23252078765149,3.7916200611765567,15.300738941437373,-25.8414076655811,22.592108804628335,Sp0015+4239
43835.359621406424,None,6.816173147251034,39.59278748220711,56.41896567319433,6.90246054902512,73.83535962140643,Sp0017-4054
20813.11729652603,None,16.37154868564557,36.08390832469762,44.371222803789536,16.730768619039296,50.81311729652603,Sp0018-6356
34736.52804646082,None,-12.409456769193145,28.961702353944496,47.02305760567541,-11.404611201389304,64.73652804646082,Sp0019+0030
30402.133524945115,None,-14.278554705381595,26.860130300812436,44.17017664012234,-13.149182436582713,60.402133524945114,Sp0019+0450
-0.5,None,-27.378121807988393,-1.717019545889606,6.829900603643395,-26.51284337001853,13.028265168445714,Sp0019+5213
47334.743688580034,None,4.80257311790249,39.98019998468693,56.86681649862871,5.744824143791849,77.33474368858003,Sp0019-3724
21641.21081862156,None,-24.10868298720488,10.63144409319207,22.653070377271728,-22.676692182518433,32.164121081862156,Sp0020+3305
57163.20743307942,None,-2.6150104160996963,37.80745723962527,56.64536575792534,-1.1174814046168926,87.16320743307942,Sp0020-2155
42006.92964082654,None,7.0101173486962844,40.276425565775206,55.1556465021012,8.359085400388219,72.00692964082654,Sp0021-4244
20900.26468359163,None,16.06653788251151,36.39096486259603,44.205745702655356,16.974165508357576,50.90026468359163,Sp0021-6351
231972.0529780102,None,-17.754860203972264,23.569789009965394,38.667836208959294,-15.376196797122986,53.19720529780102,Sp0022+1203
37210.55548195298,None,-12.523596903941991,31.286288050522582,47.47571605873716,-9.171078129745974,67.21055548195298,Sp0024-0158
57512.3359485335,None,-0.9764262477301908,39.87279685990397,56.4671337064237,2.0801500637511965,87.5123359485335,Sp0024-2708
-0.5,None,-28.365643690539986,-2.497388883617834,4.5719920575772734,-25.9462206619301,10.867106541287182,Sp0025+5422
287091.22724720207,None,-16.608024185483533,27.502831437471688,41.70126819946963,-12.197921706618455,58.70912272472021,Sp0026+0632
30270.260634819573,None,11.46802038155899,39.666422632832735,49.200511180602625,14.092957959053239,60.27026063481957,Sp0026-5428
129238.94289624151,None,-22.6188348720441,18.62730759480749,30.130803270431702,-17.82696615699003,42.92389428962415,Sp0027+2219
30722.63722788437,None,11.206406657105017,39.83270419294058,49.377472841507576,13.979003052096974,60.72263722788437,Sp0027-5401
12431.925245259245,None,-22.86540605809594,18.400328341638097,29.693315005503848,-17.90304299023443,42.431925245259244,Sp0028+2249
223290.4643434882,None,-19.646733156819266,24.469324520182305,36.86466210302131,-14.146804683471336,52.32904643434882,Sp0029+1255
12499.60685735315,None,-23.294985906830394,18.81745805622821,29.438190513690376,-17.431810923247408,42.49960685735315,Sp0030+2244
284128.4587225377,None,-17.91610239741318,28.441835880077765,40.53271932614114,-11.12554252107703,58.41284587225377,Sp0031+0649
46059.37102344045,None,3.3803195377580155,42.302394555616715,54.36055795240673,8.364049301002842,76.05937102344045,Sp0031-3840
32924.89432313072,None,-16.095111470465433,30.858595084866593,43.37073943587538,-9.237902237908884,62.92489432313072,Sp0032+0219
578.1177120309479,None,-25.622243571086607,14.882812530720651,24.004063402820513,-19.2181024180551,35.78117712030948,Sp0032+2927
50602.54705092454,None,-8.386429429653512,38.754714118654974,51.87783733962268,-1.3468923088314582,80.60254705092454,Sp0033-1521
-0.5,None,-28.472793892250735,7.719222058905902,14.734880562097961,-21.92157192658475,24.417326751664895,Sp0034+4050
643.4585656706347,None,-26.185575717601896,15.882136521986633,24.026370385654015,-18.293946790123456,36.434585656706346,Sp0035+2848
168953.10103431178,None,-23.172640264430797,22.611516099566572,31.775138408276057,-14.592991628578762,46.89531010343118,Sp0036+1821
55745.92076063517,None,-6.582904785070502,41.06897987930032,52.66829906687496,1.6245484638917191,85.74592076063517,Sp0036-2031
-3.9259672939217367,None,-28.809452372963456,9.293794453841295,15.68219892137895,-20.90723176653953,26.074032706078263,Sp0037+3910
215566.62287323974,None,-22.817353651315777,26.523025396774127,34.099378072812286,-11.579728928266725,51.556662287323974,Sp0041+1341
28397.99707919301,None,10.502239838780264,41.16206953851363,46.46268885323144,16.705961592199994,58.39799707919301,Sp0041-5621
42461.78416876158,None,-14.217142690400845,37.698135199526426,46.4159203344913,-2.8332364326503177,72.46178416876158,Sp0042-0712
108106.12907215294,None,-26.680511382037977,20.06573635248558,26.167534822692815,-15.181638475957131,40.810612907215294,Sp0043+2426
-0.5,None,-31.09680228855173,-1.7427422139626014,1.5381258446698267,-23.522563152959776,9.071270029665534,Sp0044+5610
486625.54310379096,None,-0.43287827978650456,45.21258127343623,51.858883893208116,9.955762431255915,78.6625543103791,Sp0045-3604
323814.48334890144,None,-19.534718688828907,33.588205609432535,40.21412414797408,-6.243771517322353,62.381448334890145,Sp0046+0252
500470.02549890365,None,-1.2930027004156923,45.3624412088575,51.79624748090743,9.560448381109895,80.04700254989037,Sp0046-3442
41841.17743798194,None,-16.009950459912826,38.951531527263185,44.62616506614033,-1.556116760196362,71.84117743798194,Sp0049-0635
508654.04040721897,None,-11.824937603487447,42.711232744174396,48.12870379041782,2.4744339532747635,80.8654040407219,Sp0050-1538
55358.312962826065,None,-9.495150106254446,44.001035451450264,49.528677753944535,4.309216808826712,85.35831296282606,Sp0050-2008
165102.44493157906,None,-26.679406416744605,25.147737692819064,28.97717677191867,-11.414861490573232,46.510244493157906,Sp0051+1844
580048.8738708561,None,-8.340489202296308,44.93219008555506,49.87960553973183,5.690978100368626,88.00488738708562,Sp0051-2251
580671.7669500944,None,-8.356214357346113,44.99045737690679,49.84220652824377,5.7556953541814275,88.06717669500944,Sp0051-2254
-0.5,None,-30.921079099641336,-9.056758130424523,-7.835916570345849,-24.115631860250936,-2.1479117049399745,Sp0052+6724
576336.1411989474,None,-6.417041079813029,46.049824250345665,50.2246503771105,7.735975100645806,87.63361411989474,Sp0052-2705
227172.83138617943,None,12.12340201269095,40.31782723463011,42.439701584874186,19.71816936006465,52.717283138617944,Sp0052-6201
-0.5,None,-32.57734206028729,3.883762314551263,5.691771223339524,-20.811753244496185,15.539651182358828,Sp0053+4942
-0.5,None,-32.61159715359416,3.675396613045453,5.4287491276246,-20.856687600186028,15.22355657949374,Sp0053+5001
482294.42161916057,None,-1.4646313846866148,46.6942830923932,50.33935058041479,11.49722919817406,78.22944216191605,Sp0053-3631
538798.6848216343,None,-4.811316832610865,46.93314095620888,50.063490792592376,9.66398044304115,83.87986848216343,Sp0055-3052
299094.58269098087,None,8.101799254639324,43.449555688802704,45.44100076661235,18.027136638017712,59.90945826909809,Sp0055-5450
-0.5,None,-33.40616989423468,5.277229575988427,6.0042359775386585,-19.718470644834856,16.662709750876754,Sp0058+4835
421020.4986560038,None,-17.911013140243803,41.122180689577604,42.718420004659265,0.6404972201171101,72.10204986560038,Sp0058-0651
-0.5,None,-33.15476603949747,-1.1769838532899546,-0.7881501164429843,-21.655328361667998,7.820790443072517,Sp0059+5726
-0.5,None,-33.815302203892216,2.4130232220459056,2.419280113839118,-20.31673811506917,12.3513216656702,Sp0102+5254
471122.7384149082,None,-2.448426174634752,48.53731693791967,48.35838633543221,13.674160228370392,77.11227384149082,Sp0102-3737
213697.9115441614,None,11.841682849615832,40.71556795840556,40.77567601283251,21.157403653084913,51.36979115441614,Sp0102-6322
8814.69480668929,None,-31.509344612394838,21.984463591379637,21.62737888298487,-11.73950390881017,38.81469480668929,Sp0103+2626
-0.5,None,-34.074828743056834,8.317803283002352,8.087848490864273,-18.059366354462917,20.094234089485155,Sp0103+4509
359821.1696621226,None,-21.757669926005548,39.089054681900635,38.71512193925323,-0.8962456748047193,65.98211696621226,Sp0103-0044
308838.48924663407,None,6.568969358557828,44.91274080426929,44.71204165274376,18.888623741685716,60.883848924663404,Sp0103-5351
20292.084288243677,None,-28.41100431493592,30.014603678574012,29.1487957806816,-7.018049822721068,50.29208428824368,Sp0104+1457
251935.02005921587,None,9.35266998389375,42.961393677517556,42.079609711749036,20.76651292401904,55.19350200592159,Sp0106-5933
10663.37328951954,None,-31.86435322877034,23.877502841349585,22.299740773634625,-10.268858154501116,40.66337328951954,Sp0107+2435
28816.764327360885,None,-26.20016770844059,36.24346437288956,33.508361507706766,-2.5283139499490566,58.816764327360886,Sp0109+0625
54280.666468557894,None,-33.54295804400882,20.48284251526593,18.31087088475684,-11.765868783236808,35.42806664685579,Sp0109+2949
389666.3433784426,None,-21.844519102616204,42.056348381168995,38.78998987246922,1.859165917219178,68.96663433784425,Sp0109-0343
348311.7641773515,None,3.586331757728314,47.142529868179864,45.083022651526186,18.66973159651092,64.83117641773515,Sp0109-4954
337327.4272143197,None,4.232189765594709,46.7546261075417,44.79391538714063,18.95583342709831,63.73274272143197,Sp0109-5100
356093.5582242833,None,2.787587796972876,47.80051661250873,44.872639191094024,18.863088194636926,65.60935582242833,Sp0111-4908
493911.04373620084,None,-17.482618955927634,47.53842501048743,42.26250384359148,7.056545295898385,79.39110437362008,Sp0113-1408
198121.07460632164,None,11.36706673793476,41.256525945474394,38.6390643408167,23.02167445395559,49.81210746063216,Sp0116-6455
173670.14579627174,None,-32.198746391692445,30.246171540825554,24.978908044573735,-5.466563166167279,47.367014579627174,Sp0117+1752
480348.280156429,None,-18.900919353826662,47.81071467611105,40.99765274063711,7.284440896626447,78.0348280156429,Sp0117-1247
429381.5810555297,None,-22.269378898527037,46.369232214411184,38.17992920619131,5.976404790158674,72.93815810555297,Sp0120-0741
399614.3585711526,None,-1.0872091202045508,50.654558802456656,44.146805628541934,19.205743558302405,69.96143585711526,Sp0121-4447
420683.73427814036,None,-2.773097838166868,51.70282048161493,43.90151591643134,19.101171983661146,72.06837342781404,Sp0123-4240
-0.5,None,-33.60833460873748,-7.793819094572074,-10.571283128500225,-21.305998395011137,-3.065588808650974,Sp0124+6819
-0.5,None,-27.657872760812868,-19.786380694827425,-20.703902192424454,-23.982835122581616,-18.315224862835123,Sp0124+8334
508161.85391690483,None,-8.177993601179264,53.17272309793751,44.00047182883877,16.5548077141854,80.81618539169048,Sp0124-3355
64569.152105836096,None,-36.69530778782243,23.522560995236457,16.50613706280384,-8.226693795866495,36.45691521058361,Sp0125+2847
209345.16880716977,None,-33.150398865991626,34.34139327903952,25.405037767329926,-1.9399300143618297,50.93451688071698,Sp0126+1419
530753.528057953,None,-10.044310364329364,53.88780418192787,43.2018599298608,16.422893932142028,83.0753528057953,Sp0127-3140
33064.781854269444,None,-28.687577856739434,42.62482526478009,31.824218779090565,3.5974986877537654,63.06478185426944,Sp0128+0211
178897.6355890405,None,-34.97646842757888,32.79887935780929,22.875693315994948,-2.43322887961277,47.88976355890405,Sp0130+1721
374409.24652306974,None,-27.146400499211293,45.65448013867007,33.486749240225244,5.964211559910146,67.44092465230698,Sp0130-0211
399761.05737268383,None,-2.4127655604229785,52.250638212383244,42.49625609379508,20.80787796847097,69.97610573726838,Sp0130-4445
93811.4467609433,None,-37.82930932216088,26.875802905398665,17.07531642482625,-5.442944874774778,39.38114467609433,Sp0132+2552
444226.7507590859,None,-23.900988861573463,49.55207067060813,36.243504777898615,9.152157944167831,74.42267507590859,Sp0132-0910
518098.2436246465,None,-10.397334277730126,55.272043403911276,41.892095544829495,18.18235706937223,81.80982436246465,Sp0134-3255
231641.60177243844,None,-34.4247248502044,37.489801597367965,24.911686174597392,1.0193661789334132,53.16416017724384,Sp0135+1205
113932.62206516048,None,14.837861188659685,37.30730654473024,33.18249225297122,25.632497359824622,41.39326220651605,Sp0138-7320
532065.3922114494,None,-20.34818750583258,54.47803891006682,37.83278468315822,14.07489555871474,83.20653922114495,Sp0139-1757
17178.235874025566,None,-37.680194471509495,34.03517246035378,20.35598620986115,-0.38466509596138043,47.17823587402557,Sp0141+1804
594277.5380410989,None,-16.94793203618355,56.423064518455035,39.018307401485536,16.81444879692066,89.42775380410988,Sp0141-2417
-0.5,None,-40.475937898453125,7.574590809947684,-1.1728487373986825,-13.643882633157254,13.898888861121357,Sp0144+5121
425262.93450995255,None,-27.503783456426024,51.299659839712994,32.669704122639104,11.196789157335925,72.52629345099525,Sp0144-0716
543045.2015302741,None,-14.353133158840826,58.435947764388416,38.55922798829276,20.326458087418597,84.30452015302741,Sp0148-3024
225796.44338767594,None,6.857760659147367,45.76612485624257,36.32841596726706,26.260125963620926,52.579644338767594,Sp0148-6209
-0.5,None,-37.58167583675357,-2.9914845033923765,-10.1251974384604,-17.526175426395294,0.8808621904388744,Sp0151+6423
361262.74182778643,None,-32.355652182274234,49.10746058232709,28.24033410091882,10.174956713363741,66.12627418277864,Sp0151-0051
202265.2051384977,None,8.235948368091222,44.37056412284507,35.384745986712495,26.639873028119414,50.22652051384977,Sp0151-6430
-0.5,None,-43.272682946808736,15.434994542349477,2.8168942898937797,-8.800214398009365,22.17466602064723,Sp0154+4305
254244.3982240937,None,-37.96705145753279,42.434483949380684,22.162343940905807,6.301380849273048,55.42443982240937,Sp0155+0950
317257.717087898,None,-35.6299629410456,47.22214168133752,24.990677244715048,9.474650612454198,61.7257717087898,Sp0156+0331
-0.5,None,-37.00978835626881,-4.922837802874284,-12.083750582585603,-17.928202559920376,-1.6691157847468159,Sp0157+6656
1714.4097478474598,None,-41.5947118905238,36.60972504686525,16.988865100431717,3.2569481684904633,47.1440974784746,Sp0158+1807
411619.48878619797,None,-31.59889035066232,53.917260934201835,28.466613414296166,14.302975985751726,71.1619488786198,Sp0200-0554
24919.24004427976,None,-39.795237711891076,43.24660501027377,20.38736366196817,7.66312242689462,54.91924004427976,Sp0202+1020
-0.5,None,-35.56267226217255,-8.145171685961898,-14.750363122389292,-18.89820770664264,-5.6294871911579145,Sp0202+7053
481912.4397373996,None,-12.650766562647874,60.798858535205966,36.08713502780155,25.098071365153704,78.19124397373996,Sp0204-3632
449820.5562091404,None,-10.393294309437653,59.805493865871135,36.36937383536853,25.76647999508775,74.98205562091404,Sp0204-3945
2240.4339065789877,None,-41.393970014798555,41.750332803157015,18.480563240636425,7.122195136965567,52.40433906578988,Sp0205+1251
421546.7715105946,None,-31.94396323016269,55.37513276529415,27.889547459346304,15.698462743026685,72.15467715105946,Sp0205-0653
21331.455775580038,None,-42.35574409162616,41.29325436414091,17.39070936616901,7.175969678524232,51.33145577558004,Sp0207+1355
547930.6497651702,None,-17.753517492949427,62.5887458119223,34.402091509124034,24.155185300562078,84.79306497651702,Sp0207-2955
473685.1835605495,None,-12.482244563886995,61.12008752992184,35.60166303906915,25.83651511866019,77.36851835605495,Sp0207-3721
95487.30530585637,None,-45.638160096856424,31.736690155597444,10.786250596663672,1.7696566919341166,39.54873053058564,Sp0208+2542
-0.5,None,-44.47468930692691,10.798632279761424,-3.1793692581469517,-9.5934759125397,15.450060057800858,Sp0208+4949
322613.0523598344,None,-2.055594389260029,54.3447221308989,35.12672776123894,28.626325681002097,62.261305235983436,Sp0210-5228
497230.6937359515,None,-28.59148641380963,60.43816312481786,29.400338668199062,19.9822875863749,79.72306937359515,Sp0211-1427
24719.228552027296,None,-42.24526587088712,44.73612590576449,18.065101372269652,9.86381897703984,54.719228552027296,Sp0212+1032
107132.2831056429,None,-46.31703976767317,33.19560961444323,10.690719740038718,3.1131657289865737,40.71322831056429,Sp0212+2433
458749.37212391174,None,-31.19305152045378,58.881780093072436,27.732622508902175,18.79760577822108,75.87493721239117,Sp0212-1036
-0.5,None,-46.48792090114211,15.707955341031154,-0.9730539939563663,-6.442502957528647,20.524324148418923,Sp0213+4444
489845.61794951477,None,-29.517971740292868,60.657566005734985,28.58274181680077,20.267723983288445,78.98456179495147,Sp0213-1343
392235.54617290676,None,-35.47511525650494,55.42832538715433,24.59375256468228,16.57993131873414,69.22355461729067,Sp0214-0357
540325.8008937914,None,-18.372711396853504,64.1078474276677,32.986223882461125,25.88279177411977,84.03258008937914,Sp0215-3040
21679.496071297188,None,-44.25047581020523,42.865278535580096,15.727216763341671,9.248284453918515,51.67949607129719,Sp0216+1335
572275.2176108534,None,-24.573012326814283,63.98901991638157,30.63498042145521,23.70394424215503,87.22752176108534,Sp0216-2200
-1714.574089686174,None,-48.23758837605078,24.28523767307665,3.7251443833987876,-1.2938714488649494,29.828542591031383,Sp0217+3526
415658.57288890146,None,-35.09892797768135,57.812964918263035,24.502371851133404,18.61690974307919,71.56585728889014,Sp0218-0617
531760.9989208421,None,-18.24291081155755,64.7019765116866,32.45469548478957,26.79453896195083,83.17609989208421,Sp0218-3133
-0.5,None,-42.69617313942002,3.0186857916570893,-9.924596972040828,-12.448089641144866,5.9492833446070446,Sp0219+5912
549097.7927101976,None,-26.7108418019928,64.12703400016285,29.23675737642786,23.63616225606111,84.90977927101976,Sp0219-1938
4702.0458995488925,None,-49.197534852121805,29.07132220672862,5.573592959788151,2.028687308631981,34.70204589954889,Sp0222+3033
571349.0015355567,None,-21.769061682320793,65.9724671094454,30.67421981420447,26.698597955282224,87.13490015355568,Sp0222-2732
478505.3469411619,None,-14.921094607471543,64.12427185474893,32.55929836039658,28.682930119291175,77.85053469411619,Sp0222-3651
-0.5,None,-41.773006535215195,0.39275271029955483,-12.162724228950983,-13.33824246776707,2.7767388356503315,Sp0225+6229
-0.5,None,-47.2123624294181,11.45854441065081,-6.191136873411113,-7.225723228132083,14.693716699054573,Sp0227+5034
516708.99038808927,None,-30.242347953410675,64.75697570901144,26.45363991662279,24.281581600010732,81.67089903880893,Sp0227-1624
199345.0369608423,None,5.781764334594085,46.64704391995535,31.578442339943972,30.466088559866744,49.93450369608423,Sp0227-6447
32079.4871192021,None,-42.26396008094552,52.858002151896024,18.285987068634732,16.632405665366544,62.0794871192021,Sp0228+0310
186089.15610800651,None,-48.06687115270192,41.93398113644706,11.623789461990233,10.338128486077183,48.60891561080065,Sp0228+1639
213089.41429710537,None,4.617756814014753,47.86944731252347,31.61409166894404,30.78194224489131,51.308941429710536,Sp0228-6325
-0.5,None,-47.92942874962656,12.895405411656812,-5.613584726016038,-6.278868897404641,16.159601730997124,Sp0229+4906
184664.24990635028,None,-48.50139203925343,42.017861813040966,11.19642700488982,10.619193997555445,48.466424990635026,Sp0230+1648
451555.31760198344,None,-35.19317679433637,62.29510180225096,23.2616768878595,22.714062147951484,75.15553176019834,Sp0230-0953
571404.7127997045,None,-27.31673404067402,67.56447633089117,27.074032835983797,27.165440320143464,87.14047127997046,Sp0232-2152
131192.3305941349,None,-50.62107438006018,37.708261799393554,7.8466510469914965,8.534795102843573,43.11923305941349,Sp0233+2209
369.71692352579237,None,-51.592320549119826,29.22190905189849,3.0370219362355986,3.5306479185937936,33.697169235257924,Sp0233+3134
-0.5,None,-43.863486068488044,2.9182476054389506,-11.936065647416404,-11.287074825815978,5.068762344716486,Sp0234+6012
-0.5,None,-42.31296192869237,0.1252130913055647,-13.488588031702562,-12.734251166706368,2.0360265608823567,Sp0235+6314
501477.6833223489,None,-18.612352762678984,67.72322069768634,29.224805374215077,31.21883299426407,80.14776833223489,Sp0237-3434
528624.7999757081,None,-31.591047743766797,67.9775672865208,24.03681786203636,27.501554470404322,82.86247999757082,Sp0239-1735
278100.7716162344,None,-47.00832913173141,51.22737580239705,13.624489836689406,17.314601386629022,57.81007716162344,Sp0240+0727
-0.5,None,-47.34468208828573,8.343553225465342,-10.047650737734257,-7.6730573062837975,10.534695131558845,Sp0241+5444
43305.926109701984,None,-13.918464422663536,65.36861156192329,29.402608617292774,33.10413251156379,73.30592610970199,Sp0242-4124
32175.192442115316,None,-5.104569047751628,57.70059049097185,30.273198214544276,33.479919535929156,62.17519244211532,Sp0242-5232
-0.5,None,-50.495140878409416,14.845641297381107,-6.9825504003160415,-3.7036886172713164,17.349918594326827,Sp0243+4755
48922.80010904643,None,-18.584117171615603,68.59380428410294,28.03919912052773,32.85305154229632,78.92280010904643,Sp0244-3548
188572.0293400751,None,-52.04375865527983,44.21671647401462,8.02011695299456,14.146988273972239,48.85720293400751,Sp0246+1625
402630.88886762416,None,-41.27211606735771,61.97248577770379,17.77950240391919,24.267692420186602,70.26308888676242,Sp0246-0459
6427.382366722206,None,-54.70432970565674,32.99890737453889,1.6828405382673348,7.687002415893918,36.427382366722206,Sp0247+2850
16002.222876551614,None,-53.35428262534066,41.852571987621566,6.221170327399597,13.047440430944697,46.00222287655161,Sp0248+1916
52112.22785488297,None,-33.61745792053419,69.62771681158809,21.769711916746985,29.283821403374894,82.11222785488297,Sp0248-1651
57054.57385017792,None,-30.18057518683124,71.56792208036572,23.135694780189983,31.081561316269728,87.05457385017792,Sp0249-2147
53192.07075664356,None,-22.61241039184335,71.13278785905014,26.030132346814334,33.21594708135178,83.19207075664356,Sp0249-3131
434218.03923582315,None,-39.93358650025995,64.87442402557657,18.198090166483315,26.417313925191422,73.42180392358232,Sp0250-0808
344866.9709544916,None,-45.77805234161601,58.27071061345223,14.199488123274717,22.849150859816536,64.48669709544916,Sp0251+0047
391592.02253920666,None,-42.939069834084854,61.974287480063424,16.185207557300902,24.926523614293306,69.15920225392067,Sp0251-0352
343389.25448532664,None,-46.11048179627258,58.32540872595603,13.861883528112486,23.05263011108952,64.33892544853266,Sp0252+0056
-0.5,None,-51.00823894678453,13.176306570149801,-9.495448814209974,-3.684189741200139,15.035676485560037,Sp0252+5014
18398.00636266699,None,-53.652356175887725,44.46631318713251,6.444697234842684,15.213913093264344,48.39800636266699,Sp0253+1652
8054.03562171383,None,-55.82087255515694,34.95578133686494,1.414910441709647,9.601571644971202,38.05403562171383,Sp0253+2713
58785.287566114195,None,-29.31893334833281,72.6826236076856,22.947137326843123,32.351364712816164,88.78528756611419,Sp0253-2336
4735.075414283258,None,16.573220297020104,34.11237327398346,26.99553089291388,28.68128924309298,34.73507541428326,Sp0253-7959
54817.68030734281,None,-32.47735352964004,71.87421874546514,21.4979149774755,31.36187084475246,84.81768030734281,Sp0254-1934
37699.61233836797,None,-10.757096709731831,63.233471688401,27.854418883476793,35.625561620211705,67.69961233836797,Sp0255-4700
-0.5,None,-55.22681774310078,22.07614866803985,-6.075749153777963,2.31566515171287,24.09384078801636,Sp0257+4111
-0.5,None,-50.38602474822956,10.874785731400685,-11.352636081610804,-4.6084334334974715,12.400123620053686,Sp0257+5253
53621.41596046052,None,-23.997479560750378,72.90670268657479,24.253614071939484,34.841117248784556,83.62141596046052,Sp0257-3105
12369.738707930332,None,-56.709409009143904,39.50258613415969,2.1982456692185104,13.228106255188594,42.36973870793033,Sp0259+2254
40360.90595935194,None,-13.402501126580132,65.76497617036513,26.685403687503012,36.43861567437319,70.36090595935194,Sp0259-4421
-0.5,None,-54.746428975090566,19.28837352030465,-8.008610969222868,0.9473134484735181,21.002516756463624,Sp0301+4416
44863.08736362425,None,-17.406098565089266,69.30103423860122,25.393148113535283,36.7803736847931,74.86308736362425,Sp0302-3950
59855.313586102,None,-30.140284349774973,75.29517053751815,20.851028076168415,35.04294097508841,89.855313586102,Sp0304-2435
57883.46826408285,None,-28.573504774781078,75.61038620339887,21.221676947929083,35.86555215604225,87.88346826408285,Sp0306-2647
47912.333542350265,None,-20.38699428223391,71.87053554310108,23.929795171222164,37.374324887715545,77.91233354235027,Sp0306-3647
-0.5,None,-48.998372365143126,6.9583311944394985,-14.466936209968019,-6.151682602021912,7.96232713445051,Sp0307+5719
49189.33592798078,None,-39.18478785564043,72.2828508808967,16.009697081035135,33.01974677222645,79.18933592798078,Sp0309-1354
47734.54219166226,None,-20.568249137171676,72.23034719425208,23.389766277805585,37.9873508849413,77.73454219166226,Sp0309-3658
32713.02424111344,None,-50.62462383787664,59.181031094824625,9.186127454892693,26.160958811085994,62.71302424111344,Sp0310+0234
27840.2965405391,None,-53.37485684989164,54.77034348707414,7.068885713035156,23.70757167282553,57.8402965405391,Sp0310+0726
56766.50030884278,None,-28.182957321821693,76.38241224128238,20.685297843230135,37.010451117818356,86.76650030884278,Sp0310-2756
34178.81958905167,None,-49.96288491233041,60.62109107762514,9.54458286838096,27.13036653339944,64.17881958905167,Sp0311+0106
52049.57212580281,None,-24.46057263445448,75.08754199953394,21.761530561451487,38.07102275608438,82.04957212580281,Sp0311-3239
19232.57072140268,None,-58.117219826598955,47.095269258292376,2.3498172073928596,19.88577891576222,49.23257072140268,Sp0314+1603
66100.5067136034,None,-60.4796479995539,35.01946409400325,-3.339673377667867,12.493873819696493,36.61005067136034,Sp0314+2840
38311.41670911323,None,-13.067145994082706,65.68763885292098,24.45929505416948,38.989650962199015,68.31141670911323,Sp0314-4623
-0.5,None,-31.791288235442224,-16.27775520106185,-22.97978346957618,-19.83862409780234,-16.082589116396356,Sp0315+8122
55895.86448727932,None,-28.270272795654737,77.57719126525907,19.58917677144948,38.5769794847528,85.89586448727933,Sp0316-2848
-0.5,None,-55.52986550547994,15.685123636971996,-12.850565540426809,0.6712867785611792,16.486034574326,Sp0319+4848
47642.653704323326,None,-21.557970350912516,73.65584202163215,21.464927929073195,40.00266883387228,77.64265370432332,Sp0319-3703
163830.1352756097,None,-60.6074974169998,44.85112163652698,-0.39984511529532185,19.59122618946763,46.38301352756097,Sp0320+1854
40053.51522207441,None,-47.72593515287017,66.89221488130269,9.923236598633713,31.879958862900224,70.05351522207441,Sp0320-0446
29368.316563046854,None,-5.756202611280148,58.090446749807526,24.92383029422396,38.67628082561889,59.368316563046854,Sp0320-5520
-34973.150410440045,None,-60.26513661801393,25.547315405291272,-9.07434617431655,7.351645858282469,26.502684958955996,Sp0321+3847
41629.573850799,None,-16.758957952003907,69.37291168495588,22.148646296588986,40.84147793681381,71.629573850799,Sp0323-4304
30541.365246740206,None,-7.0382073559923395,59.37185421660501,24.223456479054672,39.45141807407822,60.541365246740206,Sp0324-5410
7258.707857533885,None,13.632071915349643,36.968117841592445,25.778293539703572,31.111430695112023,37.258707857533885,Sp0324-7727
210826.6917974781,None,-59.94306972725086,49.664392654484985,0.6868037570766419,23.201751918790606,51.08266917974781,Sp0325+1412
41139.445230042074,None,-47.84623807900697,68.46277430506592,9.172785580431036,33.5261224053073,71.13944523004207,Sp0325-0551
2721.850947229662,None,17.60908022309142,32.543279413749914,25.520278813183364,28.904563929235803,32.72185094722966,Sp0325-8159
159637.55123597189,None,-62.028057376102254,44.788175545300376,-1.804184344773992,20.433152551799594,45.96375512359719,Sp0326+1919
59474.397955917055,None,-32.83256835799285,80.18992055751815,16.27954737314398,39.84293935426039,89.47439795591706,Sp0326-2443
42098.44018366965,None,-17.42024079598081,70.03999623469032,21.541987818276343,41.37310134920658,72.09844018366965,Sp0326-4236
237965.89719387278,None,-59.37835009450014,52.478424993763106,1.181346728958001,25.36901051947968,53.79658971938728,Sp0328+1129
222.84477850140192,None,-63.25179306750402,31.459739232431083,-8.111847082448774,12.223550387081934,32.22844778501402,Sp0329+3304
352.40792162259777,None,-63.84951883596086,32.803315081421424,-7.929463376762227,13.356974382671098,33.52407921622598,Sp0330+3146
-0.5,None,-53.528452333867264,10.650810244456729,-16.41537440747956,-1.6239266158070165,11.068458130448906,Sp0330+5413
35721.82195224887,None,-52.582559829368265,63.99625906005221,5.816576234596319,32.103439846703246,65.72182195224887,Sp0330-0025
36120.48805665004,None,-12.395520209637725,64.8929754438909,22.330178875312757,41.34610805556764,66.12048805665005,Sp0330-4835
53989.661468657105,None,-28.322725619503636,79.70201397566642,17.157412627526732,42.01648008531666,83.9896614686571,Sp0331-3042
58536.100319729965,None,-34.76276115951457,81.37453458002896,14.509296808264237,40.849897440440365,88.53610031972997,Sp0332-2317
-2367.477159868276,None,-63.059241109644375,27.11780425378212,-10.97041110980855,10.024031728943298,27.632522840131724,Sp0334+3740
56751.008135024975,None,-36.54616007309754,81.32596807594385,13.39175097664564,40.91071486438372,86.75100813502497,Sp0334-2130
34807.48843939365,None,-11.518418803005963,63.89177942616477,21.96572262298257,41.772103720208364,64.80748843939365,Sp0334-4953
28329.754747744082,None,-58.38025637671752,57.30888327911783,1.5190432862621492,29.367966515319743,58.32975474774408,Sp0335+0658
43785.124827692314,None,-47.43414046019406,71.92299110425925,8.000917370250162,36.87255766983548,73.78512482769231,Sp0335-0829
40191.1692013185,None,-16.49668701322506,69.05478850253505,20.371413807886075,42.913565608342026,70.1911692013185,Sp0335-4430
30112.11427493179,None,-7.53281240299974,59.55501894041496,22.33249890998905,41.28399518104795,60.11211427493179,Sp0338-5435
10339.319280015623,None,-66.06787464498102,39.850955109447646,-6.934751919155949,19.284850423384487,40.33931928001562,Sp0339+2457
49258.13779898934,None,-24.953703897807014,77.49506447788207,17.07352030811755,44.03708619326858,79.25813779898934,Sp0339-3525
47864.7599402898,None,-23.764586333577224,76.36888901397299,17.39145262900773,44.17868130984804,77.8647599402898,Sp0340-3649
-0.5,None,-59.117344090559776,17.3563603610063,-15.83301227137286,4.1065139974223195,17.609399930691456,Sp0341+4741
-0.5,None,-59.93208668648473,18.56012070375382,-15.508808598985043,5.007430309691509,18.811722250663767,Sp0342+4629
3411.024003288138,None,-56.12585540646636,63.41548670462004,2.060684106651104,34.22495646072038,64.11024003288138,Sp0344+0111
962.7125425730895,None,-67.43124331637163,39.32151142931397,-8.430672749258681,19.810373595710512,39.627125425730895,Sp0345+2540
-0.5,None,-48.57786440351176,2.6016973674519086,-20.833399283907017,-5.904592397732794,2.7063953577850532,Sp0346+6236
3759.7771890519284,None,-53.882988155114596,66.93837179251246,3.0577153723496595,36.42842195012777,67.59777189051928,Sp0346-0218
5350.432332996969,None,-40.908054356089906,81.72554955167249,9.353613990271084,42.92998412824479,83.5043233299697,Sp0347-1814
2386.464301872262,None,-63.444441281254235,53.508478247081264,-3.1284994856296477,29.291260868313838,53.86464301872262,Sp0348+1126
1609.6529679514133,None,4.874642080224478,45.977695260295164,23.526084633318483,36.94169149563747,46.096529679514134,Sp0348-6836
3618.1469804399994,None,-55.747826777926775,65.78542052090283,1.3716931313032394,36.75677470724978,66.1814698044,Sp0351-0052
5314.566628339327,None,-41.752130447221305,81.99586909476015,8.248046567109048,43.81189622952476,83.14566628339327,Sp0351-1751
3311.811516676162,None,-58.227991071244716,62.814787408609455,-0.17648167246022903,35.40773383261486,63.11811516676162,Sp0352+0210
2477.2050980274207,None,-3.3614011987210692,54.648705608452325,21.55361112643192,41.258483102583995,54.77205098027421,Sp0352-5955
4998.093369747603,None,-26.810478700869517,79.41626498520951,14.173603309870941,46.844577292755915,79.98093369747603,Sp0353-3441
1203.023086335275,None,-69.08554757383219,41.896897823065885,-9.220588370106361,22.817659632296674,42.03023086335275,Sp0354+2316
1103.4634210772792,None,-69.37606775908755,40.91606623978019,-9.766686771998879,22.27017020844503,41.03463421077279,Sp0354+2416
17493.352739314574,None,-68.1688538715274,31.64481778265566,-13.099194402880562,15.719336145263334,31.749335273931457,Sp0354+3333
4992.296724683423,None,-44.908195294741844,79.34347565038682,6.304732036599862,43.44476399529288,79.92296724683423,Sp0354-1437
3267.500738605687,None,-59.175183699674925,62.48602404705988,-1.1879322900368483,35.92258547261515,62.67500738605687,Sp0355+0237
2064.968565484329,None,-66.60804790856518,50.509583296535325,-6.058409725386332,28.689482475791383,50.64968565484329,Sp0355+1439
-0.5,None,-65.39329006967098,24.4614717509199,-16.060468010780475,10.89186391853606,24.52238139029597,Sp0356+4047
1981.753727178701,None,-67.37056956670993,49.714028855117135,-6.78142137527392,28.483537061846192,49.81753727178701,Sp0357+1529
-0.5,None,-65.32384710242195,24.13028700512572,-16.313853723623858,10.748688581584496,24.18216073451907,Sp0357+4107
4813.208520123195,None,-46.871173251370095,77.83018075112588,4.828395984248301,43.55875410482745,78.13208520123194,Sp0357-1249
813.0067956554974,None,-70.37140196882746,38.07874563231055,-11.720728378812955,20.93992290528528,38.130067956554974,Sp0358+2710
52422.397869944885,None,-69.96352657015633,35.18985761438772,-12.718246488398034,18.859227199790787,35.24223978699449,Sp0358+3003
5450.540946054221,None,-41.49489088754066,84.14589732343934,6.899000450123224,46.19335514014934,84.50540946054221,Sp0400-1913
64809.738144294184,None,-70.83267743096559,36.45310048195517,-12.902414106137682,20.213113609165045,36.48097381442942,Sp0401+2849
-0.5,None,-64.43790672169486,21.827144096056003,-17.708908224240517,9.508759673268324,21.848859596379366,Sp0401+4327
904.2812063681715,None,-71.35385945980092,39.024260033705666,-12.271950054532226,22.257590404359046,39.042812063681716,Sp0403+2616
-0.5,None,-66.17021213709232,23.84618534501274,-17.66098448312401,11.389724557897669,23.852257361599143,Sp0404+4127
5117.406843573879,None,-45.23172760242074,81.17406843573879,4.018762393297909,46.75717155523062,81.17406843573879,Sp0407-1552
2759.9185780170315,None,-64.97125495178737,57.599185780170316,-6.096334629382534,35.481291925219125,57.599185780170316,Sp0408+0742
5015.295457439477,None,-46.31224241519646,80.15295457439477,3.2764902210011355,46.729256043005996,80.15295457439477,Sp0408-1450
4140.132298449235,None,-54.14815977381576,71.40132298449235,-0.603597491015711,43.30925134350111,71.40132298449235,Sp0409-0605
2224.2062755130078,None,-68.91363821916808,52.24206275513008,-8.824493128881613,32.5567503101152,52.24206275513008,Sp0410+1304
5029.797525958873,None,-46.397727916782934,80.29797525958872,2.8739191150410313,47.26073691913978,80.29797525958872,Sp0410-1459
-18445.61333490205,None,-70.20892917780847,28.155438666509795,-18.092686447541542,15.833959306108415,28.155438666509795,Sp0413+3709
5741.899792142585,None,-35.499456429643594,87.41899792142586,7.244595005048516,50.779491292379156,87.41899792142586,Sp0413-2704
2208.8444439351206,None,-70.16077482917679,52.08844443935121,-10.220985045664294,33.586919747899,52.08844443935121,Sp0416+1310
2507.564112147975,None,-4.602984672067602,55.07564112147975,18.623499973826437,44.02747659445468,55.07564112147975,Sp0416-5935
1869.066400503221,None,-72.18563397824391,48.69066400503221,-11.698479875354957,31.404246888859745,48.69066400503221,Sp0417+1634
4319.4485094972915,None,-53.44244269561656,73.19448509497292,-1.648805459365891,46.01442898876487,73.19448509497292,Sp0417-0800
5625.0363023627315,None,-41.06403685277528,86.25036302362732,4.065179146855876,50.76130722427421,86.25036302362732,Sp0417-2129
-0.5,None,-67.52764280178408,22.71465726153957,-20.74512996839007,12.423340465486039,22.71465726153957,Sp0419+4233
4996.351488043646,None,-47.32941784845789,79.96351488043646,0.7858387960618405,49.4149189282208,79.96351488043646,Sp0420-1458
1456.222404132165,None,5.415830687460731,44.56222404132165,21.097081243262775,38.39667212906283,44.56222404132165,Sp0420-7005
2153.9076655478484,None,-1.376380593118465,51.53907665547848,19.091448877731004,42.65901705676539,51.53907665547848,Sp0421-6306
4824.733903906074,None,-27.49357628854795,78.24733903906075,9.235223035741116,52.67049449697982,78.24733903906075,Sp0422-3606
3925.11733499025,None,-57.497813174384106,69.2511733499025,-4.6470679192737565,45.50873442057582,69.2511733499025,Sp0423-0414
1113.423591406719,None,-76.20753610561673,41.13423591406719,-16.081240742725036,27.285414495935665,41.13423591406719,Sp0424+2402
3140.2217132219243,None,-64.63188302536125,61.40221713221924,-8.524115897073912,41.5654780720726,61.40221713221924,Sp0426+0336
2605.0573414803353,None,-69.0854354282747,56.05057341480335,-10.895375806392291,38.28647577176512,56.05057341480335,Sp0427+0859
2748.709213261989,None,-68.1642086502545,57.48709213261989,-10.67461102435745,39.595655998620664,57.48709213261989,Sp0428+0728
5196.947827880621,None,-32.41220999441006,81.9694782788062,5.9549535637609035,54.40600391940233,81.9694782788062,Sp0429-3123
4018.009164611789,None,-20.0974164688936,70.18009164611789,11.289088834912286,52.26652121935171,70.18009164611789,Sp0429-4405
1774.6456692092365,None,2.0434960645227496,47.746456692092366,19.39629878245329,41.10198961064213,47.746456692092366,Sp0429-6649
4331.720892220058,None,-54.024814515459546,73.31720892220058,-4.249716497882172,49.29416825574726,73.31720892220058,Sp0430-0849
-0.5,None,-52.824498833327816,4.598817297279141,-25.750183144871887,-0.9606604217176512,4.598817297279141,Sp0431+6035
4113.022904943538,None,-56.18714161606042,71.13022904943539,-5.581434766469703,48.63657664047365,71.13022904943539,Sp0432-0639
-0.5,None,-56.654744281725,8.564701283941872,-25.593346151358283,2.473424757013795,8.564701283941872,Sp0433+5635
5075.971835123396,None,-31.90824833742949,80.75971835123396,5.398961453317521,55.371649002136614,80.75971835123396,Sp0433-3210
1199.0869413638543,None,-78.40839250661575,41.99086941363854,-17.930045462307355,29.70341063711614,41.99086941363854,Sp0435+2254
4790.463422701416,None,-49.26424615876467,77.90463422701416,-2.822169873093612,52.55728430428449,77.90463422701416,Sp0435-1414
4949.126342741058,None,-47.48145148199847,79.49126342741057,-1.9955000886993044,53.2288059152123,79.49126342741057,Sp0435-1606
-0.5,None,-64.54485887507764,16.891710136512867,-24.841652259258257,9.679536223371507,16.891710136512867,Sp0436+4810
-0.5,None,-60.87314901299423,12.892459957285348,-25.438475133588764,6.331988424728637,12.892459957285348,Sp0436+5211
5361.317652607417,None,-40.34453857377195,83.61317652607417,1.027345017522691,55.51126008706896,83.61317652607417,Sp0436-2338
1839.4637606641445,None,-76.39299583981523,48.394637606641446,-16.493912931320967,35.33981674627699,48.394637606641446,Sp0439+1615
5317.964564296764,None,-40.223423669135286,83.17964564296764,0.7089267139775652,56.02587403295681,83.17964564296764,Sp0439-2353
4967.882379396747,None,-31.763810149327995,79.67882379396747,4.524832900469884,56.5277599188611,79.67882379396747,Sp0439-3235
2324.2859830896537,None,-3.8082509139795295,53.242859830896535,16.405023034573226,45.57479469202119,53.242859830896535,Sp0439-6105
3941.481050961849,None,-57.95711796439871,69.41481050961849,-7.823895872709693,49.687368072226775,69.41481050961849,Sp0440-0530
4677.623330363629,None,-50.02587767624447,76.77623330363629,-4.4269160935481136,53.9580376225613,76.77623330363629,Sp0442-1356
4955.397940817164,None,-32.46691464517837,79.55397940817164,3.6058250506204077,57.31035884959773,79.55397940817164,Sp0443-3202
4561.478597308421,None,-27.72309374553947,75.61478597308421,5.544976583446376,56.96939233892728,75.61478597308421,Sp0444-3655
2455.673606496685,None,-72.2638339670049,54.55673606496685,-15.309055780540401,41.13149582163473,54.55673606496685,Sp0445+0938
3947.027454336748,None,-57.817695472690765,69.47027454336748,-8.656076891369331,50.988014463676265,69.47027454336748,Sp0445-0602
4985.731707102708,None,-33.78910900787739,79.85731707102708,2.5109468550038687,57.972321188890675,79.85731707102708,Sp0445-3048
4569.400156206545,None,-27.97410571070936,75.69400156206545,5.2830644385881405,57.19090412236276,75.69400156206545,Sp0445-3642
3052.4312378846253,None,-11.564353373280461,60.524312378846254,12.570680539036106,50.775657570950685,60.524312378846254,Sp0445-5321
-0.5,None,-64.66406588720962,16.104467808716848,-26.51664401848161,10.082066110234207,16.104467808716848,Sp0446+4844
1961.1558745994357,None,-76.61181611457131,49.61155874599436,-17.68941060480938,37.86992702788194,49.61155874599436,Sp0447+1436
619.1499152684394,None,-80.78726483854699,36.19149915268439,-22.308730835877114,27.18810186653174,36.19149915268439,Sp0447+2819
3675.25272076504,None,-18.299863206126226,66.7525272076504,9.301043482260875,54.45300346447263,66.7525272076504,Sp0448-4636
-0.5,None,-62.08085083919137,13.174317866700811,-27.312419537119787,7.861170802992671,13.174317866700811,Sp0449+5138
3580.037059515203,None,-61.52000656273985,65.80037059515203,-11.100127851810955,49.77439770348035,65.80037059515203,Sp0449-0228
3041.3612201938563,None,-66.95899222790574,60.41361220193856,-13.959977409202297,46.67949233251162,60.41361220193856,Sp0451+0305
4697.589997995368,None,-30.79344510666176,76.97589997995368,3.0591193915547947,58.750203993552766,76.97589997995368,Sp0451-3402
2554.476316889324,None,-6.785849567075759,55.54476316889324,13.89541372315584,48.5118909837678,55.54476316889324,Sp0451-5818
1348.773746437255,None,-81.60163880408115,43.48773746437255,-21.12505587257501,34.18726814876203,43.48773746437255,Sp0453+2033
4766.661077300804,None,-46.82199011689797,77.66661077300805,-5.058703899239855,57.905308742026264,77.66661077300805,Sp0453-1751
3346.7095173489597,None,-15.31531310632638,63.4670951734896,9.842198285015739,53.78940442039383,63.4670951734896,Sp0454-4945
3036.7783104954383,None,-66.97267380890472,60.367783104954384,-14.78044652597538,47.70750192490724,60.367783104954384,Sp0455+0244
-0.5,None,-61.159380081996126,11.801093598794099,-28.356248590556962,7.287660432141979,11.801093598794099,Sp0455+5252
493.38797504174295,None,-37.866488745689864,79.3387975041743,-1.1286012097880214,60.06710710394937,79.3387975041743,Sp0455-2701
412.12611881552647,None,-55.10177197792132,71.21261188155265,-9.483745398852772,55.098773472405156,71.21261188155265,Sp0456-0932
-2090.1006898172163,None,-76.76723421163882,27.909899310182784,-26.291474375766807,21.63168417105324,27.909899310182784,Sp0457+3622
456.9087123227942,None,-31.27135861408434,75.69087123227942,1.3246973391621042,60.61604791389444,75.69087123227942,Sp0459-3348
291.9211986162174,None,-68.0592723612192,59.19211986162174,-16.20310747589975,48.064193457025816,59.19211986162174,Sp0500+0330
2805.142226986226,None,-69.23523833378374,58.05142226986226,-16.80069973296617,47.313242014239,58.05142226986226,Sp0500+0442
475.09603760550846,None,-38.04189957505948,77.50960376055085,-2.7063668255844706,61.91036657674985,77.50960376055085,Sp0503-2705
239.93211064674762,None,-73.31155420230344,53.99321106467476,-19.458152544518104,45.2764098203615,53.99321106467476,Sp0505+0836
323.95190199068855,None,-15.341225426330885,62.39519019906886,8.119477143022849,55.39270297727351,62.39519019906886,Sp0506-4956
2.821688540939107,None,-80.56135327337071,30.28216885409391,-27.973386619551437,25.475543568390364,30.28216885409391,Sp0508+3319
440.1379637575302,None,-48.411751310558564,74.01379637575302,-8.796588136541448,61.01561755428675,74.01379637575302,Sp0508-1647
60.36812111562888,None,-85.69798626424276,36.03681211156289,-26.791382810056167,30.864493306762267,36.03681211156289,Sp0510+2714
352.6710695615724,None,-19.223831540149895,65.26710695615724,5.590078003961163,58.14311287563809,65.26710695615724,Sp0511-4606
350.36490690873006,None,-19.031305341879573,65.03649069087301,5.590110871610653,58.133979745880765,65.03649069087301,Sp0511-4618
456.2015107095209,None,-39.01801611956179,75.62015107095209,-4.818889020374534,63.85051242177889,75.62015107095209,Sp0512-2617
451.40067325251084,None,-35.47330967268997,75.14006732525108,-2.9026153487003614,63.674659064889774,75.14006732525108,Sp0512-2949
-0.5,None,-55.37559067863651,5.019869354427538,-31.241503526405214,3.0371730171829405,5.019869354427538,Sp0515+5911
-0.5,None,-50.157965941900436,-0.017995828928129613,-30.738379384734422,-1.6967734586068226,-0.017995828928129613,Sp0515+6424
-0.5,None,-57.89812821276981,7.399160875003298,-31.55194116637872,5.388108676022504,7.399160875003298,Sp0516+5640
442.3463364267376,None,-37.0994930598751,74.23463364267376,-4.808293587490521,65.0439497179238,74.23463364267376,Sp0517-2816
425.58887370628224,None,-31.552406039480577,72.55888737062823,-1.8386648996396338,64.21135798916738,72.55888737062823,Sp0517-3349
79.5189484706156,None,-88.40276494822659,37.95189484706156,-27.829437919732918,34.064184634422276,37.95189484706156,Sp0518+2435
-0.5,None,-38.15721133658221,-11.718164921135225,-28.926728377852918,-12.400776539967813,-11.718164921135225,Sp0520+7626
250.69085089264007,None,-70.70129455899087,55.06908508926401,-22.04638951501536,50.56326797442293,55.06908508926401,Sp0522+0518
-26.66772871322589,None,-79.01330663212444,27.33322712867741,-31.082133645106474,24.796629256911682,27.33322712867741,Sp0522+3534
-0.5,None,-56.70150849976452,6.02133803666376,-32.19306422966069,4.568828004226084,6.02133803666376,Sp0522+5754
297.05244914276113,None,-65.3397423372177,59.705244914276115,-19.57949205945485,54.43254699270286,59.705244914276115,Sp0522-0002
-0.5,None,-68.21468186402741,16.951384251109147,-32.58468036266719,15.166540770398312,16.951384251109147,Sp0523+4623
395.2871457658128,None,-51.34524275961888,69.52871457658128,-13.253480679440852,63.17803356863472,69.52871457658128,Sp0523-1403
257.8940434582173,None,-9.282669806197003,55.78940434582173,9.05632323758952,53.1474235823864,55.78940434582173,Sp0523-5607
69.39339467424247,None,11.576738612448418,36.93933946742425,19.300435667506928,36.11429694163845,36.93933946742425,Sp0523-7658
106.85099152732995,None,-86.43920709245579,40.685099152732995,-28.297098284174872,37.9223389998679,40.685099152732995,Sp0525+2102
301.9927321711944,None,-14.960319002286411,60.19927321711944,5.593249929635199,57.57713428340426,60.19927321711944,Sp0526-5026
263.50714713132004,None,-68.35614438107413,56.35071471313201,-22.275712689246955,53.2292770915074,56.35071471313201,Sp0528+0258
-0.5,None,-67.39789191305319,15.924244784945046,-33.43711112036321,14.759997816379927,15.924244784945046,Sp0528+4712
408.0497107640048,None,-45.335963014180564,70.80497107640048,-11.456028087999988,66.79877606487634,70.80497107640048,Sp0529-2002
155.94220932990495,None,-80.38387989421378,45.594220932990495,-27.52740073145462,43.701486218697575,45.594220932990495,Sp0530+1503
-0.5,None,-51.71002020736378,0.9648540174114874,-32.60071178732748,0.3727169040394799,0.9648540174114874,Sp0530+6253
264.78260925886786,None,-67.61433360099561,56.47826092588679,-22.69277190450903,54.28585085463598,56.47826092588679,Sp0531+0215
245.8074282638293,None,-69.63060726087447,54.58074282638293,-23.912727622144125,52.91931635945381,54.58074282638293,Sp0532+0418
21.72190328152972,None,16.563006793576513,32.17219032815297,21.23300963455733,31.883814446794023,32.17219032815297,Sp0532-8157
252.5988217868184,None,-68.69655628371864,55.25988217868184,-23.648954431137344,53.73899863019986,55.25988217868184,Sp0533+0323
-54.042876824221224,None,-76.82717513736182,24.595712317577878,-33.600069063125375,23.841021465869265,24.595712317577878,Sp0533+3740
-0.5,None,-63.65284310145082,12.14108963568622,-34.28452195777752,11.674943652687901,12.14108963568622,Sp0533+5054
377.8087711954747,None,-50.13571234729064,67.78087711954747,-15.023591787433123,66.14118721188676,67.78087711954747,Sp0534-1511
345.179764053829,None,-55.79474734758809,64.5179764053829,-18.007391006581663,63.19729866750539,64.5179764053829,Sp0535-0931
333.3049689600516,None,-57.00164185022162,63.33049689600516,-19.066451906405106,62.81493309915181,63.33049689600516,Sp0537-0816
-0.5,None,-73.69921683274477,21.39558511382147,-35.071851126753266,21.559633746724135,21.39558511382147,Sp0539+4038
-0.5,None,-67.22154526509063,15.282863040085193,-35.2777578836783,15.440713055435962,15.282863040085193,Sp0539+4712
-0.5,None,-61.57825795713932,9.95309320872139,-35.08120071181146,10.143955294188123,9.95309320872139,Sp0539+5253
277.3842945172323,None,-64.17724012337001,57.738429451723235,-23.109403688768257,58.12298686559611,57.738429451723235,Sp0539-0059
313.33297870922024,None,-18.199733696251563,61.333297870922024,2.097889660011846,61.29708477569823,61.333297870922024,Sp0539-4708
209.4983925398067,None,-71.46453185690487,50.94983925398067,-27.6028346618603,52.703760366716864,50.94983925398067,Sp0544+0639
33.729511332285604,None,-53.951346137328244,63.729511332285604,-19.06832695440892,65.93939851386193,63.729511332285604,Sp0544-1109
34.734976995159016,None,-51.94902670900758,64.73497699515902,-18.088882784360408,67.15922249096948,64.73497699515902,Sp0544-1309
38.45897091501283,None,-40.640223202688105,68.45897091501283,-11.754413278971846,70.85376698941889,68.45897091501283,Sp0544-2433
-0.5,None,-59.04699062408459,7.193666741772935,-36.50418155332961,8.5353084996564,7.193666741772935,Sp0551+5511
24.910991090810683,None,-64.5059561070791,54.91099109081068,-26.35048261600641,59.324560497375195,54.91099109081068,Sp0552-0002
16.515417213266574,None,-0.3750081787184801,46.51541721326657,10.965264344916466,47.890516890783076,46.51541721326657,Sp0552-6452
10.877603021081924,None,6.286377191730595,40.877603021081924,14.795396197079416,41.84458102599775,40.877603021081924,Sp0553-7133
11.66319189180917,None,-79.01692623882803,41.66319189180917,-33.54027984808718,45.53823650540013,41.66319189180917,Sp0555+1608
24.644089959859443,None,-11.090059184047519,54.64408995985944,4.148779349072036,57.53601476435838,54.64408995985944,Sp0555-5402
18.17836559340641,None,-71.89392434441717,48.17836559340641,-30.705772569613067,52.90526856835683,48.17836559340641,Sp0556+0802
11.902353436867074,None,-78.631850909753,41.902353436867074,-33.548596632077476,45.94127188575993,41.902353436867074,Sp0556+1546
33.401001555840466,None,-26.42891519386816,63.401001555840466,-5.632437660414723,69.38569063144936,63.401001555840466,Sp0556-3832
23.39181791468573,None,-64.94713343672784,53.39181791468573,-27.91066404494182,59.37319838576169,53.39181791468573,Sp0557+0048
10.579556490762208,None,-79.47072962106726,40.57955649076221,-34.29481621005769,44.80683857222177,40.57955649076221,Sp0557+1708
14.849297679637523,None,-74.17476541299673,44.84929767963752,-33.14723785959178,50.58673348424039,44.84929767963752,Sp0601+1115
-9.128145243240635,None,-73.46337345429792,20.871854756759365,-39.42088146146481,24.390293682746925,20.871854756759365,Sp0602+3910
28.86871740055195,None,-54.938544764918376,58.86871740055195,-23.95781292482716,68.10553432366407,58.86871740055195,Sp0602-0915
29.473420511265786,None,-54.23685069317182,59.473420511265786,-23.35586725243493,68.51342190689252,59.473420511265786,Sp0602-1001
2.109837993483751,None,16.169899588746137,32.10983799348375,19.99941081281137,32.77061651660286,32.10983799348375,Sp0603-8127
5.279353791984846,None,-80.72646072251652,35.279353791984846,-37.45139788335333,40.59569657642762,35.279353791984846,Sp0604+2219
-0.5245143178030602,None,-80.15568430835657,29.47548568219694,-38.89932771888714,34.159814175886005,29.47548568219694,Sp0604+2906
-4.1900985772975154,None,-77.79655682941952,25.809901422702485,-39.40306242073791,30.063258965007662,25.809901422702485,Sp0604+3322
33.63857515445972,None,-40.74990778702887,63.63857515445972,-16.107029274351174,75.50570094451841,63.63857515445972,Sp0605-2342
3.080998663704527,None,-80.41452044959348,33.08099866370453,-38.630647898691755,38.74894870977029,33.08099866370453,Sp0607+2429
-0.5,None,-67.12708472118372,14.521671055958327,-40.19581556359641,18.225653390412845,14.521671055958327,Sp0607+4550
14.225258156282585,None,-72.76350446922717,44.225258156282585,-34.529219861051374,51.78618595962022,44.225258156282585,Sp0608+1041
31.34688911034725,None,-26.881800749016428,61.34688911034725,-8.159862122692125,71.90411480071559,61.34688911034725,Sp0609-3739
32.11128817120541,None,-30.64315882155951,62.11128817120541,-10.824967912919188,74.43730985078209,62.11128817120541,Sp0610-3346
-5.021012083276343,None,-76.5676559123353,24.978987916723657,-40.97521168785489,30.443720587340366,24.978987916723657,Sp0611+3325
-0.5,None,-45.75324927789682,-5.649758841427358,-35.1738128783609,-3.497652512082842,-5.649758841427358,Sp0611+6818
24.701380078266602,None,-13.57164102881184,54.7013800782666,0.40969846017966266,61.2711662065619,54.7013800782666,Sp0611-5109
-9.709217581364964,None,-72.61015562498707,20.290782418635036,-41.74266348776075,25.595796993576432,20.290782418635036,Sp0614+3833
-0.5,None,-66.75364469334372,14.127583698455465,-41.4645417489298,18.74557430768126,14.127583698455465,Sp0614+4536
30.887274724831947,None,-43.54075477382332,60.88727472483195,-19.84731884052197,76.75819478069647,60.88727472483195,Sp0614-2019
21.341116988108702,None,-61.628976812202,51.3411169881087,-30.982537915992587,63.20229539678646,51.3411169881087,Sp0615-0100
-0.5,None,-62.930824064068844,10.344765626471672,-41.20299900090901,14.75907580010562,10.344765626471672,Sp0616+4946
-0.5,None,-55.855762308114066,3.5938715200606324,-39.41105655629544,7.197241308234708,3.5938715200606324,Sp0616+5729
26.897428500944166,None,-18.518089448268988,56.897428500944166,-3.6141441004327604,66.18741267164027,56.897428500944166,Sp0616-4557
22.69896614142003,None,-11.680459291380277,52.69896614142003,0.5964539480576234,60.29389235906611,52.69896614142003,Sp0619-5249
8.103691321712134,None,-74.21322490124987,38.103691321712134,-39.45850275196126,47.913785973723286,38.103691321712134,Sp0621+1555
27.59670370368208,None,-47.259566936524834,57.59670370368208,-24.167427606490026,76.11353041663381,57.59670370368208,Sp0622-1548
29.46113699450398,None,-41.2115388396885,59.46113699450398,-20.171106819507916,79.14239588594242,59.46113699450398,Sp0622-2211
-0.5637704438324462,None,-76.83243588293597,29.436229556167554,-42.49336245945704,37.733507838196566,29.436229556167554,Sp0623+2631
-0.5,None,-60.77474642827794,8.18369861336458,-41.932127620457166,13.167328353997837,8.18369861336458,Sp0623+5137
11.683131473427935,None,3.8389575152912574,41.683131473427935,10.990149242577886,45.42900924413859,41.683131473427935,Sp0623-6838
-2.1138011981351426,None,-76.33713503220535,27.886198801864857,-43.00850826426005,36.10238757328102,27.886198801864857,Sp0624+2815
-0.5,None,-47.14065449567564,-4.654958765818704,-37.1298879187967,-1.4069858183439472,-4.654958765818704,Sp0624+6626
25.820570805394354,None,-18.744185707211155,55.820570805394354,-5.1261535779069165,67.43052856739376,55.820570805394354,Sp0624-4521
24.824213857544763,None,-51.92221847150667,54.82421385754476,-27.772782557422474,72.61890450474401,54.82421385754476,Sp0625-1034
18.205212546571964,None,-61.901140068312024,48.205212546571964,-34.14243281050557,62.74910977035082,48.205212546571964,Sp0626+0041
-7.92032863453305,None,-73.1958212750784,22.07967136546695,-44.150453449211604,29.689873033113127,22.07967136546695,Sp0626+3454
-0.5,None,-55.84631771510017,3.399521176042283,-41.02542120206365,8.095951477585132,3.399521176042283,Sp0627+5651
-0.5,None,-43.96204508946604,56.851013610835004,-23.796728058048668,79.28358014283167,56.851013610835004,Sp0630-1840
-0.5,None,11.811262782997735,35.220836939716825,16.036805420351413,37.67094780613552,35.220836939716825,Sp0630-7643
-0.5,None,-31.21777920839184,-19.004950316046664,-28.978505691125243,-17.75160312511122,-19.004950316046664,Sp0632+8305
-0.5,None,-51.624892495310526,53.11474625701777,-29.40911641927127,73.17719751153004,53.11474625701777,Sp0632-1009
-0.5,None,-13.765545971244368,52.456272519830506,-2.6777332596261383,63.47806755931719,52.456272519830506,Sp0632-5010
-0.5,None,-74.26152905012285,29.73822866422252,-44.58310377760166,40.49625873854584,29.73822866422252,Sp0634+2413
-0.5,None,-56.66977273886033,49.25558119841277,-33.57234464070817,67.98205483840941,49.25558119841277,Sp0635-0403
-0.5,None,-38.237960752344854,55.661483612362915,-22.229845265948317,83.56127026883246,55.661483612362915,Sp0640-2352
-0.5,None,-19.825861378609815,53.82940266708499,-8.622342900511702,70.40907011363052,53.82940266708499,Sp0641-4322
-0.5,None,2.8545111230961817,41.45827498301174,8.639011535020305,47.28008872865697,41.45827498301174,Sp0642-6707
-0.5,None,-70.12188749184328,34.267728258149106,-44.514827774222205,48.42270631277592,34.267728258149106,Sp0643+1631
-0.5,None,-57.01613775609528,46.64311046414424,-36.181005592860245,66.99823310904378,46.64311046414424,Sp0643-0223
-0.5,None,-42.71127678599849,53.85919245827429,-26.158925144306192,81.7136260596875,53.85919245827429,Sp0643-1843
-0.5,None,-41.23067875808357,-10.36332009389425,-35.86105790683926,-6.788192403601332,-10.36332009389425,Sp0644+7206
-0.5,None,-33.43995087528233,55.31041354473757,-19.53373693151576,83.20634265620798,55.31041354473757,Sp0644-2841
-0.5,None,19.299499556307765,29.012530278890136,20.881903951413996,30.181197328650498,29.012530278890136,Sp0644-8422
-0.5,None,-39.54726502476602,53.86094680389584,-24.669349203687034,84.28334514444438,53.86094680389584,Sp0646-2150
-0.5,None,1.6251069838805838,41.93905277697825,7.110291531544447,48.850510795510566,41.93905277697825,Sp0648-6537
-0.5,None,-61.57006828629638,9.279915606630759,-47.5469773041983,18.145729516303522,9.279915606630759,Sp0652+4710
-0.5,None,-43.930666929366325,50.906689112153266,-29.528288800718833,80.88589156317094,50.906689112153266,Sp0652-1614
-0.5,None,-35.60452832662268,53.23769712086208,-23.00344095023713,86.21019786210522,53.23769712086208,Sp0652-2534
-0.5,None,-30.76018475381773,-19.606117644500824,-29.383434305473852,-17.898768233707738,-19.606117644500824,Sp0655+8318
-0.5,None,-69.08488282824196,28.052795897278948,-48.98581742954414,43.12071732462174,28.052795897278948,Sp0656+2211
-0.5,None,-43.86004132324369,-8.188554372145692,-38.60908119267324,-3.297158810173376,-8.188554372145692,Sp0656+6841
-0.5,None,-66.79853995711098,30.918009691599046,-48.5547222169822,48.07099190260403,30.918009691599046,Sp0659+1717
-0.5,None,-67.6177096923127,29.554352299065485,-49.0419916167087,46.006750954324026,29.554352299065485,Sp0659+1920
-0.5,None,-67.86362187440501,20.143047926176994,-51.12534974679549,33.423050291947604,20.143047926176994,Sp0700+3157
-0.5,None,-2.1088146014333624,43.24752619763408,2.591375787461787,53.53512475712001,43.24752619763408,Sp0702-6102
-0.5,None,-60.883194936517825,37.03869032909,-45.26388900386518,58.198059405876364,37.03869032909,Sp0703+0711
-0.5,None,-60.618559058631384,8.627361617413086,-49.52087319082892,18.865522306275647,8.627361617413086,Sp0703+4632
-0.5,None,-32.534064542879925,51.035822420554865,-23.10575581600238,86.59446089614141,51.035822420554865,Sp0703-2748
-0.5,None,-28.520547272414618,51.26416986264081,-19.77361800457216,82.24560600884413,51.26416986264081,Sp0703-3216
-0.5,None,-1.5870018540556998,42.89425573314642,2.942727411208268,53.014589552060805,42.89425573314642,Sp0703-6134
-0.5,None,-57.74478057181548,39.23473033435001,-43.52695715272728,62.42360195016352,39.23473033435001,Sp0704+0258
-0.5,None,-67.39248174060332,20.62879040721633,-51.84052382229612,34.756292622059824,20.62879040721633,Sp0704+3038
-0.5,None,-59.61969486236236,7.519815485323342,-49.44829187056979,17.694525233118487,7.519815485323342,Sp0705+4742
-0.5,None,-66.83536057801349,26.130678750051153,-51.37502808624778,42.824476433536255,26.130678750051153,Sp0706+2234
-0.5,None,-64.31802899971109,14.062191732897814,-51.805668311442794,26.4367468093863,14.062191732897814,Sp0706+3858
-0.5,None,-32.180150799377046,50.07848506529132,-23.80972584193593,86.87576831311117,50.07848506529132,Sp0707-2742
-0.5,None,-12.918761046499197,47.669196830446495,-7.339265155411312,65.58021426966147,47.669196830446495,Sp0707-4900
-0.5,None,10.584763012838621,34.94868815757039,12.739179392947996,40.075192619024186,34.94868815757039,Sp0710-7431
-0.5,None,-61.30916524357816,10.064495545500188,-51.69930999831378,21.909926506567313,10.064495545500188,Sp0711+4329
-0.5,None,-29.778800160111203,49.51154980533028,-22.569119707905543,84.53852040551627,49.51154980533028,Sp0711-3001
-0.5,None,-22.308042465442007,49.388395274715435,-16.044045178950814,76.17067101556198,49.388395274715435,Sp0711-3824
-0.5,None,-58.66055405865263,6.758683918871644,-50.793202636897206,17.856292746564783,6.758683918871644,Sp0713+4732
-0.5,None,-63.71536938605587,14.504811133152106,-53.57132392265674,28.351848193420622,14.504811133152106,Sp0714+3702
-0.5,None,-44.75410439927204,44.09414683450023,-36.65644636747618,77.04739103760292,44.09414683450023,Sp0715-1145
-0.5,None,2.783576481178851,39.56702779318111,5.450439366767009,48.83294533692961,39.56702779318111,Sp0715-6544
-0.5,None,-48.73762510834068,41.64202131075573,-40.33901445473431,71.80914338108049,41.64202131075573,Sp0716-0630
-0.5,None,-45.81836083324304,43.002891443663714,-38.13384164923904,75.32379322344578,43.002891443663714,Sp0717-1004
-0.5,None,-10.45330415963579,45.31555175538658,-6.965334687750151,63.647045564381905,45.31555175538658,Sp0719-5051
-0.5,None,-46.475155321126216,41.93043205041431,-39.43977820811886,73.9495541719576,41.93043205041431,Sp0720-0846
-0.5,None,-62.66789150828676,25.535194997278843,-54.17743066587226,45.66347540057352,25.535194997278843,Sp0721+1937
-0.5,None,-62.27137275061513,13.362047479629274,-54.99034150303639,28.10221457412495,13.362047479629274,Sp0721+3714
-0.5,None,-27.73372211026776,47.28638346192254,-23.189985045206292,82.86106150510786,47.28638346192254,Sp0721-3105
-0.5,None,-54.4034673135074,35.82113798858301,-47.00457005834492,62.4802031945088,35.82113798858301,Sp0722+0243
-0.5,None,-50.986134468835886,-1.6028592447709686,-47.519544055997045,7.902807378702702,-1.6028592447709686,Sp0723+5727
-0.5,None,-41.26109730333875,43.357460159244845,-35.98407691938412,79.43296237177971,43.357460159244845,Sp0723-1439
-0.5,None,-40.081536961381424,44.08794186275524,-34.67290412992926,81.01181653822033,44.08794186275524,Sp0723-1616
-0.5,None,-25.728964563078026,46.97306960382934,-21.792953080178172,80.79545861431816,46.97306960382934,Sp0723-3309
-0.5,None,16.05003812379326,30.880413400482485,16.911037234155852,34.31546325202804,30.880413400482485,Sp0723-8015
-0.5,None,-46.6295950961096,-5.96867738424301,-44.5254550544772,2.3028129617998974,-5.96867738424301,Sp0726+6302
-0.5,None,-36.427958538019055,-15.230367496558637,-35.70544415027448,-10.539341337399534,-15.230367496558637,Sp0729+7554
-0.5,None,-31.05332359736197,45.02203112476218,-28.13218117137956,84.97421230581125,45.02203112476218,Sp0729-2608
-0.5,None,-16.65633908024067,45.38144206125135,-14.4227340605212,71.12631094955472,45.38144206125135,Sp0729-4258
-0.5,None,-59.42182156904194,26.294926738448698,-55.072008249155125,49.158887076910624,26.294926738448698,Sp0730+1553
-0.5,None,-48.51434815378114,37.29007550207173,-44.78539128867214,68.40681665620578,37.29007550207173,Sp0730-0339
-0.5,None,-52.63429042937051,33.788753878229365,-48.99302059432721,62.02657763358437,33.788753878229365,Sp0731+0249
-0.5,None,-60.855963018715705,13.757887757345463,-57.594946295775756,30.69145743692493,13.757887757345463,Sp0732+3427
-0.5,None,-49.80728045853511,-2.7592996187301293,-48.19775958799247,7.3378495840467775,-2.7592996187301293,Sp0732+5755
-0.5,None,-35.43696725081216,42.82980640060566,-33.37773213518347,82.70617235792918,42.82980640060566,Sp0733-2010
-0.5,None,-15.763077416563052,44.45696535235755,-14.450000056802242,70.37054747858625,44.45696535235755,Sp0734-4330
-0.5,None,-46.98866334385067,-5.637743875202951,-46.15495120695481,3.6160012371914867,-5.637743875202951,Sp0735+6137
-0.5,None,-59.96096720645575,20.484800885107514,-58.44878481359894,41.68544370772132,20.484800885107514,Sp0737+2313
-0.5,None,-30.61007557640902,43.08707778734794,-29.80719132162007,83.30483238754368,43.08707778734794,Sp0737-2526
-0.5,None,-10.203295177708851,42.63348166353883,-9.863512943909196,64.43663508655827,42.63348166353883,Sp0739-4926
-0.5,None,-57.05020573033129,25.07166212930447,-56.81902393112833,49.63773348792552,25.07166212930447,Sp0740+1502
-0.5,None,-36.66443510464805,40.51826818131471,-36.52602676537853,79.67403405573343,40.51826818131471,Sp0740-1724
-0.5,None,-52.12613876971068,30.127311389457827,-52.6884875082576,58.794364931127355,30.127311389457827,Sp0741+0531
-0.5,None,-57.706002337884414,23.27069360366243,-57.984272717770715,47.022936154279506,23.27069360366243,Sp0741+1738
-0.5,None,-46.374853196367006,35.123582442548,-46.51842542109617,67.96376718510264,35.123582442548,Sp0741-0359
-0.5,None,-44.06173011992203,36.30946168610531,-44.50931757974543,70.76417958278688,36.30946168610531,Sp0741-0706
-0.5,None,-27.256964969371328,42.31177319008191,-27.97567893101685,81.15640748287885,42.31177319008191,Sp0743-2836
-0.5,None,-10.676515592272851,41.82188233676712,-11.419067902971333,65.23675824905375,41.82188233676712,Sp0745-4815
-0.5,None,-57.10665876473987,20.775251208112667,-59.93678016996309,44.442731873146286,20.775251208112667,Sp0746+2000
-0.5,None,-49.10028289109208,30.41392481314786,-52.10936173739568,61.27159434592771,30.41392481314786,Sp0748+0228
-0.5,None,-45.66999049058778,-6.93829365372731,-47.591381602367726,3.4696354615501823,-6.93829365372731,Sp0750+6131
-0.5,None,-28.737655232369477,40.12351267617425,-31.478353701300097,80.27095647568498,40.12351267617425,Sp0751-2530
-0.5,None,-54.683996252050925,21.976256136113605,-60.024451894695325,47.82426850410509,21.976256136113605,Sp0752+1612
-0.5,None,-51.34263083146005,25.816175115163254,-57.01157995862068,54.72739914296049,25.816175115163254,Sp0753+0854
-0.5,None,-54.25124478890732,21.73430445658592,-60.34582879812023,47.86204270170582,21.73430445658592,Sp0754+1603
-0.5,None,-29.263462211577963,38.88692172365869,-33.19895828328419,79.29314388527264,38.88692172365869,Sp0755-2404
-0.5,None,-19.06118889042795,40.162558887731976,-22.707585735184175,74.01659083504825,40.162558887731976,Sp0757-3635
-0.5,None,-37.107224449551985,34.8560243883671,-42.80792207263795,73.35789288311615,34.8560243883671,Sp0758-1252
-0.5,None,-16.414207549493877,40.11871069943579,-19.98957057508176,71.54584068948975,40.11871069943579,Sp0758-3945
-0.5,None,-47.307677559061624,27.51328486885103,-54.875890558434136,59.38983128781959,27.51328486885103,Sp0759+0323
-0.5,None,-48.30438576582455,-3.806624836665406,-52.95011906885692,9.44813465207485,-3.806624836665406,Sp0800+5511
-0.5,None,-47.563844898454256,-4.671498764612046,-52.19690448210533,8.24045818977838,-4.671498764612046,Sp0801+5624
-0.5,None,-46.67384857626137,26.932208582436488,-55.3721771150185,59.16678255812514,26.932208582436488,Sp0802+0319
-0.5,None,-48.9830953761897,24.00123337476103,-58.792237952365014,54.3189897153504,24.00123337476103,Sp0803+0827
-0.5,None,-45.47227998727735,27.25281994916564,-54.73832555529093,60.298347576706895,27.25281994916564,Sp0804+0151
-0.5,None,-46.37713667669722,26.430515380657408,-55.85017286200859,58.801742336293096,26.430515380657408,Sp0804+0330
-0.5,None,-44.194959434318626,-8.389746214178807,-48.371602244615104,2.8017025373860136,-8.389746214178807,Sp0804+6153
-0.5,None,-46.42703433571369,25.675116473254064,-56.67744583758301,57.92215720518185,25.675116473254064,Sp0805+0417
-0.5,None,-50.76375760550468,0.0015595232175108337,-58.09766046186708,16.087692396984203,0.0015595232175108337,Sp0805+4812
-0.5,None,-38.72237607665466,31.537900769269196,-47.30963136353458,68.93403626412422,31.537900769269196,Sp0805-0835
-0.5,None,-21.7851120845594,38.20496348416792,-27.490049780618076,75.52297625492209,38.20496348416792,Sp0805-3158
-0.5,None,-24.169360586458964,37.41166507047336,-30.529888727600557,76.43830376093517,37.41166507047336,Sp0806-2839
-0.5,None,-53.80688900850244,9.6211269257397,-65.19093446462006,31.476783738803647,9.6211269257397,Sp0807+3213
-0.5,None,-22.26895592480737,37.57038108661799,-28.62762244208518,75.50582701386949,37.57038108661799,Sp0807-3056
-0.5,None,-53.68664509990006,9.682990402630118,-65.36401142446961,31.700075392096966,9.682990402630118,Sp0808+3157
-0.5,None,-17.023999880724098,37.84308318320086,-23.13989767453191,71.76334015403113,37.84308318320086,Sp0809-3720
-0.5,None,-44.95131986845183,25.077359740960894,-56.98297669309735,58.18334642885292,25.077359740960894,Sp0810+0324
-0.5,None,-49.83588267653849,19.336174151426963,-63.350842560520526,48.18782480322885,19.336174151426963,Sp0810+1420
-0.5,None,-13.8687558371552,37.90745907575305,-19.651399199004224,68.95204095204122,37.90745907575305,Sp0810-4115
-0.5,None,-51.2593923679827,16.752246058646506,-65.15802045350837,43.88724936280357,16.752246058646506,Sp0811+1855
-0.5,None,-19.770812249200322,36.987650977309755,-26.863023046716524,73.59554439548315,36.987650977309755,Sp0811-3324
-0.5,None,-26.213388787075083,35.26197806809364,-34.61257506339542,75.46021138240069,35.26197806809364,Sp0812-2444
-0.5,None,-4.639022655757635,36.8287158375717,-9.588224748550735,59.48100831153913,36.8287158375717,Sp0813-5232
-0.5,None,-17.35753832561374,36.688232390455795,-24.75254073230715,71.70369508787913,36.688232390455795,Sp0814-3602
-0.5,None,-36.76611554093025,29.353879998466024,-48.65460693548876,67.43586608999402,29.353879998466024,Sp0815-0843
-0.5,None,-50.560699985176434,12.633450086107926,-67.98868559087542,38.906277063022756,12.633450086107926,Sp0818+2333
-0.5,None,-48.73439342633136,16.125362872070532,-66.38567576842838,44.94435632670824,16.125362872070532,Sp0819+1658
-0.5,None,-38.42326914632778,26.85844956666894,-52.373059751016825,63.86139351091271,26.85844956666894,Sp0819-0450
-0.5,None,-38.16363602453734,26.961055021625278,-52.119869681287824,64.1031859983994,26.961055021625278,Sp0819-0511
-0.5,None,-32.86688481258504,30.506309059392517,-44.90012242884223,70.15806934396952,30.506309059392517,Sp0819-1345
-0.5,None,-48.99448468765384,-0.5932710533555697,-61.94417520474687,17.92113377984069,-0.5932710533555697,Sp0821+4532
-0.5,None,-45.49967394957722,18.681702262259094,-64.0453880521362,50.32575278651429,18.681702262259094,Sp0823+1034
-0.5,None,-49.63717908337993,11.204127413301503,-69.19330382040843,37.6504479167806,11.204127413301503,Sp0823+2428
-0.5,None,-42.55981475063081,-9.930724768741154,-50.098060060942714,2.6796364620890722,-9.930724768741154,Sp0823+6125
-0.5,None,-48.64108484144054,12.689882016392989,-68.99858131392782,40.49072064247448,12.689882016392989,Sp0825+2115
-0.5,None,-27.249666608087463,31.18898557474492,-39.900820885300675,71.71835904748266,31.18898557474492,Sp0825-2021
-0.5,None,-19.81544102829437,33.57248147789949,-30.61866987942292,71.78530094829983,33.57248147789949,Sp0826-3040
-0.5,None,-48.18236870109112,-1.0938150336265842,-63.003921147048935,18.09384571968634,-1.0938150336265842,Sp0827+4502
-0.5,None,-3.527236168167805,34.77469434984229,-10.606874160777734,58.56445493854688,34.77469434984229,Sp0827-5216
-0.5,None,-49.2049369961025,7.907148519676083,-70.15442020145406,33.186615660460326,7.907148519676083,Sp0828+2853
-0.5,None,-31.523537045287704,28.1345714707073,-46.5908173022573,67.91864572059464,28.1345714707073,Sp0828-1309
-0.5,None,-30.248457491186194,28.8268277130863,-44.87399565114631,68.9576529142073,28.8268277130863,Sp0828-1506
-0.5,None,-45.942743949815764,15.30981996497805,-67.50281485175492,45.84925662711072,15.30981996497805,Sp0829+1456
-0.5,None,-48.64380581933591,8.803491543667974,-70.63535046289341,35.01485334335738,8.803491543667974,Sp0829+2646
-0.5,None,-37.70261223088712,23.7057430233592,-55.5880952785653,60.61647169673761,23.7057430233592,Sp0829-0238
-0.5,None,-43.64863097373683,17.639740734173735,-64.88573139092043,50.22156552577012,17.639740734173735,Sp0830+0947
-0.5,None,-38.54567653814338,22.740089365541436,-57.14744114194008,59.096096993243,22.740089365541436,Sp0830-0050
-0.5,None,-43.602634205255846,17.02309564265748,-65.5541862090657,49.49567421877598,17.02309564265748,Sp0831+1025
-0.5,None,-22.603794322556126,31.278056593382843,-35.757805276631984,71.17251536209496,31.278056593382843,Sp0831-2535
-0.5,None,-37.82614561091213,22.622376588148743,-56.907645587661825,59.310472995120634,22.622376588148743,Sp0832-0128
-0.5,None,-37.6805260100368,22.569790232245353,-56.89020090441034,59.3191974392235,22.569790232245353,Sp0832-0134
-0.5,None,-48.31002218426634,2.498279595674419,-68.50933810113608,25.17877387578668,2.498279595674419,Sp0833+3706
-0.5,None,-2.81298061679654,33.70780308085147,-10.949440030900659,57.906032882625674,33.70780308085147,Sp0833-5217
-0.5,None,-1.8554391621752793,33.68274762625941,-9.685225455066735,56.888694684620994,33.68274762625941,Sp0833-5336
-0.5,None,-42.851672574092845,16.253532879845597,-66.25568071230208,49.01009493840249,16.253532879845597,Sp0835+1029
-0.5,None,-33.155833855242236,24.676663758746816,-51.658257608955125,63.5856236407318,24.676663758746816,Sp0835-0819
-0.5,None,-16.739704934750964,31.834222094904934,-29.430825170660633,69.08504255088404,31.834222094904934,Sp0836-3250
-0.5,None,2.489769306414549,32.6562328131921,-4.815932673864389,52.21966099651914,32.6562328131921,Sp0838-5856
-0.5,None,-44.44950407865133,11.184416548753209,-71.48234775978783,41.51907989369912,11.184416548753209,Sp0840+1824
-0.5,None,-45.11808264239838,-4.9137167232718095,-62.10750873993541,14.081783545261016,-4.9137167232718095,Sp0840+4827
-0.5,None,-41.612837353099664,-10.57256119774902,-53.15236870720891,4.0806903250700355,-10.57256119774902,Sp0840+5911
-0.5,None,-46.731271856436564,1.6410520420935717,-70.36787994767565,25.40642902851511,1.6410520420935717,Sp0841+3611
-0.5,None,-41.436366443856734,-10.780936161615907,-52.904665859110864,3.7689163047383416,-10.780936161615907,Sp0841+5929
-0.5,None,-40.984252383737655,14.545316183612888,-67.72060614551195,48.012788328836585,14.545316183612888,Sp0843+1024
-0.5,None,-38.32658514207206,17.20896600030404,-63.53441135128532,52.70680811634102,17.20896600030404,Sp0844+0434
-0.5,None,-17.945017230685306,29.48329447961469,-33.232640768588546,68.18083137749962,29.48329447961469,Sp0844-2924
-0.5,None,-26.467030473849285,24.699670425181086,-46.4504765373461,65.109858798026,24.699670425181086,Sp0847-1532
-0.5,None,-23.292982831724437,26.098315198215243,-42.08505071799869,66.58004673378902,26.098315198215243,Sp0848-2019
-0.5,None,2.049814034747015,31.351625889746046,-7.142166272950296,52.93873615130769,31.351625889746046,Sp0848-5656
-0.5,None,17.323104912346754,28.050077675216478,14.060278150202034,34.54628019605078,28.050077675216478,Sp0848-7853
-0.5,None,-36.17164103832621,17.13240653902243,-62.46501311644413,53.667618006270104,17.13240653902243,Sp0849+0220
-0.5,None,-44.573111341974574,2.4314829018862367,-74.2738974684613,28.86107836295378,2.4314829018862367,Sp0850+3126
-0.5,None,-33.03831229128377,19.341734837218443,-57.78796300209665,57.560651811038696,19.341734837218443,Sp0850-0318
-0.5,None,-23.567430987851278,25.424883595785527,-43.08286268822999,65.93907111762627,25.424883595785527,Sp0850-1924
-0.5,None,-0.9144362030912816,31.12320598797485,-11.541142846825146,56.06591237114008,31.12320598797485,Sp0850-5227
-0.5,None,-31.96224023508276,-19.99405535184902,-36.735539371826356,-13.193480948657545,-19.99405535184902,Sp0851+7727
-0.5,None,-43.46978289531642,5.085086841122352,-75.71854490504161,33.80385035509149,5.085086841122352,Sp0852+2540
-0.5,None,-32.211829737954524,18.638620196348043,-58.0286747352055,57.053577290260904,18.638620196348043,Sp0853-0329
-0.5,None,-19.41846540473996,26.19829355755521,-38.300824806711496,66.08575387661469,26.19829355755521,Sp0853-2446
-0.5,None,-29.569687699308915,20.381036331526214,-53.95263740075653,59.84913704600404,20.381036331526214,Sp0854-0805
-0.5,None,-18.811462466533637,25.90485076918683,-38.023957611009486,65.68918665673357,25.90485076918683,Sp0855-2512
-0.5,None,-40.22713155368042,-11.526667307367008,-55.975579359127245,5.081004108941761,-11.526667307367008,Sp0857+5708
-0.5,None,-36.60521127006918,12.433559697206038,-68.43944600836141,47.80136370873414,12.433559697206038,Sp0858+0758
-0.5,None,-37.863725277887816,10.430067116663595,-71.4913219121332,44.64609155730401,10.430067116663595,Sp0859+1145
-0.5,None,-37.78881879297828,-14.701681336076334,-49.97289001548228,-0.9413911928771909,-14.701681336076334,Sp0859+6341
-0.5,None,-40.8614953196481,5.422450090221356,-77.03591673077979,36.20719636764532,5.422450090221356,Sp0900+2150
-0.5,None,11.840001400676679,28.8927432631405,4.893760278399977,41.93134597314478,28.8927432631405,Sp0901-6940
-0.5,None,-32.44301833879334,14.982701250655854,-62.600499290808585,52.72777298445994,14.982701250655854,Sp0902+0033
-0.5,None,-35.11992745558873,-17.488137229261717,-44.388456887555094,-6.446866475221744,-17.488137229261717,Sp0902+6939
-0.5,None,-34.542994922660846,12.43751088123624,-67.20896857891897,48.80579284673722,12.43751088123624,Sp0903+0540
-0.5,None,-39.41732246723321,-12.127658014735,-57.0868101884746,5.303083286662061,-12.127658014735,Sp0905+5623
-0.5,None,-28.11784482496472,16.898328488308955,-56.83302689267665,56.33401576440545,16.898328488308955,Sp0906-0611
-0.5,None,-11.668026966337667,25.846057390899983,-30.583000989458768,62.83822584837023,25.846057390899983,Sp0906-3332
-0.5,None,-10.823442335450594,26.13259532537808,-29.32788743444115,62.54511302112611,26.13259532537808,Sp0906-3449
-0.5,None,-10.14927536333466,26.304425149726107,-28.380006237546,62.24992110066144,26.304425149726107,Sp0906-3548
-0.5,None,-5.246505830917406,27.562001765598787,-21.229283982781794,59.409907171413586,27.562001765598787,Sp0907-4308
-0.5,None,-34.72690634963149,10.057346944460127,-70.31776656681188,45.817083088881006,10.057346944460127,Sp0908+0836
-0.5,None,-36.98415017534885,6.991494007673332,-75.311620721647,40.75834317630237,6.991494007673332,Sp0908+1459
-0.5,None,-40.27267207508449,-9.860649404191587,-62.66155043378353,10.321096830186363,-9.860649404191587,Sp0908+5032
-0.5,None,-38.17007045011221,4.532246407288626,-78.29553709270468,36.793475790481665,4.532246407288626,Sp0909+1940
-0.5,None,-32.59849007529344,-19.796181254252502,-40.367418712744595,-10.640242223884348,-19.796181254252502,Sp0911+7401
-0.5,None,-38.70498351001041,1.682280037440706,-80.29162856135294,32.4855933436845,1.682280037440706,Sp0912+2425
-0.5,None,-25.950785181963898,15.883343293675821,-56.10841977436006,55.7088371699971,15.883343293675821,Sp0913-0733
-0.5,None,9.88830520712441,28.022944324955123,0.3231032525219815,44.65247448975601,28.022944324955123,Sp0914-6514
-0.5,None,-37.25653742610862,2.268888675794988,-80.48754753172959,34.30195998107119,2.268888675794988,Sp0916+2139
-0.5,None,-23.09568900674844,16.49517799612716,-52.71853506529688,56.82626337679291,16.49517799612716,Sp0916-1121
-0.5,None,-28.443855144234913,11.136240380375433,-64.05496859564839,49.67222225990018,11.136240380375433,Sp0919+0016
-0.5,None,-36.62850382660313,1.5205765441045576,-81.2442467148419,33.68367772916593,1.5205765441045576,Sp0919+2154
-0.5,None,-36.43033872726409,-15.623462608187417,-53.95437265060171,0.8891381592205742,-15.623462608187417,Sp0921+6017
-0.5,None,-16.741862587754163,19.070821311226958,-43.444071401242276,59.28927763258982,19.070821311226958,Sp0921-2104
-0.5,None,-23.32006844493796,14.318520819260035,-55.441665039818034,54.471183365644904,14.318520819260035,Sp0922-0852
-0.5,None,19.31599919339685,26.30323224628456,14.999963102631451,32.65015523940708,26.30323224628456,Sp0922-8010
-0.5,None,-36.22196578608172,-0.0666985606990486,-82.55837494459458,31.744182937695246,-0.0666985606990486,Sp0923+2340
-0.5,None,-15.273139942112584,19.324516599978043,-41.61792748046523,59.25885902771996,19.324516599978043,Sp0923-2300
-0.5,None,-12.563876458526488,20.64783556651292,-37.251533265620566,59.62800163550812,20.64783556651292,Sp0923-2727
-0.5,None,11.717531688852832,26.99235959052957,1.8406032496598077,42.733549883120915,26.99235959052957,Sp0924-6655
-0.5,None,-33.819291868670376,2.41141438003646,-79.64971678917811,36.59249300664869,2.41141438003646,Sp0925+1704
-0.5,None,-36.93894130503659,-3.5387877794851215,-81.51253382376593,26.129046274945452,-3.5387877794851215,Sp0925+3007
-0.5,None,-37.18335691615116,-13.434063944415156,-61.04567782449745,6.704265758103309,-13.434063944415156,Sp0926+5309
-0.5,None,-37.52005721430433,-9.40151734037302,-71.3665401109544,15.545620116912504,-9.40151734037302,Sp0928+4230
-0.5,None,-28.14338812429678,6.247242652766461,-69.90081815878474,44.02665189876748,6.247242652766461,Sp0931+0528
-0.5,None,-35.41612411407942,-3.649250640097355,-83.64602462943508,27.1499184408533,-3.649250640097355,Sp0931+2802
-0.5,None,-36.63991077697089,-7.427105440984911,-77.03076403950678,20.120059818284506,-7.427105440984911,Sp0931+3638
-0.5,None,-16.91119115931058,15.492073957906973,-47.56855746908074,55.95533590134067,15.492073957906973,Sp0931-1717
-0.5,None,-34.85555504023183,-3.5056408208268244,-84.42648802025404,27.774868566997675,-3.5056408208268244,Sp0932+2659
-0.5,None,-17.099036884396583,14.483061398328807,-48.88340622724223,54.98750161462365,14.483061398328807,Sp0933-1602
-0.5,None,-1.098792142926649,23.059852801571118,-21.193184569716337,54.79701392150755,23.059852801571118,Sp0933-4353_1
-0.5,None,-1.096344496619115,23.056406583847046,-21.194001983254267,54.79400665673574,23.056406583847046,Sp0933-4353_2
-0.5,None,-10.879960748043082,17.3963680698725,-38.913978927209094,56.550435651105936,17.3963680698725,Sp0936-2609
-0.5,None,-6.512483193259279,19.78984048190269,-31.334174424651046,56.53003517203675,19.78984048190269,Sp0936-3346
-0.5,None,-9.628726916842302,17.574102601907327,-37.311707854715195,56.29074574997791,17.574102601907327,Sp0938-2748
-0.5,None,-33.99391875316791,-5.988539405422985,-83.86422940796832,24.728946775272373,-5.988539405422985,Sp0939+2935
-0.5,None,-35.37699397208408,-10.151826383061742,-74.5159611009344,16.61914576195644,-10.151826383061742,Sp0939+3950
-0.5,None,-34.23066565152524,-7.8175520455275915,-80.92950784993826,21.693661251692493,-7.8175520455275915,Sp0941+3315
-0.5,None,-31.882151978730118,-4.217042633936074,-87.01995059705096,28.786597768398533,-4.217042633936074,Sp0942+2351
-0.5,None,4.218853196337497,22.950219770466713,-14.427262022168117,50.52015860762367,22.950219770466713,Sp0942-5047
-0.5,None,-21.84411465924358,6.85205794347423,-62.62265658225113,46.55688394790387,6.85205794347423,Sp0943-0229
-0.5,None,-2.667010178459265,19.889365718757237,-26.6452217053077,54.48124414649258,19.889365718757237,Sp0943-3833
-0.5,None,-32.6794168578765,-19.82774722033357,-49.063369646777765,-4.990307141130193,-19.82774722033357,Sp0944+6537
-0.5,None,-6.625442081552309,17.631694314592192,-33.796362079820675,55.176637063749844,17.631694314592192,Sp0944-3124
-0.5,None,-23.16209711497323,3.8835182952659593,-67.60145597302521,42.87400072730704,3.8835182952659593,Sp0947+0224
-0.5,None,-33.477727972102876,-10.600396204514885,-77.45097862511125,17.783153012833196,-10.600396204514885,Sp0947+3710
-0.5,None,-22.036939691950025,5.1308588743009915,-64.85691051872998,44.58520225070194,5.1308588743009915,Sp0947-0020
-0.5,None,-25.17204773605571,1.1014815726244684,-73.31824791003262,38.95335280754634,1.1014815726244684,Sp0949+0806
-0.5,None,12.0340187573763,23.91531208690167,-1.96976203413957,42.97581731385534,23.91531208690167,Sp0951-6317
-0.5,None,-16.40779612189758,7.943593628691171,-55.344065879260484,48.42925550791003,7.943593628691171,Sp0952-0955
-0.5,None,-10.809238647988161,10.609304786372563,-46.09724723506361,50.739490984667555,10.609304786372563,Sp0956-1910
-0.5,None,-0.8265083660046664,17.428146116365994,-27.077657835766992,52.12270536483509,17.428146116365994,Sp0956-3811
-0.5,None,1.6302158231518364,18.63813957610315,-22.697968655038743,51.16392841798989,18.63813957610315,Sp0956-4234
-0.5,None,-29.457460617153615,-8.205848156220098,-88.23468854800115,24.719786249914446,-8.205848156220098,Sp0957+2627
-0.5,None,7.869161668838218,21.20261584263612,-11.523539161122123,47.03256141945789,21.20261584263612,Sp0958-5344
-0.5,None,-27.01641720717281,-6.212342564418289,-85.1976362861515,28.92092438197876,-6.212342564418289,Sp0959+2002
-0.5,None,-14.757898888585665,6.129187394364829,-55.42848471083532,46.63907534974559,6.129187394364829,Sp1000-0949
-0.5,None,-28.127846940274466,-9.140381913442376,-87.97749207792113,24.25492580702729,-9.140381913442376,Sp1002+2556
-0.5,None,-31.084522989738918,-21.241247546796185,-50.896236661136754,-4.7053128748861806,-21.241247546796185,Sp1002+6349
-0.5,None,-18.128636114480077,1.8136887988660815,-64.11403858092329,41.69190845576774,1.8136887988660815,Sp1003-0105
-0.5,None,-12.111951186548122,6.546030288213687,-51.89922266750788,47.042646416894584,6.546030288213687,Sp1004-1318
-0.5,None,-1.7967374131705929,14.265479831598414,-31.642682924798827,50.78322896299946,14.265479831598414,Sp1004-3335
-0.5,None,-12.599506671821668,5.8953908373569766,-53.156635504761184,46.419354468571676,5.8953908373569766,Sp1005-1202
-0.5,None,-9.957481367677381,7.5778182411602,-48.29307081735864,47.85215213881843,7.5778182411602,Sp1006-1653
-0.5,None,-28.523893178588914,-13.2598263001341,-80.82277639989228,17.826431108288936,-13.2598263001341,Sp1009+3324
-0.5,None,-24.492243384954396,-8.843435067966919,-84.21379977001564,26.753510760345705,-8.843435067966919,Sp1011+2019
-0.5,None,-29.727110589988115,-16.7617451747982,-71.70120590438012,10.634963978549026,-16.7617451747982,Sp1011+4245
-0.5,None,-1.8605015284101873,11.798580575866511,-34.30531545769821,49.1687566751885,11.798580575866511,Sp1012-3049
-0.5,None,-28.045325421147904,-14.775711135215746,-78.69625334065177,15.799104439185395,-14.775711135215746,Sp1013+3520
-0.5,None,20.683877504697996,23.979823062221175,13.473985232149623,32.08844790179088,23.979823062221175,Sp1013-7842
-0.5,None,-25.639548954098036,-12.746746877334372,-84.32550494358593,20.708284934332127,-12.746746877334372,Sp1016+2751
-0.5,None,-18.47851952261197,-4.889227996226286,-71.81599350420714,34.00970527556475,-4.889227996226286,Sp1017+0719
-0.5,None,-1.395124775642401,9.791284264780403,-35.811671736195365,47.5631936394205,9.791284264780403,Sp1018-2909
-0.5,None,-28.07656954232791,-24.392307470505735,-40.303957899154724,-13.619594533775702,-24.392307470505735,Sp1019+7419
-0.5,None,-2.3136816768380757,8.903684855270434,-37.82986372117281,47.23372519052826,8.903684855270434,Sp1019-2707
-0.5,None,-28.772577508872594,-20.76143115998937,-63.34315739339484,3.3749013114175708,-20.76143115998937,Sp1021+5055
-0.5,None,-4.9825550345802085,5.885490869668322,-44.09610451897385,45.521481017921424,5.885490869668322,Sp1021-2044
-0.5,None,-15.241137837680839,-3.741367582701759,-66.39151876263936,36.07171805852423,-3.741367582701759,Sp1022+0200
-0.5,None,-27.43870851380823,-18.29030344313802,-72.57803747330846,10.33329886127092,-18.29030344313802,Sp1022+4114
-0.5,None,-28.90777490444119,-22.565223222343086,-55.95886107607162,-2.261301775242765,-22.565223222343086,Sp1022+5825
-0.5,None,-15.80726549279734,-5.829490886362398,-69.19502213998803,33.60847491643077,-5.829490886362398,Sp1025+0512
-0.5,None,-19.23048758688538,-11.209259369625846,-78.53619545755095,26.12110432580043,-11.209259369625846,Sp1029+1626
-0.5,None,-22.22209129529663,-14.742101651441502,-82.1757498697028,20.00199218838407,-14.742101651441502,Sp1029+2546
-0.5,None,12.090221568951012,16.50835072264662,-11.25025592560883,42.54739802738799,16.50835072264662,Sp1031-5338
-0.5,None,-14.17304775211786,-7.302799971541014,-68.39370950040532,32.29962500794296,-7.302799971541014,Sp1032+0501
-0.5,None,-25.339278124026922,-19.978345771757294,-72.43947726879034,9.48049466031094,-19.978345771757294,Sp1032+4027
-0.5,None,7.128270261661873,12.299053331693388,-22.585757168115734,44.762033271130136,12.299053331693388,Sp1032-4208
-0.5,None,11.939028209878181,16.108021570026008,-11.93256112850574,42.58909319942331,16.108021570026008,Sp1032-5255
-0.5,None,-17.108907235938133,-10.765102567786784,-75.30983827657907,27.45712424104752,-10.765102567786784,Sp1033+1303
-0.5,None,-20.812600037389753,-15.712733136076032,-80.93618625821301,19.4667529386881,-15.712733136076032,Sp1035+2507
-0.5,None,-2.022860050739974,3.0589762471580646,-43.27758612897264,42.46210363763868,3.0589762471580646,Sp1035-2058
-0.5,None,10.358866520461985,14.048545117287725,-16.442408230370322,43.25458286539636,14.048545117287725,Sp1035-4816
-0.5,None,-18.755132422741013,-13.814946620698816,-79.17116052727222,23.015941636959433,-13.814946620698816,Sp1036+1923
-0.5,None,4.5638863296258485,8.51397291758421,-29.77187471686989,44.1219596662342,8.51397291758421,Sp1036-3441
-0.5,None,8.977280097973168,12.468706547494294,-20.00739319675121,43.634478205182596,12.468706547494294,Sp1036-4437
-0.5,None,-21.89098309454885,-17.83440901515944,-79.20806085328203,15.788044394954499,-17.83440901515944,Sp1037+3011
-0.5,None,-16.44580709236988,-13.053408201189109,-75.90412553331916,24.901313264695343,-13.053408201189109,Sp1039+1512
-0.5,None,-9.85990836157467,-6.292693644899562,-61.812286522680935,34.054134535951746,-6.292693644899562,Sp1039-0121
-0.5,None,-8.366991231567674,-6.045046789611754,-59.663012611633825,34.422725989064155,-6.045046789611754,Sp1042-0323
-0.5,None,0.983929140216144,2.94797150148728,-39.68654409093338,41.573888221340454,2.94797150148728,Sp1042-2416
-0.5,None,-5.661873891329922,-3.7103365869554548,-54.13036314630305,36.784705213267515,-3.7103365869554548,Sp1043-0912
-0.5,None,16.656897780520246,17.421675214671748,-3.4941353624341556,38.49032494257947,17.421675214671748,Sp1044-6112
-0.5,None,-8.331098376397877,-7.415681401987576,-60.80621986408126,33.00073793109408,-7.415681401987576,Sp1045-0149
-0.5,None,2.3382460160916785,3.230426379215138,-37.743542543369195,41.36568570442966,3.230426379215138,Sp1045-2607
-0.5,None,-23.75458480339685,-23.422291955078418,-67.53909019952091,4.776985789984373,-23.422291955078418,Sp1046+4441
-0.5,None,-1.7945926032013224,-1.5712041063677549,-47.3473202411495,38.394281545873625,-1.5712041063677549,Sp1046-1602
-0.5,None,15.422262100763199,15.62769069802885,-7.579783781496921,39.49891753437556,15.62769069802885,Sp1046-5658
-0.5,None,-26.104386171698092,-26.20670556713585,-38.11087697925551,-16.21055240262071,-26.104386171698092,Sp1047+7613
-0.5,None,-0.6851428399776314,-0.7039512618512188,-45.17465067783781,38.958476546419995,-0.6851428399776314,Sp1047-1815
-0.5,None,-8.85949334260238,-9.448693195604706,-63.181262229369665,30.80171613879332,-8.85949334260238,Sp1048+0111
-0.5,None,-3.5882501327476066,-3.922470054167804,-51.707565421800915,36.45033634453377,-3.5882501327476066,Sp1048-1120
-0.5,None,-0.003775396073498072,-0.3567976052204702,-44.00994948234655,39.114117381532104,-0.003775396073498072,Sp1048-1925
-0.5,None,8.881227452086993,8.645997680259676,-24.177169991677243,41.891828756078105,8.881227452086993,Sp1048-3956
-0.5,None,14.112429822918104,13.8851337885906,-11.51381073047541,40.28641647719839,14.112429822918104,Sp1048-5254
-0.5,None,14.379218218674886,13.934652025996488,-11.084460088883489,40.079572375738806,14.379218218674886,Sp1049-5319
-0.5,None,-23.909530810823117,-24.96956509300424,-63.33556162894437,1.2813748500565036,-23.909530810823117,Sp1050+4907
-0.5,None,11.470799751273837,10.494977623126443,-18.869519967873135,41.13400553889491,11.470799751273837,Sp1050-4517
-0.5,None,-24.912529458349432,-26.049620066313505,-56.915206723797276,-3.4914115143164226,-24.912529458349432,Sp1051+5613
-0.5,None,12.964823790634249,11.752096160204742,-15.507381634549553,40.554925006094,12.964823790634249,Sp1051-4841
-0.5,None,7.839430729320889,5.283271151462413,-28.89319255570324,40.52542060846362,7.839430729320889,Sp1054-3445
-0.5,None,15.532997245996727,13.70463509229529,-9.735835027284617,39.06948448232871,15.532997245996727,Sp1054-5431
-0.5,None,-10.099570844486477,-13.906544154987003,-68.03620983236657,25.70056298622361,-10.099570844486477,Sp1055+0808
-0.5,None,21.52718614006411,20.566785549363424,9.155906899436244,32.555579452740496,21.52718614006411,Sp1055-7356
-0.5,None,-9.486132643856115,-13.610476699435836,-67.04405116265855,26.15580554153529,-9.486132643856115,Sp1056+0700
-0.5,None,0.6693703405050816,-4.219358119735783,-46.62369255446095,35.6272404885479,0.6693703405050816,Sp1058-1548
-0.5,None,3.2125856936033896,-1.957082852808011,-41.460786112849256,37.00225731317812,3.2125856936033896,Sp1059-2113
-0.5,None,-22.54131679677331,-26.636849983944824,-61.822434772170105,-0.4475112404934087,-22.54131679677331,Sp1100+4957
-0.5,None,-24.69655119744267,-27.7158045677396,-48.219253938507286,-10.157488771663042,-24.69655119744267,Sp1101+6508
-0.5,None,-12.844657021161384,-20.16172198671352,-73.46884365353138,17.42415704245072,-12.844657021161384,Sp1104+1959
-0.5,None,19.843640407431973,16.315393623598755,-0.03582468928384288,35.295576196897905,19.843640407431973,Sp1104-6412
-0.5,None,-20.13580576908248,-26.57989869143623,-66.37879129914697,2.9046368041909063,-20.13580576908248,Sp1105+4331
-0.5,None,-6.2168484765950245,-14.808963028875306,-63.53766916297733,25.35931601064723,-6.2168484765950245,Sp1106+0428
-0.5,None,-22.21618623354878,-27.922082207851442,-58.74376731181374,-3.106872798802881,-22.21618623354878,Sp1106+5259
-0.5,None,-10.245357604768031,-19.688755602195013,-70.68661065248938,18.932065708826535,-10.245357604768031,Sp1108+1545
-0.5,None,3.3156058500424845,-7.471370130186163,-46.0226980902862,32.28884198227774,3.3156058500424845,Sp1112-1502
-0.5,None,-19.13674233092165,-28.35013009266607,-64.06133191401969,0.6281656846318451,-19.13674233092165,Sp1114+4516
-0.5,None,-13.737391662201942,-25.35797235411812,-71.7104030468896,10.079805181105073,-13.737391662201942,Sp1115+2902
-0.5,None,7.844728135063553,-3.5741395908072415,-37.10267411912711,34.3490363730186,7.844728135063553,Sp1115-2429
-0.5,None,21.719462194607207,16.649536297183186,3.4656662297061227,33.27324901279143,21.719462194607207,Sp1115-6731
-0.5,None,-4.755440104612928,-19.431314143493466,-64.0587662445706,20.527031545267906,-4.755440104612928,Sp1119+0820
-0.5,None,-18.621598704847347,-29.459528125762887,-62.376283437869425,-0.9860223953284031,-18.621598704847347,Sp1119+4641
-0.5,None,4.644988388038149,-10.353059627927358,-46.59629036376894,29.506840807397758,4.644988388038149,Sp1121-1313
-0.5,None,-2.311639682158932,-18.085443552424273,-60.396808415865344,22.282445520488157,-2.311639682158932,Sp1122+0343
-0.5,None,-15.348110681146185,-28.83794772244436,-67.26437998373557,3.6525635280065254,-15.348110681146185,Sp1122+3755
-0.5,None,5.326632222445643,-9.873501339148243,-45.37978816381531,29.810031383361846,5.326632222445643,Sp1122-1431
-0.5,None,14.75090980049735,2.475793488788106,-22.843180628773073,35.25785891043088,14.75090980049735,Sp1122-3916
-0.5,None,21.991284781371416,15.176895842324663,1.8248203634399751,33.12185568780902,21.991284781371416,Sp1122-6533
-0.5,None,1.649463894566716,-14.460952944251384,-53.26266467678837,26.012512185985003,1.649463894566716,Sp1123-0509
-0.5,None,-15.162781542590228,-29.13862847638764,-66.92945180649366,3.31444725663645,-15.162781542590228,Sp1124+3808
-0.5,None,16.096858646452723,3.635433424446165,-19.954746671876485,35.06301144206804,16.096858646452723,Sp1124-4213
-0.5,None,11.168203700437857,-4.435794932035127,-33.69170530871641,32.53101272567474,11.168203700437857,Sp1126-2706
-0.5,None,-21.744378282024815,-30.566291661723202,-48.15246564190762,-11.62134662175743,-21.744378282024815,Sp1127+6346
-0.5,None,-0.11053020994963819,-18.573452827807433,-57.89212676526486,21.916828223362504,-0.11053020994963819,Sp1128+0141
-0.5,None,7.649832885684703,-9.691594230567581,-42.336805575730956,29.477005673579143,7.649832885684703,Sp1128-1715
-0.5,None,-17.536176468660084,-31.389428920835396,-59.62637824640992,-3.6558674453937403,-17.536176468660084,Sp1130+4848
-0.5,None,21.275330277719668,10.823468817452563,-4.942771766506249,33.601646581116306,21.275330277719668,Sp1130-5759
-0.5,None,22.749996085007073,13.998329338909464,1.413717398369796,32.39182237102056,22.749996085007073,Sp1131-6446
-0.5,None,-2.663934883927425,-23.41212078852647,-62.850608957555316,16.47392471180479,-2.663934883927425,Sp1133+1039
-0.5,None,1.9801719720033681,-19.53227672280852,-55.778378909845465,20.998326373667073,1.9801719720033681,Sp1134+0022
-0.5,None,3.0432533332898437,-18.190845656752924,-53.75767440563528,22.321549945042378,3.0432533332898437,Sp1134-0224
-0.5,None,5.812912866373409,-16.09955579470809,-49.08301058598796,24.118639877969386,5.812912866373409,Sp1136-0755
-0.5,None,8.840013157289533,-13.184574082857395,-43.39947811033578,26.23801027430936,8.840013157289533,Sp1138-1432
-0.5,None,14.26370031316131,-5.903964203930183,-31.065838639528945,30.266943017125417,14.26370031316131,Sp1138-2842
-0.5,None,4.542603965198881,-18.997892863549296,-52.33421955107745,21.475136281906074,4.542603965198881,Sp1139-0310
-0.5,None,12.650654324610393,-9.745527122725916,-36.15737661405468,28.031801947024135,12.650654324610393,Sp1141-2232
-0.5,None,2.3993946358683353,-23.208286279246796,-56.845098356385385,17.26325034594613,2.3993946358683353,Sp1143+0413
-0.5,None,-19.10153353105046,-32.87278637152959,-49.474989341855796,-11.702502143037767,-19.10153353105046,Sp1144+6043
-0.5,None,19.813387490286622,0.9967448491437657,-17.735810594469005,31.49840701331089,19.813387490286622,Sp1144-4302
-0.5,None,12.674805609624135,-11.666509776576774,-37.56598537384182,26.51936612486246,12.674805609624135,Sp1145-2021
-0.5,None,-9.707670818726063,-32.933970063040974,-64.13681730566789,1.5838850159397277,-9.707670818726063,Sp1146+3431
-0.5,None,22.890108289318707,6.906269977195499,-7.2770072631323925,31.459935317404803,22.890108289318707,Sp1147-5424
-0.5,None,15.32684710986515,-9.391063942041423,-32.56409166559598,27.359167258871686,15.32684710986515,Sp1148-2544
-0.5,None,20.01989662111874,-1.4336471925600356,-19.815130020608628,30.160869246698013,20.01989662111874,Sp1149-4012
-0.5,None,16.736233576232827,-7.9960783038303855,-29.705239820534675,27.788934906502355,16.736233576232827,Sp1150-2850
-0.5,None,17.530807085093006,-6.308477055065806,-27.319842422206182,28.573716468292393,17.530807085093006,Sp1150-3139
-0.5,None,-4.341037438924358,-32.289143375035486,-63.41836828327278,5.4508556550427185,-4.341037438924358,Sp1152+2438
-0.5,None,-21.827776661409057,-30.61224155832033,-38.19170686707263,-18.641613194672644,-21.827776661409057,Sp1152+7412
-0.5,None,3.4803651385981844,-26.631380598525034,-56.59618353034824,13.771637168084153,3.4803651385981844,Sp1153+0659
-0.5,None,5.931044706175763,-24.474475892856113,-53.10452056494426,16.058107422472023,5.931044706175763,Sp1154+0135
-0.5,None,4.3617017633124675,-26.675368143336758,-55.604155051655944,13.784905505992423,4.3617017633124675,Sp1155+0559
-0.5,None,15.619365771534023,-12.524791861293277,-34.554512009128516,24.91238598571324,15.619365771534023,Sp1155-2224
-0.5,None,20.359756879406838,-3.9444284933404794,-21.695257378490584,28.600682084086984,20.359756879406838,Sp1155-3727
-0.5,None,23.403668815669782,2.340337644711567,-11.603897125119122,29.665711875980776,23.403668815669782,Sp1157-4844
-0.5,None,1.5001315523957903,-30.305122156205893,-59.13429996517315,9.540102949225515,1.5001315523957903,Sp1158+1354
-0.5,None,-9.598441113001666,-35.99305849928948,-60.12419039409722,-3.273932299197184,-9.598441113001666,Sp1158+3953
-0.5,None,15.117076312779263,-15.04420817756714,-36.92202681463584,23.102173199446394,15.117076312779263,Sp1158-1900
-0.5,None,17.267288698857463,-11.089661377012487,-31.465156693106586,25.38581296328423,17.267288698857463,Sp1158-2545
-0.5,None,7.351486407257011,-25.318477041861886,-51.72730271522775,15.199318219453945,7.351486407257011,Sp1159+0057
-0.5,None,-1.2972053098177294,-32.95037242792155,-61.15583123945611,5.753988111756745,-1.2972053098177294,Sp1159+2105
-0.5,None,24.3747880752155,4.508995290384319,-7.916549076570871,29.647439183087997,24.3747880752155,Sp1159-5247
-0.5,None,-1.0605701691698866,-32.99985163324623,-60.96476659905487,5.7701614729375,-1.0605701691698866,Sp1200+2048
-0.5,None,-6.159381321415336,-35.75091689948511,-61.423073768999686,-0.22554256496404443,-6.159381321415336,Sp1201+3248
-0.5,None,-9.445258651915736,-36.61412094536914,-59.26528409785191,-4.2116336789303235,-9.445258651915736,Sp1201+4046
-0.5,None,13.173080623003106,-19.250887287514836,-41.898136021220736,20.098605025549016,13.173080623003106,Sp1201-1213
-0.5,None,18.649906596408794,-10.688169451451312,-29.452718349013672,25.120859291219173,18.649906596408794,Sp1201-2737
-0.5,None,19.294916695415058,-9.611414341121225,-27.817009096122476,25.587623867911695,19.294916695415058,Sp1201-2932
-0.5,None,-9.766722494518856,-36.89943519449145,-58.54636463426402,-5.052050220730882,-9.766722494518856,Sp1202+4204
-0.5,None,11.065989630276468,-22.369261286934822,-46.075848263463925,17.69353769747302,11.065989630276468,Sp1202-0629
-0.5,None,8.62491240598019,-25.962330413413373,-50.455217713172964,14.525023211725697,8.62491240598019,Sp1203+0015
-0.5,None,-5.262049031341785,-36.36741142177409,-60.79263783894,-0.5578345883152918,-5.262049031341785,Sp1204+3212
-0.5,None,19.607078273794524,-11.213359124962036,-28.671808429307045,24.356363241207678,19.607078273794524,Sp1205-2758
-0.5,None,23.025396887397346,-4.417041292884377,-18.724344143720863,26.847615526575947,23.025396887397346,Sp1206-3937
-0.5,None,23.097648154856362,-3.9476047361255397,-18.20236965546683,27.052078042977865,23.097648154856362,Sp1206-4017
-0.5,None,-21.172380829206343,-31.139086438873186,-36.68515899610484,-19.99546519614067,-21.172380829206343,Sp1207+7521
-0.5,None,-21.433853552555178,-30.77916837119965,-35.94865510998987,-20.328161757386734,-21.433853552555178,Sp1207+7617
-0.5,None,23.142993763785487,-4.573530688117709,-18.71624998518508,26.696675657849354,23.142993763785487,Sp1207-3932
-0.5,None,7.5150235331258655,-29.59093907335091,-52.693283766069456,10.926160477708233,7.5150235331258655,Sp1209+0542
-0.5,None,5.400658233346981,-31.96132210666599,-55.22422259383361,8.307766166502585,5.400658233346981,Sp1210+1100
-0.5,None,8.685510747610218,-29.375019573566018,-51.34481516726185,11.15926167837417,8.685510747610218,Sp1211+0406
-0.5,None,15.78032806240463,-20.87657997581075,-39.64718089647111,18.124912446660332,15.78032806240463,Sp1211-1304
-0.5,None,-6.638720892604017,-38.80657537305211,-57.68477866763251,-5.370790492362755,-6.638720892604017,Sp1213+3900
-0.5,None,12.691900552648594,-25.629858752390216,-45.55721949656309,14.488951895292393,12.691900552648594,Sp1213-0432
-0.5,None,11.076282296682844,-28.871844447456564,-48.51744083193109,11.583068033880501,11.076282296682844,Sp1215+0050
-0.5,None,-13.984603277928258,-37.58511744779893,-48.948672143129414,-13.766617881007646,-13.984603277928258,Sp1216+5709
-0.5,None,11.546240273472003,-29.10440044724473,-48.045839655896096,11.330802044207024,11.546240273472003,Sp1217+0035
-0.5,None,14.5701888609079,-26.23928733003331,-43.592426406476704,13.668222838069944,14.5701888609079,Sp1218-0550
-0.5,None,-2.7892070465456227,-39.77182106346796,-57.40222282370723,-3.960134872639492,-2.7892070465456227,Sp1220+3315
-0.5,None,11.422312202197055,-31.08183018365264,-48.65435203159228,9.420797783238697,11.422312202197055,Sp1221+0257
-0.5,None,8.671600292307541,-33.57574560508823,-51.93366901681786,6.885905509515148,8.671600292307541,Sp1221+0857
-0.5,None,26.91689182221388,-2.6726380783385606,-12.028389321579745,25.25524053795841,26.91689182221388,Sp1221-4548
-0.5,None,16.931432569671035,-25.595275987783065,-40.56159356947049,13.816493902998372,16.931432569671035,Sp1223-0858
-0.5,None,23.43846813011161,-14.415265799324622,-26.33188427835246,20.51011186626753,23.43846813011161,Sp1223-2757
-0.5,None,18.565167683336806,-23.76351972743888,-37.80369163766585,15.012668872282283,18.565167683336806,Sp1224-1238
-0.5,None,19.296102107873654,-23.1488224104167,-36.63632551189543,15.33430758746828,19.296102107873654,Sp1225-1402
-0.5,None,23.313651925607235,-17.505420191470524,-28.58682427975069,18.38311689037198,23.313651925607235,Sp1228-2415
-0.5,None,11.077420620089617,-35.094347554464896,-49.53036634139689,5.4276888408798545,11.077420620089617,Sp1229+0752
-0.5,None,3.273774004728988,-41.233532217931256,-54.59496712133906,-2.872796491672902,3.273774004728988,Sp1232+2528
-0.5,None,19.192660726378676,-26.837873626909335,-38.44106104121607,12.254054228742122,19.192660726378676,Sp1232-0951
-0.5,None,28.841264991646135,11.476754942591768,7.89456305649092,26.091424394849504,28.841264991646135,Sp1232-6856
-0.5,None,29.27324831024916,-1.0757385965788695,-7.243624830432254,24.199194859097275,29.27324831024916,Sp1233-5020
-0.5,None,9.757382677387165,-38.46226382402194,-50.69763642789813,1.8405848946408034,9.757382677387165,Sp1235+1318
-0.5,None,6.328139481665804,-41.27729755644415,-52.76330167807202,-1.932930429956201,6.328139481665804,Sp1237+2107
-0.5,None,14.97618513420974,-35.70313267919332,-45.50805072880201,4.7664626119431235,14.97618513420974,Sp1239+0410
-0.5,None,-10.247085202433322,-41.19354259279885,-47.261992463072175,-16.043283885140873,-10.247085202433322,Sp1239+5515
-0.5,None,26.506514396576275,-17.722662224421054,-24.891837426452554,16.898802099014855,26.506514396576275,Sp1239-2658
-0.5,None,28.845866361733684,13.783695552773178,11.585082075951924,25.554018855351366,28.845866361733684,Sp1239-7304
-0.5,None,28.202929942369924,-14.834729544382318,-20.834795533365796,18.011145485340773,28.202929942369924,Sp1241-3152
-0.5,None,31.188826768933616,2.4839804259965454,-0.5282734948016483,23.582804510905248,31.188826768933616,Sp1245-5721
-0.5,None,15.039418740266719,-38.43965369210608,-45.59684870326585,2.0870409859248005,15.039418740266719,Sp1246+0706
-0.5,None,2.815727116073035,-45.242132462479894,-51.85252745086174,-8.415154551748069,2.815727116073035,Sp1246+3148
-0.5,None,-1.7156378646504384,-45.19421307235126,-51.10850070532153,-11.796384943047102,-1.7156378646504384,Sp1246+4027
-0.5,None,29.1021129164642,-15.702076012848899,-20.372076814427075,17.017629286451477,29.1021129164642,Sp1246-3139
-0.5,None,-0.7956449629873327,-45.459630078251706,-51.191007348987874,-11.379200473945327,-0.7956449629873327,Sp1247+3857
-0.5,None,-7.785743703791968,-43.306233820012125,-46.944295727561546,-16.672369918127398,-7.785743703791968,Sp1249+5255
-0.5,None,28.462463488246367,-19.82117429075547,-23.905105120274264,14.591764901796255,28.462463488246367,Sp1249-2617
-0.5,None,19.947898170233593,-34.95396106448254,-40.04947062311203,4.942078812727694,19.947898170233593,Sp1250-0149
-0.5,None,27.375307404416276,-23.348264819032565,-27.23882348282292,12.51161974484059,27.375307404416276,Sp1250-2121
-0.5,None,-4.0649410877622,-45.24791200928864,-48.889261343171405,-14.761072984548004,-4.0649410877622,Sp1251+4620
-0.5,None,31.372303375417516,-11.48233010952931,-14.319866213847805,18.245811810196674,31.372303375417516,Sp1251-3846
-0.5,None,18.37273889338135,-37.841928693800654,-42.14224174629202,2.469353928321584,18.37273889338135,Sp1252+0252
-0.5,None,30.35249998464574,-16.487232332737086,-19.4211657412114,15.897790332807904,30.35249998464574,Sp1252-3149
-0.5,None,-0.7392120315869979,-46.40064865901389,-49.88546200504425,-12.972268353485836,-0.7392120315869979,Sp1253+4034
-0.5,None,32.26403568412603,1.5962743052907846,-0.02120098679582759,22.49838825915708,32.26403568412603,Sp1253-5709
-0.5,None,20.83349730261104,-36.20202979730524,-39.31525573996687,3.670010460444692,20.83349730261104,Sp1254-0122
-0.5,None,32.33040298448562,3.101245374790607,1.9308363111833122,22.661586171218662,32.33040298448562,Sp1255-5928
-0.5,None,25.743434289554674,-29.684564354980324,-32.04344415410899,8.136506474316416,25.743434289554674,Sp1256-1257
-0.5,None,32.368186133076634,-12.50409223663993,-13.921631122313496,17.118516293491357,32.368186133076634,Sp1256-3822
-0.5,None,33.26979594195105,-8.972475830322288,-9.737787384898713,18.306555211637132,33.26979594195105,Sp1259-4336
-0.5,None,12.092521166177042,-46.13228451708349,-46.8964354219788,-6.179480408909045,12.092521166177042,Sp1300+1912
-0.5,None,5.829375465596606,-47.99075559944263,-48.979388395699964,-10.571160602291702,5.829375465596606,Sp1300+3038
-0.5,None,27.861124954520452,-29.371140741892404,-29.518667348102085,7.71282085662618,27.861124954520452,Sp1301-1510
-0.5,None,-21.807806397221224,-29.009459109644663,-28.98236069786873,-24.3071645079923,-21.807806397221224,Sp1304+8336
-0.5,None,12.875283057831021,-47.34635145672687,-45.886336288774274,-7.387921275461375,12.875283057831021,Sp1305+1934
-0.5,None,12.248720134877036,-47.67065108363548,-46.18161306570496,-7.879407577467655,12.248720134877036,Sp1305+2046
-0.5,None,2.5944766330546707,-49.138467884724506,-47.64155499786099,-14.546526687876717,2.5944766330546707,Sp1306+3820
-0.5,None,34.19451606931056,0.5001332847064095,1.490779669228765,20.63629950681121,34.19451606931056,Sp1307-5726
-0.5,None,19.7268284035767,-43.52260664418269,-40.84251909782159,-3.062025535962361,19.7268284035767,Sp1308+0725
-0.5,None,-5.204326703657992,-46.13031733357051,-44.334677570633986,-19.362009112209126,-5.204326703657992,Sp1308+5239
-0.5,None,32.08210247207268,-25.00606173271379,-22.66234505083885,9.376221964530911,32.08210247207268,Sp1309-2330
-0.5,None,34.81512930330963,-1.83408223874098,-0.36606176900260184,19.653140177475052,34.81512930330963,Sp1309-5438
-0.5,None,4.536478043034218,-50.375917239309906,-46.661277314774416,-14.926824193236024,4.536478043034218,Sp1311+3629
-0.5,None,0.48366447201284346,-49.3229923800611,-46.039279776935835,-17.179588918655487,0.48366447201284346,Sp1311+4328
-0.5,None,15.326383489181229,-48.28080741366473,-43.76757233495143,-8.02674745363755,15.326383489181229,Sp1312+1731
-0.5,None,34.769895278800576,0.3894608256263259,2.2067056926753854,20.113467846704943,34.769895278800576,Sp1312-5750
-0.5,None,-12.407492080447346,-40.21655384057661,-38.215981555587206,-22.98665805417678,-12.407492080447346,Sp1314+6622
-0.5,None,34.943260761068025,-19.39241651438391,-15.941310538085736,11.73216106046647,34.943260761068025,Sp1314-3212
-0.5,None,7.437680554123623,-51.28546799625382,-45.8568026935143,-14.270731871656054,7.437680554123623,Sp1315+3232
-0.5,None,34.235805139673225,-23.58653973153358,-19.39292892400087,9.384752583830569,34.235805139673225,Sp1315-2649
-0.5,None,15.58337870182665,-49.76826689695596,-43.04906924801024,-9.602460423686582,15.58337870182665,Sp1317+1849
-0.5,None,-1.698555266445798,-48.869179210884106,-44.101479286796746,-19.603420341614946,-1.698555266445798,Sp1317+4833
-0.5,None,-16.030096931226353,-36.22554197699132,-34.444658132255874,-24.183403025173586,-16.030096931226353,Sp1318+7322
-0.5,None,14.972381027505524,-50.933506256376276,-42.98302072983481,-10.996317388197062,14.972381027505524,Sp1319+2053
-0.5,None,24.00722015324659,-44.603979096441115,-36.618073025352736,-4.499536730000145,24.00722015324659,Sp1320+0409
-0.5,None,21.059164451855477,-47.36796880394658,-39.171530664243626,-6.86603307332169,21.059164451855477,Sp1320+0957
-0.5,None,2.2744637798103304,-51.082215272664506,-44.54935226046731,-18.470909140898065,2.2744637798103304,Sp1320+4238
-0.5,None,36.96362206588106,-14.83508736500372,-10.131658045868887,13.15376624314627,36.96362206588106,Sp1320-3916
-0.5,None,29.391177670067265,-38.04098271123535,-30.443419548095953,0.15283030990375507,29.391177670067265,Sp1321-0724
-0.5,None,4.717957223467018,-52.14524276253175,-44.47713415064735,-17.73419992244793,4.717957223467018,Sp1322+3902
-0.5,None,10.261218830777999,-53.082438028422025,-43.84692402360289,-15.196362754608696,10.261218830777999,Sp1323+3014
-0.5,None,24.40854513576281,-46.1363407220876,-36.156830730011315,-5.9756852511978,24.40854513576281,Sp1325+0517
-0.5,None,36.72831341598811,-24.699981608012024,-17.15419246402153,7.438619072929831,36.72831341598811,Sp1326-2729
-0.5,None,37.94929394261606,-17.949953864045497,-11.336433364364611,10.908618202845462,37.94929394261606,Sp1326-3614
-0.5,None,26.615322263376225,-44.78412730782807,-34.0235037745067,-5.078125241762224,26.615322263376225,Sp1327+0149
-0.5,None,38.2291346980277,-18.47681225827689,-11.386698127903475,10.453957660843104,38.2291346980277,Sp1327-3549
-0.5,None,38.7101403047977,-13.894235869764499,-7.189796614515548,12.517436628146928,38.7101403047977,Sp1329-4147
-0.5,None,17.544360617970494,-53.12590330016448,-40.33322690627289,-12.966819207389696,17.544360617970494,Sp1330+1958
-0.5,None,8.175281805248767,-54.220736812902445,-42.89154197790476,-18.15467982129566,8.175281805248767,Sp1330+3526
-0.5,None,30.257269421919386,-41.28368260302491,-30.05558034594195,-2.836211486323598,30.257269421919386,Sp1330-0453
-0.5,None,9.189808489833364,-54.60419836493931,-42.56688058728566,-17.997507420752058,9.189808489833364,Sp1331+3407
-0.5,None,29.033019384842834,-43.860253716486504,-31.552676536078845,-4.75807932220063,29.033019384842834,Sp1331-0116
-0.5,None,35.26299238518445,4.874243886868716,8.989554711545594,19.841879347377766,35.26299238518445,Sp1331-6513
-0.5,None,25.99010619610772,-47.85075692177814,-34.50731579141193,-7.780212613397894,25.99010619610772,Sp1332+0525
-0.5,None,20.33473549967162,-52.243438031065075,-38.63368336965289,-11.750140081260577,20.33473549967162,Sp1332+1542
-0.5,None,4.0280146969873005,-53.25365033450041,-42.29558552227127,-20.654621571387885,4.0280146969873005,Sp1332+4240
-0.5,None,30.700315119835068,-41.868147747538046,-29.663717248506945,-3.4564365351737485,30.700315119835068,Sp1332-0441
-0.5,None,29.917999586084715,-43.64558360966994,-30.634448786077837,-4.783564966911629,29.917999586084715,Sp1333-0216
-0.5,None,36.25087575322002,2.8487190102392863,7.715723627888694,18.903391160113607,36.25087575322002,Sp1334-6257
-0.5,None,7.742654547736947,-55.14752133278891,-41.679005885009275,-20.04220928527276,7.742654547736947,Sp1336+3743
-0.5,None,1.2606885227575153,-52.11830192646055,-41.055436201787785,-22.56416677423139,1.2606885227575153,Sp1336+4751
-0.5,None,0.19289050138405558,-51.46112067342269,-40.68163070445826,-23.039405952381138,0.19289050138405558,Sp1337+4938
-0.5,None,5.468327350395238,-54.53869836757646,-41.306789720192285,-21.410902634369656,5.468327350395238,Sp1338+4140
-0.5,None,37.306755675205906,-33.23487543496656,-20.48109202128318,1.1436869753936556,37.306755675205906,Sp1338-1838
-0.5,None,37.258232754329235,-33.898711855384526,-20.772139322779307,0.6668855658961791,37.258232754329235,Sp1339-1755
-0.5,None,26.42122302314955,-51.056268596472655,-33.70445214124463,-10.825199600059106,26.42122302314955,Sp1341+0805
-0.5,None,-2.9214111524921935,-49.27482082896808,-38.9831323767005,-24.62815499032063,-2.9214111524921935,Sp1341+5510
-0.5,None,26.670342108810743,-51.677527336123646,-33.372743897899966,-11.438461462813551,26.670342108810743,Sp1343+0825
-0.5,None,40.90983002145513,-25.262041328976384,-12.696724540325565,4.9349628643460655,40.90983002145513,Sp1343-2950
-0.5,None,-1.0139030554576538,-51.00154371522558,-38.689456992889426,-25.042299162929666,-1.0139030554576538,Sp1346+5306
-0.5,None,38.2763820442071,-36.06617056586148,-20.38014527744199,-1.401595015989639,38.2763820442071,Sp1346-1624
-0.5,None,41.77078723186354,-24.031736754073968,-10.975043741103574,5.226266937610153,41.77078723186354,Sp1346-3149
-0.5,None,30.166680609219178,-50.33201355850733,-30.284578771931674,-10.764967701955836,30.166680609219178,Sp1348+0353
-0.5,None,33.451446020162265,-45.88080080794471,-27.15106931317611,-7.665020711441327,33.451446020162265,Sp1348-0304
-0.5,None,42.27958890333785,-15.403483779715133,-4.033318565585018,9.483939947188228,42.27958890333785,Sp1348-4227
-0.5,None,40.44167890035188,-5.358566759044783,3.5986839167190507,14.202700066654206,40.44167890035188,Sp1348-5423
-0.5,None,16.953162080370554,-58.7657387506505,-37.538910881248746,-19.610003310954117,16.953162080370554,Sp1350+2650
-0.5,None,41.73530961713468,-8.807302210176275,1.566875066388177,12.308437096879212,41.73530961713468,Sp1351-5036
-0.5,None,28.640999138727505,-54.095189243444516,-31.137588344831922,-13.955269312810675,28.640999138727505,Sp1354+0846
-0.5,None,1.493572826129332,-53.309484956984946,-37.81455803118867,-25.9275260880188,1.493572826129332,Sp1354+5044
-0.5,None,6.600853763799785,-56.971292292437816,-37.90530292441561,-25.12898457989035,6.600853763799785,Sp1356+4342
-0.5,None,41.138483676436046,-36.223160772640306,-17.3594009805047,-2.7604015385577028,41.138483676436046,Sp1356-1812
-0.5,None,29.378133548817853,-54.568172387261505,-30.379572903642664,-14.502051617142534,29.378133548817853,Sp1357+0830
-0.5,None,40.24894890142437,-39.1644810626218,-19.127562716043474,-4.612623761592885,40.24894890142437,Sp1357-1438
-0.5,None,42.41943291281975,-33.781583385748576,-15.12863982675327,-1.5694009729258611,42.41943291281975,Sp1357-2134
-0.5,None,44.563920792856756,-18.13653129184391,-3.5031409292580533,6.726727740363067,44.563920792856756,Sp1359-4034
-0.5,None,41.2144223312912,-4.19121973898943,6.126360437421389,13.729843366512428,41.2144223312912,Sp1359-5636
-0.5,None,4.318171920611952,-55.73005687173967,-37.12569297237281,-26.43150272884041,4.318171920611952,Sp1400+4739
-0.5,None,8.321736974808482,-58.425931923026965,-36.9817853302073,-25.739901523223423,8.321736974808482,Sp1401+4211
-0.5,None,40.29570850162532,-41.53102238753599,-19.587367994185225,-6.488653600870398,40.29570850162532,Sp1401-1220
-0.5,None,38.14936673701416,-46.06564284108184,-22.383658018993653,-9.350007549111908,38.14936673701416,Sp1402-0630
-0.5,None,16.905378860029618,-61.61726635993705,-35.388651699087696,-23.28409429595067,16.905378860029618,Sp1403+3007
-0.5,None,-20.567721060825004,-29.917499097669317,-27.452247039624904,-25.95495735835897,-20.567721060825004,Sp1405+8350
-0.5,None,16.377373459973935,-62.07753369624573,-35.06075029530679,-24.213709210146796,16.377373459973935,Sp1406+3131
-0.5,None,36.31023197419552,7.169046161289432,14.484175956953852,18.259581036387054,36.31023197419552,Sp1406-6957
2725.0612778123996,None,-66.80123252062971,57.250612778123994,-8.352151143379057,37.13587983782288,57.250612778123994,Sp1407-0800
-0.5,None,45.46716641452103,-15.335094186772823,0.017501171659398913,7.316053117131031,45.46716641452103,Sp1407-4436
-0.5,None,43.57563680883197,-7.883814349661796,5.137844096051998,11.044514902115303,43.57563680883197,Sp1408-5307
-0.5,None,37.641247476145566,-50.684068470505544,-22.966361578879994,-13.081237200315385,37.641247476145566,Sp1409-0153
-0.5,None,46.57130739040235,-24.763445476424007,-5.948310644289296,2.0407614483278143,46.57130739040235,Sp1409-3357
-0.5,None,8.25121811440383,-59.144022160075394,-35.387394561736045,-27.64407390437969,8.25121811440383,Sp1410+4354
-0.5,None,44.759960376187216,-10.768272214529434,3.588815509286651,9.377698037346285,44.759960376187216,Sp1410-5001
-0.5,None,11.428394790843827,-61.09958742573013,-35.02979102972378,-27.047744426272832,11.428394790843827,Sp1411+3936
-0.5,None,46.73107663961405,-18.419573897992787,-1.101249091634208,5.155202870552988,46.73107663961405,Sp1411-4132
-0.5,None,27.479734589742442,-61.53357347582375,-29.84488359713858,-21.00123794546261,27.479734589742442,Sp1412+1633
-0.5,None,22.608989036112746,-63.39590409994978,-32.04449351005575,-23.40568655662073,22.608989036112746,Sp1412+2354
-0.5,None,37.50189014625147,-52.0230628620784,-23.03192327462759,-14.190255163264906,37.50189014625147,Sp1412-0035
-0.5,None,40.059811670743585,-49.193534065617,-20.5783448515763,-12.667985472961035,40.059811670743585,Sp1413-0457
-0.5,None,6.830739778183366,-58.4308300366677,-34.61576493415316,-28.810406712113693,6.830739778183366,Sp1415+4636
-0.5,None,29.978854431715927,-61.29729353040468,-27.992834533531354,-20.918395785264167,29.978854431715927,Sp1416+1348
-0.5,None,48.49434654598172,-24.236076221608492,-3.405283739586661,1.163123210261813,48.49434654598172,Sp1418-3538
-0.5,None,18.37828135963502,-64.95525307261991,-32.20920680896894,-27.0652765350186,18.37828135963502,Sp1419+3137
-0.5,None,27.85823561356583,-64.23051483379712,-28.414118939488436,-23.69554750072446,27.85823561356583,Sp1421+1827
-0.5,None,46.26804139465622,-41.28410690962783,-13.338767767484226,-8.958752742779925,46.26804139465622,Sp1421-1618
-0.5,None,49.001276752413474,-29.862845259170836,-6.220136881013531,-2.4000103859853783,49.001276752413474,Sp1421-2935
-0.5,None,34.57629219284852,-59.90247751440173,-24.486592872984986,-20.38003986638762,34.57629219284852,Sp1422+0827
-0.5,None,30.921078433226125,-63.173044544296225,-26.5601797951634,-22.806282619064767,30.921078433226125,Sp1423+1426
-0.5,None,3.8054497760405455,-56.19106895475895,-33.31480506304399,-30.438214597562997,3.8054497760405455,Sp1423+5146
-0.5,None,43.53441005273313,-48.23390197852669,-17.056951008109255,-13.260321040230085,43.53441005273313,Sp1423-0806
-0.5,None,49.694769224605714,-25.123543739866612,-2.633371488080375,-0.058407110316885336,49.694769224605714,Sp1424-3514
-0.5,None,23.533435856735526,-66.54853895195782,-29.614028505984358,-26.784047834704907,23.533435856735526,Sp1425+2540
-0.5,None,-13.182421317587927,-38.46953705975224,-29.79663491650144,-28.756019854487313,-13.182421317587927,Sp1425+7422
-0.5,None,49.82695826050661,-23.790794238309733,-1.5682549283951672,0.5583008557310729,49.82695826050661,Sp1425-3650
-0.5,None,-2.8384942225285648,-49.74709540998027,-32.112693698308206,-30.813867717841028,-2.8384942225285648,Sp1427+6056
-0.5,None,32.048905267724884,-63.87376044765654,-25.395449207072218,-23.60507102283479,32.048905267724884,Sp1428+1356
-0.5,None,18.525083367585026,-66.48411616218358,-30.656599061484844,-29.249620840119487,18.525083367585026,Sp1428+3310
-0.5,None,-1.5361224783114078,-51.07699332424215,-32.099575373288076,-31.093636808987213,-1.5361224783114078,Sp1428+5923
-0.5,None,44.083713285700696,-50.1266567913049,-16.555944450818036,-15.06918114489397,44.083713285700696,Sp1428-0644
-0.5,None,8.257524469799224,-60.24250869389789,-32.194777534938474,-31.24973509082935,8.257524469799224,Sp1429+4650
-0.5,None,42.08572849981557,-0.4078670656786713,12.659540789245321,13.007968300398426,42.08572849981557,Sp1429-6240
-0.5,None,-1.6244808669917827,-50.976762337800636,-31.80585092850435,-31.335196124133663,-1.6244808669917827,Sp1430+5943
-0.5,None,51.12673397350536,-29.325636800967843,-3.610584635221486,-3.311861067017343,51.12673397350536,Sp1430-3114
-0.5,None,49.799743048181945,-38.95867286106137,-9.092830438018778,-8.996142357463137,49.799743048181945,Sp1431-2029
-0.5,None,25.539289597312216,-68.17298413214327,-27.65731086076202,-28.121415563552183,25.539289597312216,Sp1433+2432
-0.5,None,51.23049383891413,-36.57671530305791,-6.828785757428971,-8.066200200233697,51.23049383891413,Sp1434-2335
-0.5,None,51.269298339863944,-36.641985918136314,-6.812034321961315,-8.13287787220452,51.269298339863944,Sp1435-2333
-0.5,None,22.695672563279388,-68.81599187050232,-28.184990558021312,-29.90257896558802,22.695672563279388,Sp1436+2900
-0.5,None,45.57139805056711,-5.684268760278566,10.808197393784091,9.555641801352323,45.57139805056711,Sp1436-5721
-0.5,None,-4.5496413980381005,-47.824516806245725,-30.507191905662232,-31.70715851144632,-4.5496413980381005,Sp1438+6408
-0.5,None,30.196417890890004,-68.58108506605332,-24.729263996950692,-28.043187353359567,30.196417890890004,Sp1439+1929
-0.5,None,41.78327375175413,-60.24679385525531,-17.70895108212269,-22.90745821645084,41.78327375175413,Sp1443+0316
-0.5,None,23.067604531690392,-70.41249606833065,-26.727457243107388,-31.85137330114503,23.067604531690392,Sp1444+3002
-0.5,None,52.65424153384358,-40.47712354536317,-6.59301179325107,-11.636729059647237,52.65424153384358,Sp1444-2019
-0.5,None,-4.579624717751548,-47.675393067723185,-29.62043586713137,-32.412680193264734,-4.579624717751548,Sp1445+6447
-0.5,None,44.00900901115479,-58.46110851667447,-15.908627287898332,-22.22463825055486,44.00900901115479,Sp1446+0024
-0.5,None,53.435472902722104,-22.606495955230415,3.511416354301399,-1.2729344279652812,53.435472902722104,Sp1446-3952
-0.5,None,4.660876006835794,-57.285563444572425,-29.63277955051212,-34.098946581045176,4.660876006835794,Sp1447+5335
-0.5,None,54.62892916621667,-30.06578721392886,-0.22884353794618573,-5.870069661047958,54.62892916621667,Sp1447-3158
-0.5,None,16.571106847723744,-67.93516791229824,-27.412205479368104,-34.59214848681283,16.571106847723744,Sp1450+3920
-0.5,None,6.857467097717266,-59.45826909993765,-29.055225416337432,-34.69086767771381,6.857467097717266,Sp1450+5112
-0.5,None,54.823450033713264,-25.11653927523927,3.1960197470562925,-3.3702101038772185,54.823450033713264,Sp1451-3732
-0.5,None,36.59488407227411,-69.04766144766003,-19.636844939787412,-29.271602835487858,36.59488407227411,Sp1453+1346
-0.5,None,36.213655058250055,-69.385882938755,-19.813767338704164,-29.49960030717102,36.213655058250055,Sp1453+1420
-0.5,None,18.346529643613795,-69.41168662693644,-26.514691223817163,-34.9771835495444,18.346529643613795,Sp1453+3733
-0.5,None,42.19859415026017,1.8932071857390562,16.559913231145043,12.500778252917831,42.19859415026017,Sp1454-6604
-0.5,None,27.44528819136974,-73.17988905921167,-23.43302867686643,-33.356081600211795,27.44528819136974,Sp1455+2619
-0.5,None,56.560885835850826,-35.894413854434745,-1.056667990738228,-10.654126238176145,56.560885835850826,Sp1456-2631
-0.5,None,56.4476456928744,-34.63325556805442,-0.6314847253904947,-9.764494573136144,56.4476456928744,Sp1456-2747
-0.5,None,56.60209702718855,-34.33277488156765,-0.33545780373964584,-9.665490547177667,56.60209702718855,Sp1456-2809
-0.5,None,12.426270082580544,-64.8270896619594,-27.182523701806506,-36.08221211479878,12.426270082580544,Sp1457+4517
-0.5,None,2.966151071562127,-55.508812199512676,-28.27044344875369,-35.25098035464109,2.966151071562127,Sp1457+5639
-0.5,None,26.056694314209096,-73.68731437038306,-23.396085060087458,-34.58718596348581,26.056694314209096,Sp1458+2839
-0.5,None,43.01841433924058,-64.95497751344327,-15.271136848797342,-27.671238647321623,43.01841433924058,Sp1459+0604
-0.5,None,33.558127854704516,-73.26192432870518,-20.031354864461363,-32.77499259749678,33.558127854704516,Sp1500+1927
-0.5,None,15.194388387283059,-67.3858068454608,-26.13680394855225,-36.61289415540985,15.194388387283059,Sp1500+4219
-0.5,None,47.54625139247779,-59.66393985392212,-12.192184665327629,-24.948599524137965,47.54625139247779,Sp1500-0039
-0.5,None,31.033637533683407,-74.30470273580735,-21.036612906697112,-33.841348161511306,31.033637533683407,Sp1501+2250
-0.5,None,56.27733255287972,-23.378424886505737,6.219714498389874,-3.595047362867703,56.27733255287972,Sp1501-4003
-0.5,None,57.8971508705363,-38.89383859189434,-0.8150729446852777,-13.493703889391393,57.8971508705363,Sp1504-2355
-0.5,None,-8.227134212161483,-43.28934893915614,-27.312239646117703,-32.791765216412294,-8.227134212161483,Sp1506+7029
-0.5,None,56.8481433470763,-46.2078669827352,-3.5173238489688177,-18.403791215221077,56.8481433470763,Sp1507-1627
-0.5,None,57.83158891310166,-42.84031456948399,-1.9655623328723502,-16.342695784509417,57.83158891310166,Sp1507-2000
-0.5,None,58.83647438593997,-28.85823534498337,5.058286915012524,-7.905894171136948,58.83647438593997,Sp1508-3445
-0.5,None,58.149668996062,-43.44071801909746,-1.7762180000620065,-16.990438762364874,58.149668996062,Sp1509-1932
-0.5,None,59.52744004532686,-34.5555010937164,2.5765268512389947,-11.603103183146855,59.52744004532686,Sp1509-2853
-0.5,None,59.72472801364533,-35.17076687733034,2.492882862589171,-12.113127226799588,59.72472801364533,Sp1510+2818
-0.5,None,21.24183961558875,-72.83005741316838,-22.98917172581744,-38.186498446827486,21.24183961558875,Sp1510+3619
-0.5,None,50.731085964480144,-59.10852615182071,-9.098877327871048,-26.147724634035978,50.731085964480144,Sp1510-0241
-0.5,None,55.57198649017509,-50.79873103971105,-5.069467943284309,-21.48737040853171,55.57198649017509,Sp1510-1147
-0.5,None,59.72423422869918,-35.17210740155715,2.491769896008812,-12.113669652988666,59.72423422869918,Sp1510-2818
-0.5,None,23.3880750243886,-74.52830253786037,-21.964341730332933,-38.42334365168053,23.3880750243886,Sp1512+3403
-0.5,None,55.471700996992936,-52.150021977925526,-5.144694083607174,-22.60551790664579,55.471700996992936,Sp1512-1032
-0.5,None,59.901837568873376,-40.72173011952709,0.6210482366164327,-16.00648855449512,59.901837568873376,Sp1513-2243
-0.5,None,32.18669466353014,-77.4323287633511,-18.45365160156699,-36.99068173141904,32.18669466353014,Sp1514+2341
-0.5,None,60.12602206173779,-40.60605188544012,0.8763580836282298,-16.059061914352345,60.12602206173779,Sp1514-2254
-0.5,None,11.019863344012478,-63.63865769190778,-24.82610467633205,-38.83762980319274,11.019863344012478,Sp1515+4847
-0.5,None,50.458059787084004,-61.66395344392558,-8.784082770850043,-28.3996220577491,50.458059787084004,Sp1515-0030
-0.5,None,43.48080925041979,-70.47731752081224,-12.789820422499572,-33.064668500545025,43.48080925041979,Sp1516+0942
-0.5,None,60.494906874794374,-40.35311173298768,1.3158418369614753,-16.101789842964727,60.494906874794374,Sp1516-2315
-0.5,None,53.70691199558474,-12.993117792102058,13.530379299031319,1.3382092933387646,53.70691199558474,Sp1517-5128
-0.5,None,61.06384277662494,-30.001987001780613,6.712752231829734,-9.984006831291746,61.06384277662494,Sp1519-3407
-0.5,None,37.63386777654109,9.301721167389951,21.32518168856244,15.52615903791724,37.63386777654109,Sp1519-7416
-0.5,None,60.823983113649085,-28.226001925835106,7.656069370441886,-8.936568878689178,60.823983113649085,Sp1520-3559
-0.5,None,9.663677810894141,-62.19085307582436,-24.23410924475987,-39.515995964841466,9.663677810894141,Sp1521+5053
-0.5,None,62.1403009106776,-40.242230909740215,2.9723466450830087,-17.04227898447476,62.1403009106776,Sp1523-2347
-0.5,None,29.740744915019473,-79.47258168781693,-17.698397460978697,-40.244744730043095,29.740744915019473,Sp1524+2812
-0.5,None,28.642432491934304,-78.94462869225629,-18.206005612153312,-40.315254146830995,28.642432491934304,Sp1524+2925
-0.5,None,0.4817505636380736,-52.364250852783485,-25.17906898915649,-37.49120853577528,0.4817505636380736,Sp1524+6132
-0.5,None,54.849186708348725,-13.518100676604174,14.530581891686042,0.23072373208311253,54.849186708348725,Sp1525-5110
-0.5,None,36.18548029534787,-79.31521750617232,-14.842283006462429,-38.90935952027216,36.18548029534787,Sp1526+2043
-0.5,None,57.933878637711075,-54.48681735868502,-2.471752096862412,-26.28100405374269,57.933878637711075,Sp1527-0918
-0.5,None,63.751064579377726,-35.333576536112375,6.4882824636265335,-14.777973513697718,63.751064579377726,Sp1529-2907
-0.5,None,45.89837757732123,-72.17340918312024,-9.55451479081957,-36.08980643903653,45.89837757732123,Sp1530+0926
-0.5,None,53.825170464559925,-11.150241212405373,16.164127438694514,1.3305231075576707,53.825170464559925,Sp1530-5342
-0.5,None,40.18510943301797,-78.04486307890308,-12.24190946169487,-38.86402071680336,40.18510943301797,Sp1531+1641
-0.5,None,44.25489920521035,-75.21030532986178,-9.725611765485867,-38.19968401968246,44.25489920521035,Sp1534+1219
-0.5,None,62.057004399508436,-50.112452598698006,1.4171202400035108,-24.994645255436318,62.057004399508436,Sp1534-1418
-0.5,None,57.17820184994777,-15.665490349032337,15.178316359372838,-2.137027239610491,57.17820184994777,Sp1534-4914
-0.5,None,29.510361490906565,-81.06805145266486,-15.824745916198843,-43.085887233213654,29.510361490906565,Sp1536+2959
-0.5,None,62.64302612460716,-24.979253666360627,12.293089455252689,-8.889691758482211,62.64302612460716,Sp1537-3954
-0.5,None,-10.701077022047585,-39.90506648425499,-24.833203374586265,-33.29483593883201,-10.701077022047585,Sp1539+7437
-0.5,None,58.13461866297356,-59.120212694278635,-1.3300035495652374,-31.069013175578647,58.13461866297356,Sp1539-0520
-0.5,None,17.476868016009846,-69.99784867751067,-19.434167990526927,-43.76559662185041,17.476868016009846,Sp1540+4347
-0.5,None,66.27672994629778,-38.61349935895186,7.566794913101443,-18.55384406987779,66.27672994629778,Sp1540-2613
-0.5,None,56.80759579843678,-14.024474553618212,16.771499498847483,-1.6627946020011826,56.80759579843678,Sp1540-5101
-0.5,None,27.58393015065348,-80.09567091532408,-15.254096074005966,-45.03947479903788,27.58393015065348,Sp1544+3301
-0.5,None,17.804935161944794,-70.22493037948288,-18.561588946784894,-44.677539619400285,17.804935161944794,Sp1545+4350
-0.5,None,10.077481217136352,-62.06087210667613,-20.853806300791927,-42.87677144055813,10.077481217136352,Sp1545+5214
-0.5,None,67.1281044162356,-42.0495879808935,7.303841385889805,-21.605502614695364,67.1281044162356,Sp1545-2255
-0.5,None,45.56007213730636,0.9405366039969137,21.49042458617621,8.514493565794874,45.56007213730636,Sp1545-6608
-0.5,None,54.13033316819211,-9.587508295026746,18.991703139405256,0.9201279543843739,54.13033316819211,Sp1546-5534
-0.5,None,64.20212978940171,-51.645140746666115,3.6721367667542415,-27.97666179004937,64.20212978940171,Sp1547-1317
-0.5,None,67.803297553552,-40.64262094996369,8.34192354745492,-21.00088045512751,67.803297553552,Sp1547-2423
-0.5,None,66.08304496996466,-48.419197028564355,5.4426364433127175,-26.26747354497077,66.08304496996466,Sp1548-1636
-0.5,None,64.73896789630253,-25.234758887637437,14.516074067870719,-10.59241005971479,64.73896789630253,Sp1549-3954
-0.5,None,51.35220611928437,-71.0302845176297,-3.84172557097944,-39.138602573612886,51.35220611928437,Sp1550+0616
-0.5,None,8.161686827596627,-59.798957248478054,-20.516851024732592,-43.04706272969642,8.161686827596627,Sp1551+5442
-0.5,None,-1.405576087253965,-49.62038623201448,-22.730596951528046,-38.880993540389376,-1.405576087253965,Sp1551+6457
-0.5,None,69.02529615635247,-38.77184953582267,10.151782216815388,-20.491292576826954,69.02529615635247,Sp1552-2623
-0.5,None,45.314107377786904,-78.68568188430584,-6.287297642203138,-42.992221587795996,45.314107377786904,Sp1553+1400
-0.5,None,43.087586981250006,-81.22274965706977,-7.2122087907254215,-44.03292814802936,43.087586981250006,Sp1554+1639
-0.5,None,49.093997419989094,-74.8581127918562,-4.132518281938494,-41.89781979614415,49.093997419989094,Sp1555+0954
-0.5,None,64.01325384952236,-55.212883836513235,4.092911076299048,-31.59240507914814,64.01325384952236,Sp1555-0956
-0.5,None,42.41749736791207,-82.66745337766558,-6.927181828615637,-45.20884644807309,42.41749736791207,Sp1557+1752
-0.5,None,4.221115383036616,-55.38148397595758,-20.768050723749536,-42.13094612589811,4.221115383036616,Sp1557+5914
-0.5,None,70.2221537289156,-42.82015713540056,10.074502306664591,-24.330589479579746,70.2221537289156,Sp1559-2226
-0.5,None,70.30135750229707,-42.35384530640504,10.253588960771145,-24.011511676189937,70.30135750229707,Sp1559-2254
-0.5,None,41.026658739151046,-84.68102209432601,-7.072329562324794,-46.39079854944832,41.026658739151046,Sp1600+1946
-0.5,None,69.93390573940614,-33.186727019098655,13.864266652185536,-17.735629880633656,69.93390573940614,Sp1600-3205
-0.5,None,62.80877511658555,-19.55989145139967,18.23445631525878,-7.732367519044818,62.80877511658555,Sp1600-4543
-0.5,None,69.08172202620545,-30.366873826674475,14.97207167229138,-15.7907332861967,69.08172202620545,Sp1601-3455
-0.5,None,57.0413721828422,-66.79572425755107,0.9982404618293143,-39.59363109396736,57.0413721828422,Sp1602+0131
-0.5,None,1.1515366923372496,-51.959355173632424,-20.993247525992263,-41.09638809707295,1.1515366923372496,Sp1602+6242
-0.5,None,71.18423734988352,-41.25963132455069,11.366757622707487,-23.771777105357746,71.18423734988352,Sp1602-2401
-0.5,None,71.10984566869257,-37.22998443407219,12.786566788107725,-20.88679283159687,71.10984566869257,Sp1602-2803
-0.5,None,69.34472015532077,-30.3629309990578,15.253559259990263,-15.982964313366937,69.34472015532077,Sp1602-3455
-0.5,None,50.898147843258016,-74.42099056959066,-1.7806986914780734,-43.612191013809586,50.898147843258016,Sp1604+0908
-0.5,None,70.36503517205439,-32.24924383804536,14.925100635365606,-17.576582328780397,70.36503517205439,Sp1604-3303
-0.5,None,41.813407246009255,-84.78151593497145,-5.776233726037812,-47.58194868260664,41.813407246009255,Sp1605+1931
-0.5,None,21.968582195955154,-73.76337360503088,-13.932804990090647,-48.958556527588854,21.968582195955154,Sp1606+4054
-0.5,None,62.66553267294599,-60.61133098134161,4.696401403413483,-37.14995212728093,62.66553267294599,Sp1607-0442
-0.5,None,69.46016387313075,-50.113373232128374,8.986592791041605,-30.595876084705914,69.46016387313075,Sp1607-1512
-0.5,None,41.644369828788626,-85.27797739070232,-5.432389162231442,-48.25535803390537,41.644369828788626,Sp1608+1957
-0.5,None,62.761478390890915,-60.59655361012711,4.818601719081285,-37.243080286915664,62.761478390890915,Sp1608-0443
-0.5,None,37.10159207886841,-89.72253664637557,-7.335416586029902,-49.455104832347224,37.10159207886841,Sp1609+2457
-0.5,None,70.83152544789078,-30.79557595093224,16.48351966169093,-17.268226466317422,70.83152544789078,Sp1609-3431
-0.5,None,64.59574120252022,-58.78860991614163,6.231590217555751,-36.75034270998559,64.59574120252022,Sp1610-0631
-0.5,None,69.20276980083544,-26.91688608703968,18.12409727907338,-14.65796040221805,69.20276980083544,Sp1611-3823
-0.5,None,73.42868721987436,-42.0753534114106,13.262059607116784,-26.012812891867924,73.42868721987436,Sp1613-2313
-0.5,None,62.308798549123246,-62.43901726867228,5.493165454463744,-39.629074709022255,62.308798549123246,Sp1614-0250
-0.5,None,55.18955885062683,-71.03342049707388,2.153287281521455,-44.53558348380157,55.18955885062683,Sp1615+0546
-0.5,None,27.207092750857147,-78.61197901161596,-10.42399583892727,-51.34141409782677,27.207092750857147,Sp1615+3558
-0.5,None,53.821123530371466,-72.66428268903574,1.6337884823328646,-45.50320599984469,53.821123530371466,Sp1616+0725
-0.5,None,58.29633246336149,-11.769745068068923,22.66336239332205,-3.4532538833248685,58.29633246336149,Sp1616-5331
-0.5,None,59.946829109902495,-66.0276209782333,5.096294714616418,-42.76307055098918,59.946829109902495,Sp1619+0050
-0.5,None,64.34655546833649,-60.915301165674784,7.450248095821762,-39.988186659295735,64.34655546833649,Sp1620-0416
-0.5,None,64.21128615488122,-61.228096946415455,7.527596090823856,-40.381856046192205,64.21128615488122,Sp1621-0356
-0.5,None,71.3593607658089,-28.058183165352737,19.48565782395219,-16.7327483000604,71.3593607658089,Sp1621-3711
-0.5,None,41.902553864279646,6.574749625253118,25.476685859845567,10.598902156167473,41.902553864279646,Sp1621-7151
-0.5,None,14.511821952514056,-64.9551277468782,-14.369886406869231,-49.37725337047697,14.511821952514056,Sp1622+4934
-0.5,None,65.56310415990964,-59.96800415332623,8.613054150354744,-40.159095888125854,65.56310415990964,Sp1623-0508
-0.5,None,74.14158462301577,-47.19525573863052,13.576041537122764,-31.460154326236314,74.14158462301577,Sp1623-1758
-0.5,None,74.44973559542679,-47.42742092264019,13.934037038842773,-32.007300403421155,74.44973559542679,Sp1625-1742
-0.5,None,41.94871701301819,-84.81865497697031,-2.223736337229013,-52.56510428262578,41.94871701301819,Sp1626+2113
-0.5,None,38.18466618345233,-86.0442170119939,-3.840251686052034,-53.415564487113656,38.18466618345233,Sp1626+2512
-0.5,None,67.08881280817012,-58.39599973690428,9.695671113967864,-39.5887780762392,67.08881280817012,Sp1626-0639
-0.5,None,71.56741728287827,-26.969890110224284,20.86838459005518,-16.65462185294283,71.56741728287827,Sp1626-3812
-0.5,None,-15.963379503640542,-33.563205204765914,-23.19247087298583,-31.23394449707155,-15.963379503640542,Sp1627+8105
-0.5,None,76.80402042563976,-40.68738212174242,16.740473739262534,-27.3599124904934,76.80402042563976,Sp1627-2425
-0.5,None,54.88538872326645,-72.34647224305641,4.184853295421265,-48.16112369661732,54.88538872326645,Sp1628+0737
-0.5,None,76.89040123302921,-43.699766455898846,16.276529943584833,-30.109694641112647,76.89040123302921,Sp1630-2120
-0.5,None,31.48729591774098,-80.86239604178162,-6.056170053013498,-54.76613788519101,31.48729591774098,Sp1631+3227
-0.5,None,29.021375023781534,-78.40737479892879,-6.8656529907029125,-54.91267263534185,29.021375023781534,Sp1632+3505
-0.5,None,67.97921419906895,-58.25827175198889,11.222440460226231,-40.98840304905908,67.97921419906895,Sp1632-0631
-0.5,None,45.746531785103976,2.946215371754506,26.39546196864923,7.0092137671139145,45.746531785103976,Sp1633-6808_1
-0.5,None,45.746704927431644,2.946462448968002,26.39653186498337,7.008720694230916,45.746704927431644,Sp1633-6808_2
-0.5,None,38.29052840423548,10.6489856682542,26.231114820949152,13.351674167742619,38.29052840423548,Sp1633-7553
-0.5,None,62.25218879079772,-64.9715127228971,9.336935974032935,-46.39656460845028,62.25218879079772,Sp1637+0037
-0.5,None,28.713465586458046,-77.55521710245206,-6.3364813208017665,-55.67398137083012,28.713465586458046,Sp1637+3535
-0.5,None,75.75239414585519,-30.142442526382354,22.34963108503349,-20.920789989141234,75.75239414585519,Sp1639-3444
-0.5,None,75.87448395098725,-29.999012246026393,22.634789322757026,-20.990655136464458,75.87448395098725,Sp1640-3451
-0.5,None,74.64935035135342,-27.901815862570775,23.552680627610417,-19.55103809951631,74.64935035135342,Sp1642-3654
-0.5,None,34.48232993034055,-80.35304737571857,-2.2838231361500427,-57.869044614721986,34.48232993034055,Sp1645+3004
-0.5,None,64.6818570801717,-62.66471906124904,11.851104631308607,-46.79663788049379,64.6818570801717,Sp1645-0112
-0.5,None,75.28175108502504,-50.979410189566245,16.701286297459824,-38.44784377464645,75.28175108502504,Sp1645-1319
-0.5,None,34.321560435135154,-80.03850333166785,-2.168034468169206,-58.104181249244824,34.321560435135154,Sp1646+3016
-0.5,None,30.091535990568286,-77.22684398942786,-4.144711063250214,-57.74281803478394,30.091535990568286,Sp1646+3434
-0.5,None,14.556098483275871,-63.37403775096576,-11.232956743487566,-52.405934126287946,14.556098483275871,Sp1646+5019
-0.5,None,23.506336762876337,-71.62739794141476,-7.101625505505966,-56.284497369101466,23.506336762876337,Sp1647+4117
-0.5,None,63.99860523129081,-63.374385655157305,12.077689601269558,-47.98557061345028,63.99860523129081,Sp1648-0012
-0.5,None,80.53924603066696,-35.28258490401555,22.68760077370321,-26.5334833502361,80.53924603066696,Sp1648-2913
-0.5,None,59.336382445193145,-67.89381155212641,10.086340828566543,-51.07884241488059,59.336382445193145,Sp1649+0444
-0.5,None,36.299327264763086,-80.3760295771869,-0.7838774744863701,-58.669028395008695,36.299327264763086,Sp1649+2822
-0.5,None,53.670243709062454,-4.449355025928324,28.121924439229097,-0.47196365118432015,53.670243709062454,Sp1650-6026
-0.5,None,64.18228911778168,-63.12552478508018,13.095118569594172,-49.07088110527804,64.18228911778168,Sp1653+0000
-0.5,None,2.628906022414185,-51.43214206054922,-15.44337590215854,-45.88240050133266,2.628906022414185,Sp1653+6231
-0.5,None,27.18937898727465,-73.70034339263746,-4.156701614057012,-58.73325925123937,27.18937898727465,Sp1654+3747
-0.5,None,74.77207836051132,-26.120935585812614,26.117360246988046,-19.662450460396464,74.77207836051132,Sp1654-3818
-0.5,None,72.28815526430877,-55.049927470782066,17.10317742866596,-43.76491426805691,72.28815526430877,Sp1655-0823
-0.5,None,77.70406837169438,-49.276574593851244,19.58594134400968,-39.43393201323321,77.70406837169438,Sp1656-1422
-0.5,None,82.31203742023058,-43.1085634292855,21.8458586455883,-34.43630980767993,82.31203742023058,Sp1656-2046
-0.5,None,53.83889860584174,-72.08429306486904,9.182482344398814,-56.07909796827129,53.83889860584174,Sp1657+1054
-0.5,None,73.60627954505121,-53.72334539412702,17.94774891983685,-43.08844513570885,73.60627954505121,Sp1657-0940
-0.5,None,14.09921026205751,-61.961391672873866,-9.783461058782056,-53.695322092227606,14.09921026205751,Sp1658+5103
-0.5,None,-5.185990926362572,-43.68269741239973,-18.200565238466687,-40.41820691124956,-5.185990926362572,Sp1658+7027
-0.5,None,29.831377802168895,-74.80570461743147,-2.056056814016918,-60.3113533198223,29.831377802168895,Sp1659+3515
-0.5,None,80.3165079971416,-46.585703631482524,21.36049452801411,-38.04474575404179,80.3165079971416,Sp1700-1654
-0.5,None,83.74828013177776,-41.56892944799858,23.142115458247908,-33.88442072018101,83.74828013177776,Sp1700-2207
-0.5,None,83.46851182929458,-42.366032020237434,23.00744732913101,-34.68156811144925,83.46851182929458,Sp1701-2115
-0.5,None,58.60615738666091,-8.799455694309115,29.560299443335996,-5.334840467173182,58.60615738666091,Sp1702-5542
-0.5,None,70.10412438639231,-57.032813402895634,18.16389106804865,-47.76980795191297,70.10412438639231,Sp1705-0516
-0.5,None,73.85320210677524,-53.465057804030664,19.711209464518745,-44.88869798949941,73.85320210677524,Sp1705-0909
-0.5,None,59.68369616822407,-9.69080295717961,29.99715255176418,-6.446917975187801,59.68369616822407,Sp1705-5441
-0.5,None,77.82370336524254,-49.549986940444164,21.532693298174642,-41.9201047523912,77.82370336524254,Sp1706-1314
-0.5,None,22.239199996752088,-68.09835379989059,-4.5929706951659695,-59.11397548871625,22.239199996752088,Sp1707+4301
-0.5,None,0.660348455896458,-48.92678748328885,-14.969391604941494,-45.40090736947959,0.660348455896458,Sp1707+6439
-0.5,None,70.86897994929978,-56.23808917574029,18.808268855485963,-47.53386365454103,70.86897994929978,Sp1707-0558
-0.5,None,71.22046815989628,-20.913268587805938,29.54491727572957,-16.926087813832712,71.22046815989628,Sp1708-4302
-0.5,None,42.10099222161562,7.6862662117929945,29.082760806046593,9.126679227110804,42.10099222161562,Sp1709-7226
-0.5,None,37.29742466861718,-75.91305692116843,3.5332022487649333,-63.38712532027542,37.29742466861718,Sp1710+2758
-0.5,None,24.82926966622882,-69.50238426658059,-2.6308074061232074,-60.91798839285462,24.82926966622882,Sp1711+4028
-0.5,None,68.540683968269,-58.05057149823065,18.796086942752776,-50.213912578760706,68.540683968269,Sp1712-0323
-0.5,None,85.77882563161725,-35.41741731895506,27.425425339152977,-30.726399192561626,85.77882563161725,Sp1712-2742
-0.5,None,53.090810182704665,-70.2826329339195,12.078363972653381,-60.188271098357845,53.090810182704665,Sp1713+1211
-0.5,None,74.53330349141484,-23.72117075480211,30.098367523184763,-20.20154794507693,74.53330349141484,Sp1713-3952
-0.5,None,58.47440629903318,-66.26315089921236,14.799174113677298,-57.440618828695094,58.47440629903318,Sp1714+0648
-0.5,None,35.00387407837605,-74.41932893792755,3.149291026887102,-64.21634225199541,35.00387407837605,Sp1714+3019
-0.5,None,80.34501688055069,-46.94723898507712,24.12454899552066,-41.49972287577798,80.34501688055069,Sp1715-1515
-0.5,None,74.97042009310009,-24.004734970700223,30.361189279117134,-20.695963464763363,74.97042009310009,Sp1715-3928
-0.5,None,68.54809652611755,-57.62590064255807,19.761953376531473,-51.08072676304995,68.54809652611755,Sp1716-0315
-0.5,None,4.173443472215359,-51.63640766798868,-12.270017447266193,-48.82286833075355,4.173443472215359,Sp1717+6112
-0.5,None,-0.06391553181264104,-47.813913407228455,-14.402004900182193,-45.45379601487812,-0.06391553181264104,Sp1717+6526
-0.5,None,29.765991894902548,19.740125572772,26.443448028682933,19.99724982501052,29.765991894902548,Sp1717-8449
-0.5,None,-2.6621787625405027,-45.37199828052257,-15.537030964841973,-43.42327693036728,-2.6621787625405027,Sp1718+6802
-0.5,None,73.02035930785664,-21.849811710039667,31.298557424625113,-19.17514025354099,73.02035930785664,Sp1718-4131
-0.5,None,67.93618789077765,-16.965750741971885,31.751929014583418,-14.589885899977359,67.93618789077765,Sp1718-4637
-0.5,None,66.96504563653923,-16.008688082520713,31.874959266036065,-13.737223810502565,66.96504563653923,Sp1719-4736
-0.5,None,20.611760241717285,-65.26517891677616,-3.4881926018618206,-60.252827497384885,20.611760241717285,Sp1720+4446
-0.5,None,87.07699820022755,-40.29060180235865,27.695581702701332,-36.8046172477925,87.07699820022755,Sp1721-2149
-0.5,None,27.98070943191922,-69.73265641345193,0.8989632487366058,-64.19946744321078,27.98070943191922,Sp1723+3724
-0.5,None,69.65218827359888,-55.52228205670967,22.393492945840347,-51.93351949069999,69.65218827359888,Sp1726-0415
-0.5,None,86.95908537107371,-34.45894986756892,30.39134843441819,-32.29958679154848,86.95908537107371,Sp1726-2737
-0.5,None,66.57120718446662,-57.86125962072454,21.43053509122475,-54.53241787671072,66.57120718446662,Sp1727-0111
-0.5,None,56.719269713552514,-65.29622871858791,16.881635426417038,-61.26695212986132,56.719269713552514,Sp1728+0839
-0.5,None,-9.924010429584682,-38.35209198866227,-18.26303208465371,-37.70610390316955,-9.924010429584682,Sp1728+7518
-0.5,None,27.28491684028058,-68.28052681551043,1.597408281274689,-65.09276396513836,27.287716143176876,Sp1729+3805
-0.5,None,3.86016958947026,-50.73231171497175,-11.285101535779248,-49.388731497396414,3.86016958947026,Sp1729+6131
-0.5,None,49.04028443558628,-69.15452479424445,13.609367731216897,-65.76006214829722,49.05836634045251,Sp1731+1619
-0.5,None,38.01418242941707,-71.3604069745197,7.812312292879958,-68.05346882947092,38.03082469119062,Sp1731+2721
-0.5,None,35.28327215075019,-70.7937643933037,6.492650585959872,-68.0186845439587,35.305362515285466,Sp1732+3004
-0.5,None,39.104352160760165,-71.05920134155498,8.69789479430469,-68.40004077008173,39.13277182512937,Sp1733+2615
-0.5,None,33.60840384306923,-70.181007358018,5.759515392248676,-67.93280274303908,33.63663533561341,Sp1733+3144
-0.5,None,82.07198630645196,-43.591616838834064,28.875632926907628,-42.4949969254998,82.29435993594612,Sp1733-1654
-0.5,None,74.08992252293662,-50.615353797029144,26.0298795300552,-49.42439221387265,74.21284457591435,Sp1734-0849
-0.5,None,77.07660800051556,-47.95536984640435,27.276573185125553,-46.932977562408475,77.23728419585709,Sp1734-1151
-0.5,None,86.7310440735068,-34.21613593491193,31.943928146834985,-33.4607749471969,87.3615372047564,Sp1734-2711
-0.5,None,65.0656703890908,-57.823921112835905,22.51451983967844,-56.83874498546629,65.17055424923525,Sp1735+0012
-0.5,None,38.757101974029425,-70.56193724560525,8.931705502547006,-68.89608965015586,38.80160036156933,Sp1735+2634
-0.5,None,86.16787832619598,-33.622356273711944,32.24566788633429,-33.021064786950234,86.76580748425975,Sp1735-2745
-0.5,None,68.31390919917148,-16.453359788131202,34.665012659947756,-16.17302096512333,68.41664562845475,Sp1735-4611
-0.5,None,79.87685992316054,-27.352455760787883,33.834586848406666,-27.086926101406643,80.17375559516256,Sp1736-3425
-0.5,None,18.24000123377077,-61.52522096577733,-2.2861485410437066,-61.1360893998331,18.285390664683206,Sp1737+4705
-0.5,None,40.36444206838348,-69.56697460629448,10.64441129274502,-69.79119374230223,40.47175607425168,Sp1739+2454
-0.5,None,9.785690398554195,-54.957431927053634,-6.830003664856504,-55.03810470557491,9.837253052009043,Sp1739+5532
-0.5,None,55.47701781843983,-63.35140932699838,19.309537073651732,-64.56845678664945,55.69327417078616,Sp1741+0940
-0.5,None,46.61068755132255,-67.2177370007345,15.01731862768141,-69.43800645449947,46.830842794293055,Sp1743+1832
-0.5,None,43.72708145815786,-68.07538349100419,13.385180812769637,-70.25258776090581,43.92774802992319,Sp1743+2127
-0.5,None,6.568411133100604,-52.10400237608549,-8.24878996010766,-52.70405338190429,6.642315680007591,Sp1743+5844
-0.5,None,-20.073051138563486,-28.838933008311216,-22.61398619339578,-28.810648169161855,-20.06787858288039,Sp1743+8526
-0.5,None,55.86510908538789,-4.424967788000998,35.010940263401665,-5.018165461165851,56.04123389368734,Sp1744-5834
-0.5,None,80.7881427294843,-42.43921923803882,31.481601681243905,-44.04153373716091,82.06435715166727,Sp1745-1640
-0.5,None,36.09292333700295,-67.92697709781537,9.58420007249551,-71.18834786312786,36.31831777271501,Sp1746+2903
-0.5,None,27.676033181730148,-65.74243090345574,4.54935117599747,-68.18663104108388,27.8528130673676,Sp1746+3731
-0.5,None,14.682413680315815,-58.082578593986085,-3.162358449243278,-59.55000911872624,14.811262732334024,Sp1746+5034
-0.5,None,70.59700426315551,-51.37875283918723,27.592595061833148,-53.57119242286518,71.2435059522472,Sp1746-0551
-0.5,None,81.0611798773078,-28.518973393385828,35.5570575798965,-29.91247395879282,82.37069493650841,Sp1746-3214
-0.5,None,42.33322785784863,-66.89060909760087,13.896793137033947,-71.93028345401284,42.69059650369783,Sp1749+2241
-0.5,None,20.757031850155343,-61.570753078830876,1.0731480039832142,-64.58657709071542,20.974287306265495,Sp1750+4424
-0.5,None,28.88620749882967,-65.16514849543792,6.304020821917091,-69.88901162420188,29.193221215413885,Sp1751+3610
-0.5,None,81.96965659117642,-30.084720032701824,36.476326172947175,-32.63865543827807,84.78007946710592,Sp1752-2949
-0.5,None,69.09066195332107,-16.645623135960726,37.57036649070195,-18.486504611593073,69.8343922676622,Sp1752-4446
-0.5,None,37.787255108549,12.617226865677447,30.609587843751605,11.967778022263436,37.90676950466558,Sp1752-7642
-0.5,None,83.51143964327805,-35.88472467161822,35.10601596678343,-38.831721049673256,88.53347315644183,Sp1753-2312
-0.5,None,48.359247873094844,2.8502791217308294,34.36669279194713,1.7097717304690432,48.61489722678571,Sp1753-6559
-0.5,None,1.06971136157945,-46.96459677072388,-10.346734782979313,-48.64631114233905,1.237730988040984,Sp1754+6408
-0.5,None,6.745571673599886,-51.390143063196085,-6.796889892792944,-53.78730275501224,6.963698007156595,Sp1755+5824
-0.5,None,65.71883029652383,-53.33396853495126,27.678205222595075,-58.523603657791476,66.80108177416496,Sp1755-0126
-0.5,None,81.83179826974357,-37.644389065947145,35.19669551970513,-41.44393975972222,86.07293096032397,Sp1756-2042
-0.5,None,82.6753204239387,-32.14374257736891,36.63593627447402,-35.40703125860737,87.45555142938672,Sp1756-2707
-0.5,None,81.54247856115731,-29.9794567769087,37.14488373878654,-33.134408372140314,85.04204004776801,Sp1756-2933
-0.5,None,68.36850610293851,-15.871763907693124,38.26409517644528,-18.202514190013886,69.31224098450612,Sp1756-4518
-0.5,None,52.837236605571185,-61.2575275357011,21.54472285082474,-68.85848185076341,53.66126824771613,Sp1757+1142
-0.5,None,-5.4766746026274244,-41.427999716744274,-14.052500920178963,-42.749464486599145,-5.328219063097248,Sp1757+7042
-0.5,None,76.05504235868398,-44.06685762345769,32.88916404989833,-48.70633692996662,78.27353469151677,Sp1757-1253
-0.5,None,69.21368756341106,-16.663793974821033,38.525102335907235,-19.210261158130514,70.29895822946668,Sp1757-4419
-0.5,None,32.90215778933866,-65.06989180226303,9.857582287322243,-72.84368601225256,33.415569180869,Sp1758+3157
-0.5,None,81.84888417822327,-31.057998514515123,37.33297286064502,-34.6868683290057,86.53751575508431,Sp1758-2804
-0.5,None,81.30439588700911,-30.129461341250583,37.62813809905274,-33.782828621660656,85.53586668344371,Sp1758-2904
-0.5,None,61.54368226188083,-55.3684754445997,26.744763146841954,-62.47861540175884,62.78026862677745,Sp1759+0235
-0.5,None,78.18223645085298,-41.18118259269779,34.52484353622233,-46.116840592684284,81.35338555862752,Sp1800-1559
-0.5,None,-9.492553724457268,-37.88788352394172,-16.153645662427543,-39.12636736329857,-9.337777060182589,Sp1801+7442
-0.5,None,81.16236998313651,-30.47127431817512,37.98789081004145,-34.568570907216866,86.13961325947346,Sp1801-2825
-0.5,None,76.49827817279849,-42.35807382242381,34.38741533273791,-47.95086088512667,79.56827235344689,Sp1802-1412
-0.5,None,77.47427474868262,-40.81536396737331,35.294861337104216,-46.59089401891639,81.20474986094315,Sp1803-1550
-0.5,None,79.79774776548562,-28.43758738597694,38.73918468489814,-32.69552069711273,84.09389643216294,Sp1803-3031
-0.5,None,77.61085166957398,-40.30864221637818,35.67675037926806,-46.26894871603884,81.65060713513061,Sp1804-1616
-0.5,None,79.02648255520842,-27.46376938840999,39.13909101380239,-31.851233953381794,83.13377887742561,Sp1804-3129
-0.5,None,78.59189100533746,-26.939646191285355,39.35931934107863,-31.404820084537572,82.61843716899746,Sp1804-3200
-0.5,None,76.05994245685531,-41.701499852338884,35.27733283893546,-48.13059257050297,79.74714004266214,Sp1805-1422
-0.5,None,80.38559189532886,-30.34716630862974,38.890029397709526,-35.294108409409375,86.63513259698723,Sp1805-2758
-0.5,None,35.088395235670184,-63.49200535535868,12.916173280831432,-75.4399979986003,35.967163054542986,Sp1806+2923
-0.5,None,14.559882647063203,-55.761549078266896,-0.3393626220468676,-61.71922267227321,15.107519892917521,Sp1807+5015
-0.5,None,69.26585067739256,-47.6841801085363,32.49557442359722,-55.56367914298835,71.79117147056616,Sp1807-0625
-0.5,None,80.46343356292381,-32.68794088561255,38.691408307221096,-38.2687074179021,89.2277256875899,Sp1807-2459
-0.5,None,29.156755910642243,-62.256762082010646,9.384858641868338,-73.09459094215272,29.97658344131805,Sp1808+3523
-0.5,None,79.78801441570289,-30.24668903364476,39.53933890764914,-35.80951044235565,86.93214651464547,Sp1808-2739
-0.5,None,41.22863642586933,-62.57573552894938,17.294921834301487,-76.34964515094096,42.37093629597117,Sp1809+2259
-0.5,None,57.79372905752319,-54.85743031268406,27.874005356817378,-66.62810889667068,59.83972006107424,Sp1812+0531
-0.5,None,38.50861324309429,-62.11570843703868,16.314579483933382,-77.32954955814928,39.76430114994599,Sp1812+2536
-0.5,None,78.97935065313196,-31.294549011919255,40.272520929166824,-38.00688601178567,88.73208774659012,Sp1813-2542
-0.5,None,75.37433429649893,-39.42517452390083,37.71973268540627,-47.71293797475927,80.9480056671944,Sp1814-1536
-0.5,None,77.93884160215359,-35.579004944961405,39.14235763106092,-43.10688779708219,85.73569767015836,Sp1814-2025
-0.5,None,67.01290912270677,-14.387161941215304,41.3837362975756,-18.96001090993697,69.25409487536791,Sp1814-4522
-0.5,None,78.33308868319358,-33.618801637462454,39.97810687708852,-41.07411398262491,87.95227401530195,Sp1815-2237
-0.5,None,52.891499809996475,-56.41179751544747,26.310400768387975,-71.2036592545581,55.07173237795847,Sp1817+1017
-0.5,None,23.15809638580142,-58.36575855691882,7.398579419931296,-70.67004837538992,24.327459089899055,Sp1819+4101
-0.5,None,-1.2182323082472042,-43.83146102122664,-9.487873996776594,-47.85476865041308,-0.6546499104550327,Sp1819+6600
-0.5,None,70.48109350387898,-18.100946994618944,42.633955182317486,-23.862187583632764,74.0773946815371,Sp1819-4032
-0.5,None,55.30103609973495,-3.009325121964813,39.70919946366054,-6.874851250405414,56.718595027932956,Sp1819-5754
-0.5,None,48.825233646685355,-57.24000626664112,24.88592654512761,-74.84275827265714,51.12183823207097,Sp1821+1414
-0.5,None,52.31270429550012,-0.1793453525605877,38.91290245371036,-3.850997340682787,53.599884654651085,Sp1821-6101
-0.5,None,24.640204506822073,-58.373943798626826,8.948410126642601,-72.35805605169692,25.99414506995573,Sp1822+3921
-0.5,None,23.497136404686476,-57.96930279295345,8.181045962048477,-71.42455168167388,24.82389532381968,Sp1822+4032
-0.5,None,-8.38235902422251,-38.103341232994815,-14.017558179872816,-40.953896876059346,-7.910255057110493,Sp1824+7316
-0.5,None,65.75105795081969,-45.611444375521245,35.860006438652654,-58.55588589754132,70.37592554107248,Sp1824-0500
-0.5,None,66.32214225284277,-45.2990164554732,36.00432740049902,-57.944826926887686,70.97509611910198,Sp1824-0536
-0.5,None,73.5583706645421,-22.25442542065808,43.60260981258274,-29.436991434001836,79.58047857185304,Sp1824-3503
-0.5,None,73.38847474673462,-22.02107915342731,43.628181987514154,-29.177885191564247,79.3126206699858,Sp1824-3519
-0.5,None,12.884032136384718,-52.78596882807701,1.0332899406516192,-61.96346217112701,13.986266070383806,Sp1825+5122
-0.5,None,74.86652540518402,-35.19021874972266,41.285374483729704,-45.29962571469947,84.23365353540773,Sp1825-1853
-0.5,None,33.2539643667304,-59.24560439063962,15.599646459369277,-79.0439750173522,35.11800627013364,Sp1826+3014
-0.5,None,71.2285305161159,-39.54380378875673,39.66793881387601,-51.23557607256037,78.19740221553505,Sp1827-1251
-0.5,None,58.948442718443204,-49.42615662381931,33.283969742167976,-65.78017815213958,63.091426276560775,Sp1829+0215
-0.5,None,53.856029465911874,-52.54418244062426,30.20114970742057,-70.97123975500259,57.39784305504667,Sp1829+0757
-0.5,None,37.065234219391535,-58.37689442684824,18.95721229793441,-81.07968775148836,39.343646718583436,Sp1829+2600
-0.5,None,71.99481862264764,-37.908797419199,40.723975725896025,-49.611614716305304,80.00589960018408,Sp1829-1439
-0.5,None,73.8767189860639,-34.69321989056005,42.198193575566535,-45.70259983095597,84.06884716188235,Sp1830-1842
-0.5,None,48.57624949442939,3.47197155715029,38.58288636924549,-0.5254741717646693,50.03982912056701,Sp1831-6435
-0.5,None,40.143659645885776,-56.927717467833695,22.027504691656073,-81.72340377655202,42.93030407952907,Sp1833+2225
-0.5,None,72.34039175989712,-22.01512827568724,45.690987593135844,-30.960666729506112,80.73440468996836,Sp1834-3353
-0.5,None,56.072801655250935,-49.50780967400451,33.312148437557724,-68.60012354684163,60.67947295670221,Sp1835+0440
-0.5,None,30.01750336523222,-57.06857410127934,15.199821958877838,-78.93292085062374,32.35306578621399,Sp1835+3259
-0.5,None,71.31495849552738,-20.72358645990466,46.2177769748235,-29.822045419302444,79.52128626913193,Sp1836-3507
-0.5,None,45.76156944579697,-54.248139264966596,26.919243324309676,-78.76371730119013,49.382830694004895,Sp1837+1558
-0.5,None,62.6861894256167,-10.137516443648645,44.890242030265455,-17.14772233472496,66.71709753189533,Sp1837-4755
-0.5,None,32.693956120329744,-56.35830864586881,17.97121096904625,-81.67373254880762,35.47743545300373,Sp1839+2952
-0.5,None,18.931812394459932,-53.789690316856635,7.630445732767751,-69.3088785172526,20.93584839698184,Sp1839+4424
-0.5,None,37.652728084564544,-55.42421292374478,22.11711262588015,-83.91770221476473,40.98082820847779,Sp1841+2421
-0.5,None,65.36309660587769,-13.1806022404926,46.32914270209408,-21.3283415187066,70.84743596408771,Sp1841-4347
-0.5,None,-3.5701129952882966,-40.96080776480311,-9.192721459424773,-46.536859532619,-2.5147867448208476,Sp1842+6751
-0.5,None,59.38607444979732,-45.425740149658175,37.25622782477837,-64.35850208282335,65.58901569043121,Sp1842-0014
-0.5,None,68.25822451984932,-16.874619959327543,47.12944966794199,-26.015514628153323,75.54471075074177,Sp1842-3905
-0.5,None,59.57729010037455,-6.96545193430916,44.76208148162931,-13.94052955276813,63.399731272727735,Sp1842-5114
-0.5,None,49.14819530280865,-51.234217192496686,30.792679141536237,-75.66526789048207,53.81490238392153,Sp1843+1132
-0.5,None,35.208180739334466,-55.36379792717614,20.673405292518098,-83.90812146957308,38.493621126622614,Sp1843+2651
-0.5,None,22.25315063780901,-54.22560237646724,10.837105816768494,-73.07620500426185,24.675719617281047,Sp1843+4040
-0.5,None,61.305379127452916,-43.51447922857465,38.916875656860675,-61.82429916899249,68.27179269998325,Sp1843-0255
-0.5,None,52.70971760698495,-48.82716578738873,33.78249671563485,-71.75071010118508,58.147195930795384,Sp1845+0711
-0.5,None,23.808943331550804,-54.26536508553542,12.38984702942177,-74.87780265592005,26.456720929215248,Sp1845+3853
-0.5,None,71.95465749755311,-27.184504970008327,47.16060350735482,-39.50531908528189,88.98648972305276,Sp1845-2535
-0.5,None,48.52803398076046,3.7379126486667835,40.15210968103918,-1.3247943700478364,50.67993015285438,Sp1845-6357
-0.5,None,70.53905144563988,-21.41161229478386,48.07976839051092,-32.325647594000124,81.78936762325553,Sp1846-3250
-0.5,None,69.67262966437744,-20.025982193286765,48.43964948961078,-30.877663456136712,80.31221258487363,Sp1847-3419
-0.5,None,43.967010389945614,7.967919351971177,37.8787800586991,3.5924168288763445,45.720436926675944,Sp1848-6855
-0.5,None,31.812095159141517,18.651388427675222,29.907617763424483,16.86630660286084,32.401452431385465,Sp1848-8214
-0.5,None,70.75231147525797,-27.676003381706693,47.96032975386577,-41.21127051047952,89.34076219766703,Sp1849-2359
-0.5,None,34.627846651909124,-53.49475356800536,22.11110098576666,-85.67226118035816,38.64455895542486,Sp1851+2641
-0.5,None,3.9821699844551404,-45.252556971058446,-2.411059782444203,-54.86659626479102,5.75972313326006,Sp1851+5935
-0.5,None,10.166137046738628,-48.415354979639254,2.7230399591683128,-61.46431465108486,12.38767514429749,Sp1852+5257
-0.5,None,60.00174098971589,-41.66939023621467,40.91208601452195,-62.032954876867514,68.43893043688969,Sp1852-0305
-0.5,None,53.85660468133532,-1.2444602556991045,44.112954622040476,-8.204264719240257,57.50831667540813,Sp1852-5708
-0.5,None,65.27336264799976,-13.917538788263554,49.08202212797008,-24.18827190162217,73.51150237320195,Sp1853-4107
-0.5,None,-19.503302419936993,-28.751528236146978,-20.80053765432946,-30.077904675562277,-19.152750087385396,Sp1854+8429
-0.5,None,53.756524718556086,-1.1388304938402192,44.369048932654394,-8.278070673505578,57.57208125522476,Sp1854-5704
-0.5,None,43.38191364243005,8.616582724463115,38.256281825195344,3.8594755500873386,45.41325122583727,Sp1855-6914
-0.5,None,-0.3368885325205393,-42.27615245093275,-5.321692562813284,-50.58456104326122,1.3914834012545436,Sp1856+6356
-0.5,None,62.95537652171178,-37.60083664942171,44.28784390438299,-56.89629467023203,73.72176505886227,Sp1856-0822
-0.5,None,47.03383391429533,-48.285092503491356,33.16520806991862,-77.15647084189766,53.33678799102294,Sp1857+1200
-0.5,None,68.7901449251976,-26.063175076854407,50.00035082233244,-41.00658006517448,89.38622041585488,Sp1858-2420
-0.5,None,47.03176746123751,-47.86299137665326,33.58566458643921,-77.0033005217052,53.55440179227437,Sp1859+1146
-0.5,None,38.518091895050276,13.002811080609888,35.24173697652044,9.197368099420896,40.05911845104805,Sp1859-7435
-0.5,None,35.30850852970387,-50.51801999085506,25.489380777445128,-88.93287112753484,40.709565382698166,Sp1903+2437
-0.5,None,26.60821224833747,-51.23660609603139,18.154061570839485,-80.1409974861459,30.95913747803203,Sp1903+3422
-0.5,None,25.737833786916195,-51.22069739724711,17.38888860786184,-79.16733672064966,29.983201963402752,Sp1903+3521
-0.5,None,62.89514222953209,-11.63167863455307,50.73279228196504,-22.904701406847536,72.1570986217393,Sp1904-4229
-0.5,None,41.24928886680131,-48.60724631205402,30.65745877954538,-83.04216556103196,47.660145075377535,Sp1905+1740
-0.5,None,60.2671335573529,-8.285935159391464,49.71476985111501,-18.658976841187613,67.90721675141062,Sp1905-4644
-0.5,None,21.04237460619913,-49.95789547926409,14.14071170296594,-74.39536858219698,25.14622396265952,Sp1906+4011
-0.5,None,59.04442778940617,-37.615498580497444,44.98151102394589,-60.15468492396703,70.57709065469359,Sp1906-0515
-0.5,None,51.71159115940333,0.9118786059547389,45.07961063687644,-6.932112974497954,56.1804314111242,Sp1906-5828
-0.5,None,51.59426811908703,-42.85025169012523,39.636761508503554,-70.14256938882535,60.60019121774669,Sp1907+0443
-0.5,None,36.4881007917669,-48.9976657305934,27.733798504204323,-88.06015073137402,42.686677358765564,Sp1908+2238
-0.5,None,41.65124062536157,-47.1376500870677,32.31252756790632,-81.90157350362142,48.841095986335255,Sp1909+1629
-0.5,None,65.51927474210115,-27.725370129702785,51.30473098496962,-45.78002361244216,84.96792797572657,Sp1909-1937
-0.5,None,42.76939005623482,-46.546078271870016,33.393666012611924,-80.48450270475043,50.25338749876914,Sp1910+1504
-0.5,None,41.14337489963397,-47.233488069739195,31.9834506743396,-82.44618958537195,48.2919190890192,Sp1910+1702
-0.5,None,5.847985464044889,-44.50932285257048,1.5201515778769457,-58.00936351269084,8.760465051032186,Sp1910+5634
-0.5,None,55.93194319793457,-37.57637005334655,45.23857077555464,-62.694824653508526,68.01512109070748,Sp1913-0241
-0.5,None,-4.897705140106713,-38.437139423694525,-7.510314624137686,-46.43036276869838,-2.8153152385390965,Sp1914+6808
-0.5,None,65.26831819241505,-19.48064131487111,54.02748132991627,-35.24708468304591,84.50789085734046,Sp1914-3008
-0.5,None,53.0064714847324,-38.97543563384545,43.734641945879055,-66.20284913757267,64.46959664859928,Sp1916+0051
-0.5,None,49.73589734845384,-40.96526530550505,41.23869755146981,-70.45726831128638,60.18175871154713,Sp1916+0509
-0.5,None,64.65980162652266,-18.939152235765814,54.62333262975691,-35.04870195085548,84.33639913255375,Sp1917-3019
-0.5,None,64.0688134287065,-17.938590483015407,55.10435129944611,-34.09631849261521,83.37810879484687,Sp1919-3115
-0.5,None,33.524691064845136,-46.603157827301246,28.25635188128684,-87.12030984713293,40.896745682895684,Sp1921+2425
-0.5,None,63.79123013491036,-19.006433211160008,55.559259437776156,-36.05507021627723,85.39863081917089,Sp1921-2915
-0.5,None,45.507642521753354,-41.34539337573982,39.72936703002883,-74.28915893076997,56.03355779952104,Sp1923+0917
-0.5,None,62.86474200556397,-15.953876383727545,55.933934588087766,-32.151701183218364,81.51826281097091,Sp1923-3308
-0.5,None,36.74240194537352,-44.854004602581725,32.07591757704958,-84.1651564584894,45.24487553826722,Sp1924+2004
-0.5,None,33.985808452665154,-45.61634562883799,29.572244479125878,-86.12620994059702,41.945742908456594,Sp1924+2322
-0.5,None,-11.903393971867239,-33.628250931060485,-13.071461864258437,-38.991572202812165,-10.22571653660673,Sp1924+7533
-0.5,None,54.54174093141486,-2.3138873242124594,50.571240234559326,-13.416537423766751,62.752829439319136,Sp1924-5154
-0.5,None,46.98411559364078,-40.00322417707629,41.570186420918105,-71.97380860186084,58.31253995116168,Sp1925+0700
-0.5,None,44.94504921342164,-41.066846991625695,39.8269577694234,-74.51428783633536,55.68166384794831,Sp1925+0938
-0.5,None,59.101461096567434,-8.45119392376887,54.383397742005336,-22.104368462141892,71.47843907967601,Sp1926-4310
-0.5,None,31.78661921373668,-45.47564107547353,28.19401064924507,-85.64922161275611,39.69904672331055,Sp1927+2537
-0.5,None,56.14775025950788,-4.410122670558981,52.54098169237835,-16.719242080157443,66.10325158927371,Sp1927-4833
-0.5,None,41.8619492148529,-41.73054296157522,37.92550505414732,-77.52363023771518,52.29270858087077,Sp1928+1301
-0.5,None,33.3164838020508,-44.88572959072319,29.87164708600226,-85.42529208471073,41.67333799763668,Sp1928+2339
-0.5,None,24.431184090381855,-45.97939749847584,21.659400393947262,-79.55267053930275,31.263755161632737,Sp1928+3403
-0.5,None,58.31529451481205,-7.563943420778574,54.59086224661496,-21.308856283492993,70.72942441418623,Sp1928-4356
-0.5,None,56.86910809003882,-5.4253863121229,53.33639977496543,-18.256413664967294,67.65871697308167,Sp1928-4700
-0.5,None,43.211800626765076,-40.680468379781416,39.58181839858211,-75.54060849996515,54.293181163034,Sp1929+1101
-0.5,None,54.31436450537999,-32.99696099746055,49.82246562368477,-59.988906646019515,70.30680545279618,Sp1929-0458
-0.5,None,59.27329240832066,-26.66590466171484,54.82348989906089,-49.688491362278235,80.68193428780877,Sp1930-1521
-0.5,None,43.16859255973554,-39.662209722860624,40.62684313814516,-74.63795338835529,54.93875443748982,Sp1933+1022
-0.5,None,35.80323727382537,-42.743160622791855,33.68620119417494,-82.46215727966349,45.57581800522204,Sp1933+1944
-0.5,None,34.11530026341294,-43.283047033186484,32.057649602939385,-83.64238583576031,43.48640072294512,Sp1933+2150
-0.5,None,55.36818887352918,-30.443517649482473,52.27631110373277,-56.6864398968034,73.4895892561002,Sp1933-0810
-0.5,None,60.65291337078769,-17.034704550211426,58.703071312035945,-36.227384574488504,85.89674011344262,Sp1935-2846
-0.5,None,52.87853517017133,-31.574064300817074,51.239620242788064,-59.70071184968181,70.25277684403707,Sp1936-0455
-0.5,None,57.29053744352491,-26.264244489862474,55.75206530335219,-50.79456181444564,79.31048423287268,Sp1937-1359
-0.5,None,15.450180858922753,-43.62652318585759,15.019837402365178,-70.22749349331542,21.96096973232232,Sp1938+4321
-0.5,None,57.17330226993368,-7.137002993324762,56.7866628657863,-22.382621811602917,72.00976792849356,Sp1939-4239
-0.5,None,49.07047590149767,3.4506068961596705,49.062498401317605,-7.302892767266123,56.83071114801965,Sp1939-5750
-0.5,None,40.36124294539616,-38.955007414695295,40.135365176437816,-75.90566733734617,52.69388340260689,Sp1940+1237
-0.5,None,42.249674875897036,10.240055488544892,42.53186719478161,2.3571072621949707,47.11972950530242,Sp1941-6733
-0.5,None,34.85864121218347,-40.469582805504025,35.46872452876948,-80.39871392934764,46.0895822102228,Sp1942+1913
-0.5,None,57.08463803607567,-7.63041621658038,57.8859261665647,-23.684373832863248,73.42284773811149,Sp1942-4115
-0.5,None,46.37588161496114,6.243256945649431,47.037326710107415,-3.687087546318911,53.246020769633304,Sp1943-6125
-0.5,None,47.23188341662194,-33.38511800706978,48.58263913712138,-65.63183257376825,63.51631160921263,Sp1944+0147
-0.5,None,34.08891030265702,-40.36900833323605,35.07840918133632,-80.53346947808163,45.35480933921167,Sp1944+1957
-0.5,None,5.34377284611584,-40.46219171765724,6.029236095239306,-59.30652076725712,10.833574001023042,Sp1945+5428
-0.5,None,58.38724789738143,-17.247453435827374,60.709064391662665,-38.66544744893458,88.5702057038835,Sp1945-2557
-0.5,None,53.381696616357104,-1.95463463377839,54.852184363133496,-15.86828135943347,65.5894492762482,Sp1945-4904
-0.5,None,34.576972169196594,-39.609591746780644,36.193720170008014,-79.5661733228743,46.37908610024552,Sp1946+1856
-0.5,None,54.19036544769734,-25.656576233340584,56.930993531538476,-52.47282843307334,77.06768332334497,Sp1946-1145
-0.5,None,35.39860431320175,-38.37246337941709,38.01961245138772,-77.92964354209512,48.09807183766629,Sp1949+1713
-0.5,None,29.52525071812261,-40.2752250530782,31.925284342874292,-80.60997666699728,40.56324387564386,Sp1949+2445
-0.5,None,29.528874337636918,-40.07903202758629,32.13518797331856,-80.43558565776179,40.700013800050755,Sp1950+2436
-0.5,None,21.476306188498295,-40.89197682604168,24.29907215295539,-76.28056093624595,31.07619745501369,Sp1953+3414
-0.5,None,13.08827314693967,-40.820350677445695,15.47365010215262,-68.12587260639282,20.8975723058347,Sp1953+4424_1
-0.5,None,13.086598772763935,-40.81846673756615,15.473839164434569,-68.12431038022727,20.896802489599153,Sp1953+4424_2
-0.5,None,33.962535787551914,-37.436707371412425,38.099678412210274,-77.40709404923555,47.280190753767414,Sp1954+1801
-0.5,None,8.902494230585642,-40.16091801010466,11.139324950249671,-63.61483023672637,15.923173783650663,Sp1954+4923
-0.5,None,39.0911111803653,-34.862371240940384,43.87025434930619,-72.36843145830855,54.446107620501074,Sp1955+1052
-0.5,None,52.91201267286329,-23.066104663691732,59.49236489118829,-50.44846503198924,78.5833920172622,Sp1955-1316
-0.5,None,38.63910850387236,13.668776705526934,40.30152711964978,6.379089071540848,43.241845572599615,Sp1955-7126
-0.5,None,45.394414694602396,-30.21979328905176,51.48329838525409,-63.587627332648026,64.43176312151323,Sp1956+0052
-0.5,None,36.35254844934308,-35.90868710325111,41.22816543067139,-74.85460613808569,50.87654705255248,Sp1956+1426
-0.5,None,54.346822283413125,-20.225518172425836,61.47837442022555,-45.93946268785004,83.2154527267764,Sp1956-1754
-0.5,None,28.83658624025723,-38.33343861760007,33.44854713563838,-78.72738704217623,41.16693049430572,Sp1957+2408
-0.5,None,29.906937231042498,-37.50754228939868,35.15412478117958,-78.04220287652683,42.924210300863955,Sp1959+2223
-0.5,None,23.24109833567668,-39.13352005908823,27.83998456560543,-76.94395627330401,34.34965580821504,Sp2000+3057
-0.5,None,40.628053498921496,-31.685410008406315,48.07766640918646,-68.08084448372017,58.51871098605962,Sp2001+0647
-0.5,None,47.64234941701267,-25.791091101432635,56.765031082432934,-57.257310086288804,70.6730039944205,Sp2002-0521
-0.5,None,52.47596710035009,-2.6535877614486303,59.79324680272766,-19.748455008228504,70.13299078182413,Sp2002-4433
-0.5,None,48.46386421585574,3.527816314763352,53.65160434551787,-10.132095587777505,60.25295553988185,Sp2002-5425
-0.5,None,51.17197544406341,-20.59904302396012,61.99916603771302,-48.773991109019924,79.55686411260585,Sp2004-1416
-0.5,None,48.57964458208449,-23.196877156871217,59.58816055308582,-53.66755810376502,74.18613383422709,Sp2006-0852
-0.5,None,39.12645312627345,-29.64850168443821,49.60101169264705,-66.64398623313261,58.724099368821356,Sp2010+0634
-0.5,None,34.635821201921,-31.55475942542711,44.91033332348667,-70.74821923256079,52.526770804112466,Sp2012+1246
-0.5,None,32.121263712122484,-32.84024125864141,41.81013319474765,-72.90813857780914,48.85051161617066,Sp2012+1627
-0.5,None,45.706144395513775,6.4245712932522085,53.224341514612966,-7.423522102692278,57.925945725153575,Sp2015-5645
-0.5,None,30.85105535582958,-32.24620696792629,41.54465474284232,-72.52494276729524,47.979135793265414,Sp2016+1719
-0.5,None,47.109562511724555,-20.0320306920737,62.76231592492209,-50.91030804620591,76.06057520851492,Sp2016-1045
-0.5,None,41.63559905969705,-25.025119671613744,55.93287376236384,-60.09482252470337,65.42441633188163,Sp2018-0007
-0.5,None,45.04903236566359,-21.570913752825746,60.84810556723159,-54.0701830912373,72.31366263438167,Sp2018-0701
-0.5,None,44.456225230787794,7.799632256007254,52.41381827095665,-5.803898174629272,56.41529990028469,Sp2019-5816
-0.5,None,16.660181051435686,-35.642911823004255,25.16697950789742,-70.81719033498322,29.241566866419223,Sp2020+3603
-0.5,None,26.513356325697035,-32.55819670032949,37.78932550011118,-73.03223118644371,43.02777829234755,Sp2021+2216
-0.5,None,50.13218457368958,-2.7302428737219437,65.34346682294547,-23.404968398563597,74.94657833729289,Sp2022-3944
-0.5,None,49.31414412184498,-0.6116821293553951,63.66762759206982,-20.1656245471994,71.60273285433155,Sp2023-4305
-0.5,None,44.18329026232595,-19.246312421907128,63.21922944716186,-51.84129341608772,73.88661910141356,Sp2025-0835
-0.5,None,37.13598201081949,-25.227083370775656,53.52205093652185,-62.62457381221093,60.63681422625682,Sp2026+0439
-0.5,None,49.71016307912945,-7.805140334636824,69.59257557127475,-32.57242547256545,84.97187673645487,Sp2026-2943
-0.5,None,23.056790336623425,-32.30737521076007,35.04404764336912,-72.16265695694767,39.37625729221177,Sp2027+2555
-0.5,None,39.52644882981394,-22.737792436930576,57.62547830471794,-58.60207655957833,65.47871701994183,Sp2028-0010
-0.5,None,-0.9162649788389006,-33.92065457673506,5.469818059210423,-53.75772859250862,7.454743148589556,Sp2029+5750
-0.5,None,32.42163025955033,-26.626166421343196,48.92447422680666,-66.0101748472343,54.423739689820025,Sp2031+1052
-0.5,None,10.727508118498054,-33.87064433054648,20.601607427852628,-65.51973912034303,23.366598039453375,Sp2032+4155
-0.5,None,37.547307680639754,15.028988878931948,43.74168954532907,5.1377112965606235,45.383023955073384,Sp2032-6918
-0.5,None,20.358934568713813,-31.581111825121035,33.310244840660445,-70.68154066633616,36.89943092139918,Sp2033+2823
-0.5,None,18.286892612302992,-32.21521728877864,30.58192826157436,-70.1621123214965,33.96296734359622,Sp2033+3119
-0.5,None,33.28321543080248,-24.966284758036725,51.40958743370834,-63.87532310032548,56.84513411700837,Sp2034+0827
-0.5,None,6.557788333182153,-33.652103548340314,15.8446882600775,-61.68452958542862,18.15414654253437,Sp2034+4708
-0.5,None,47.847894583256036,-5.3738847886023615,71.20887861196462,-30.496065413822503,83.5260226899772,Sp2035-3110
-0.5,None,46.990211669538944,1.6374836782225453,64.89906024369795,-18.727649987894875,70.8725720987262,Sp2035-4349
-0.5,None,41.83070753327393,-16.79841545388822,65.38204648602009,-50.29095104580665,74.07021515036517,Sp2036-0847
-0.5,None,42.906868981871725,-15.312967645217007,67.29770965942052,-47.81545999277364,76.9081446581783,Sp2037-1137
-0.5,None,46.895206754276614,0.2350474940330455,67.63941235171417,-21.75077972288046,74.36228719450438,Sp2038-4020
-0.5,None,44.40065553026711,6.681335975674094,58.71602389005417,-10.56275446723042,62.315614026988634,Sp2038-5223
-0.5,None,46.84151614287171,-5.5734190201233105,72.45330252279648,-31.72505630816723,85.25601342102858,Sp2039-2926
-0.5,None,16.045456608644077,-30.39754773567666,30.281319095025214,-67.87843772562009,32.86422471891229,Sp2042+3225
-0.5,None,38.8045762603417,-17.29135913686597,63.65926409676047,-52.563239877176215,70.29140644734221,Sp2042-0500
-0.5,None,40.40397427890061,-15.801538262797054,66.07369931156434,-49.89426221297537,73.6475918532318,Sp2042-0821
-0.5,None,27.150578206403914,-25.24991342776956,46.4049146816092,-65.62389260651504,49.99306068585306,Sp2044+1517
-0.5,None,39.32405172976602,13.203432830863273,49.491407768763345,0.15844544046332523,51.169381695553,Sp2045-6332
-0.5,None,27.197830919121774,-24.29145075603927,47.52461444648463,-64.6032216965492,50.92552200782671,Sp2047+1421
-0.5,None,39.140530570741376,-14.770489630208777,66.80366180621546,-49.333973075608064,73.4295830696054,Sp2047-0808
-0.5,None,15.18513383399356,-29.072422074342114,30.834392924178534,-66.62644916708534,33.006332560221836,Sp2049+3216
-0.5,None,14.239278680360822,-29.302803613782118,29.57636396029129,-66.2521139027834,31.67263208339375,Sp2049+3336
-0.5,None,41.97020345732164,-9.824726941268171,72.99434652722759,-41.39302845931999,82.5298387491201,Sp2049-1716
-0.5,None,42.80944328754633,-8.698802358536705,73.92136090193651,-39.33118288907761,85.00436544763458,Sp2049-1944
-0.5,None,31.489074270275918,-19.542768901256665,56.41928697546521,-58.34137266626322,60.11258317423105,Sp2052+0510
-0.5,None,-12.214851069720329,-29.455085312829898,-6.453206143190568,-41.185853780968124,-5.79435143673228,Sp2052+7104
-0.5,None,43.045036218113204,-6.33672628752346,75.48218896109721,-35.91398741658317,88.55935008544434,Sp2052-2318
-0.5,None,43.31981879087656,6.328971289771905,63.63477848900093,-13.76584492090471,66.72964747168447,Sp2052-4758
-0.5,None,38.139848667126216,14.415163095984969,48.925390894914706,1.3918672886664236,50.189426694414806,Sp2052-6431
-0.5,None,32.397805076336965,-18.415811793192706,58.425654728974884,-56.737312713340515,62.22699493542362,Sp2053+0303
-0.5,None,13.837465701313624,-28.445878363616657,30.08741007162684,-65.53828093401577,31.96099618173953,Sp2053+3319
-0.5,None,41.75664495116618,9.492768528032379,58.360438593844044,-8.08120632065578,60.548717491107354,Sp2053-5409
-0.5,None,34.46861217356084,-14.89955091733692,64.1138466306011,-51.793773476672015,68.15495651117348,Sp2057-0252
-0.5,None,42.65919782538945,-0.10118439136622932,75.58718656633773,-26.892984374398306,82.10231222117024,Sp2100-3236
32.16610222136618,None,30.80897297717268,-16.781568295232244,59.17765411839381,-55.41200598848408,62.16610222136618,Sp2101+0307
27.906312592059194,None,27.777407855857472,-17.697678617857118,55.59806906357881,-57.31815972164856,57.906312592059194,Sp2104+0722
4.2640317386529745,None,13.617994224531918,-25.648670895773495,32.9228080847844,-63.670316626914975,34.264031738652974,Sp2104+3100
45.90049500304828,None,36.38320904977778,-9.961146394747006,71.38201272005435,-44.86228052864146,75.90049500304828,Sp2104-1037
-0.5,None,2.0201307839214713,-28.47018816333295,16.146048989665577,-56.930700075194764,17.005373870230773,Sp2105+4816
52.12638378403592,None,38.01303272944835,-6.513638800463464,76.15823262505468,-39.53163827807205,82.12638378403592,Sp2106-1650
43.96730870068029,None,41.65498040982571,4.9324564677287865,70.98738952167791,-19.156840575430778,73.96730870068029,Sp2106-4044
38.407707097658076,None,32.457861094007,-12.634036457550303,65.50252384822497,-49.956394030811545,68.40770709765808,Sp2107-0307
50.75392334708529,None,41.28713463543676,1.8531627640100052,76.06556183367081,-24.991456627466828,80.75392334708529,Sp2107-3357
38.97780511247409,None,41.03917361184947,7.5440644645422905,66.91923983934534,-14.622125958323466,68.97780511247409,Sp2107-4544
29.035918513116783,None,38.947624047319344,12.412501230518341,57.97321503963701,-5.6284557039712295,59.03591851311678,Sp2110-5540
-0.5,None,-21.488821793090935,-25.922786136963758,-19.289510588073536,-29.300655523680188,-19.177194952676086,Sp2112+8427
31.57841657198408,None,27.276409937907417,-13.59765250592143,60.01589794179544,-52.8470741188641,61.57841657198408,Sp2116+0341
12.627798912958653,None,16.768638458022338,-20.707929249783554,41.66631427463038,-60.77131631639059,42.62779891295865,Sp2116+2238
0.8080457277669879,None,9.245962458635754,-23.78274161091893,30.124552367640423,-60.34698451806037,30.808045727766988,Sp2117+3428
39.62104538966432,None,39.230746845865674,8.915900100356133,68.30677538230819,-14.272074227170314,69.62104538966432,Sp2118-4505
24.910587498724084,None,22.872206000436485,-15.289105583976367,53.88279876163237,-55.580080559955114,54.910587498724084,Sp2120+1021
43.20806544688652,None,38.90791518472527,7.711006073637283,71.7501122962416,-17.136904512264387,73.20806544688652,Sp2120-4130
9.75644484986212,None,13.072147861034615,-19.294972622169674,39.2763321314068,-58.716153627354096,39.75644484986212,Sp2126+2531
52.99879655911725,None,37.03862783714906,4.382585803556606,80.55339411526369,-24.738668991985985,82.99879655911725,Sp2126-3143
3.0457745392464233,None,28.491945231479868,22.897040177661143,32.98232583211343,17.66292695420367,33.04577453924642,Sp2126-8140
18.40161679298525,None,17.884829177229495,-16.16773140254489,47.84292701540009,-56.671650401204246,48.40161679298525,Sp2127+1652
-0.5,None,-5.372210543253403,-25.99290157942763,9.154499627518865,-49.78070847445526,9.387498514976718,Sp2127+5553
42.46474301410977,None,37.690201504892585,9.134679248817433,71.5445458329887,-15.858114529052642,72.46474301410977,Sp2127-4215
9.578415641057155,None,31.12359453880287,21.209894771684144,39.4596285818937,12.173159937305359,39.578415641057155,Sp2127-7508
19.539488863829405,None,34.39470469124003,18.114295711902134,49.30832912334775,3.7086500125334245,49.539488863829405,Sp2128-6510
44.02425918852997,None,29.643789249042225,-4.9737306164704,72.97246084263752,-41.89478289860941,74.02425918852997,Sp2130-0845
21.573854691708355,None,18.68599489729985,-13.953008794732,51.14923652169985,-54.48646818442067,51.573854691708355,Sp2132+1341
11.906746996091101,None,13.163255089300451,-17.25494611040055,41.59485031157041,-57.03447899073921,41.9067469960911,Sp2133+2321
11.201691608144934,None,12.489553148895569,-17.180408391834767,40.93469122040327,-56.815307079743576,41.201691608144934,Sp2134+2404
-3.3770399943938045,None,4.059484109865707,-21.62126891933375,26.422647482193966,-56.19936871931286,26.622960005606195,Sp2134+3838
54.00577568050231,None,34.89437723040191,5.729837242237486,82.64869245100398,-24.41518034166332,84.00577568050231,Sp2135-3040
52.80371042996481,None,35.243922119378986,6.116450209910754,81.5706341678922,-23.528456929848712,82.80371042996481,Sp2135-3153
20.42227743221283,None,17.052869627217678,-13.274981334410493,50.16845377745109,-53.80726114709694,50.42227743221283,Sp2137+1450
40.729711927937984,None,26.81503840738067,-4.937724286427466,70.24296616118697,-42.955183276317825,70.72971192793798,Sp2137-0527
17.328980916383756,None,32.865063815298974,19.73223433745638,47.243001886445455,6.09629193837488,47.328980916383756,Sp2137-6723
14.486059116461277,None,32.08034133425438,20.538826588911856,44.414183642588654,8.458627909305939,44.48605911646128,Sp2137-7014
-0.5,None,-4.9029097647018585,-24.022123098359256,12.217699773149564,-50.08597423297802,12.316042815681195,Sp2138+5257
-4.3050352254113875,None,2.784235061585101,-20.991161263078425,25.57291790700726,-55.10061956480508,25.694964774588612,Sp2139+3934
36.10368052709249,None,24.17598400090956,-6.281978751410764,65.8123273856477,-45.35679301414448,66.1036805270925,Sp2140-0050
33.40654061524933,None,34.96391869670799,14.975842388883285,63.28875061130003,-6.939878504243004,63.40654061524933,Sp2141-5118
1.1067012714290136,None,27.195265475535713,23.825805109705176,31.09788988698277,19.568409174705984,31.106701271429014,Sp2143-8337
54.065789590948825,None,30.03831473524355,2.4315362425608233,83.56241224392018,-32.30749142003095,84.06578959094882,Sp2144-1847
-2.0627826767947255,None,2.9270118001145553,-19.030308010188485,27.892926897368874,-54.19075438071488,27.937217323205275,Sp2146+3719
30.464858327230225,None,19.660145852685567,-6.666643361691407,60.42591416588201,-46.75402514823477,60.464858327230225,Sp2148+0447
28.60003946812754,None,18.707387599834362,-7.367952549187527,58.567515844840706,-47.63902789532541,58.60003946812754,Sp2148+0639
26.638240042638714,None,33.33904162929376,18.197550802157092,56.621024156525166,-0.8101187093907344,56.638240042638714,Sp2149-5805
18.55229121419616,None,31.944327545332012,20.58599162703276,48.54271862477055,5.805609977621913,48.55229121419616,Sp2150-6610
11.797554205592604,None,9.668802210712071,-13.438244224524407,41.783479000352145,-52.99483976552237,41.797554205592604,Sp2151+2328
46.954760615696856,None,26.12917967842505,0.8241675317285676,76.91665529779854,-36.23625242630476,76.95476061569686,Sp2151-1141
44.441052354423974,None,33.06416004854924,12.501036340024067,74.41849412244197,-14.849580556657358,74.44105235442397,Sp2151-4017
5.431183630436564,None,5.75921878834943,-15.1533892119748,35.42746484069953,-53.100091099122864,35.431183630436564,Sp2153+2950
39.643291988399085,None,32.59258831053241,15.015572523685648,69.64480893366019,-10.546978512105717,69.64329198839908,Sp2156-4505
-0.5,None,-18.61113823391398,-24.572078762172918,-10.370167329899118,-34.74326730613838,-10.365601119837564,Sp2157+7537
57.288209214609395,None,29.514833098425022,8.772628954674706,87.2327496221063,-23.86505112506847,87.2882092146094,Sp2157-2726
29.153939420677823,None,32.35770705234637,18.594765768410713,59.1471380149316,-2.102612449154135,59.15393942067782,Sp2157-5534
-0.5,None,-10.331668895395477,-22.30174509610424,6.650268391617051,-44.82039918486876,6.655458169780131,Sp2158+5836
51.10138208951378,None,26.04547376343678,4.086907900187401,81.08230315274686,-32.17480638359472,81.10138208951378,Sp2158-1550
-0.5,None,-9.016872461288399,-21.41027967579193,9.655824092706311,-46.02082226829938,9.664552806935214,Sp2200+5536
37.019663737073,None,19.757649807849564,-1.0097591516258602,66.98446367871891,-40.46370678803962,67.019663737073,Sp2201-0145
-0.5,None,-7.970507276764306,-20.556954511152068,12.150401177438924,-46.84505294247704,12.163007939605471,Sp2202+5305
279.5133433741453,None,31.41680374300551,19.776406440062708,57.906774941333076,-0.6093276431979354,57.95133433741453,Sp2204-5646
463.3822196006686,None,22.621263339244194,3.77897758331296,76.13133216869474,-33.98775789808542,76.33822196006686,Sp2205-1104
560.3673340537919,None,25.801095367798162,7.901728588866716,85.31632128196138,-27.322123777598602,86.03673340537918,Sp2206-2047
424.42080731517024,None,30.43801086987852,15.88042273904513,72.28570766619409,-11.491898005919262,72.44208073151702,Sp2206-4217
475.9451714200161,None,29.202563716571156,14.600866492570644,77.25067485401625,-15.050418208233731,77.5945171420016,Sp2209-3707
448.62202926706186,None,20.844249729420266,4.366217937289222,74.42495802072887,-33.90424656559969,74.86220292670619,Sp2210-0936
419.70635492327943,None,29.247420109515875,17.224652813163097,71.58565521488936,-10.306449913461869,71.97063549232794,Sp2213-4245
298.76499196775615,None,30.088055464097728,20.606637588820007,59.680189238695704,-1.2072354487495327,59.87649919677561,Sp2213-5451
210.313070142561,None,29.805260169109623,22.487198035457588,50.90721508431097,5.450238742104223,51.0313070142561,Sp2213-6342
485.693909421198,None,21.36400921074753,6.7652575290744545,77.7165021962147,-30.804876268962573,78.5693909421198,Sp2214-1319
499.23696798210756,None,20.777391410266382,8.35624532085152,78.44723888760247,-29.065126195679696,79.92369679821076,Sp2219-1440
232.80645240769516,None,9.042790566190474,-2.163312413374641,52.72971316946434,-42.65037770544882,53.280645240769516,Sp2221+1158
-0.5,None,-13.278354186200605,-19.30492549593406,6.121373920534822,-41.844544613393296,6.3064215524790885,Sp2222+5857
274.19238356962376,None,28.86458057707006,22.378173064689122,57.03703671220729,1.4679137142058203,57.419238356962374,Sp2222-5719
127.4735755361202,None,3.475024225770522,-5.935930172862066,42.22177405895311,-45.22236237618088,42.74735755361202,Sp2224+2230
457.17989461049484,None,26.62657830365574,18.025350307818684,74.45764708452148,-11.638028431427106,75.71798946104948,Sp2224-3901
-0.5,None,-14.925938565066524,-19.53026592511715,3.3631039379726224,-40.22861811951944,3.592693224241031,Sp2226+6139
96.76317404640727,None,27.49155514331438,24.923523957624916,39.50335987335121,14.482792435457005,39.67631740464073,Sp2226-7503
486.6876667169319,None,18.218920892464244,9.936331248596048,76.20986659665698,-28.0813480194382,78.66876667169319,Sp2228-1325
421.013674489614,None,15.429226621576959,7.534698367043966,70.29538513784743,-31.754143425959835,72.1013674489614,Sp2229-0650
372.61449076096056,None,27.04892386485961,21.26049592839671,66.25406799310615,-4.918248300366793,67.26144907609606,Sp2229-4728
507.65828481177465,None,24.23346295933027,17.721954976634652,77.96192358699149,-14.243690197249721,80.76582848117746,Sp2230-3358
309.9214950183964,None,27.659807753034663,22.6868638445328,60.26195318084207,-0.40246087080932813,60.99214950183964,Sp2230-5344
260.9404588972754,None,8.061147132294995,1.3325375411544582,54.93523567968049,-39.19617083098553,56.09404588972754,Sp2232+0909
126.08060390943798,None,-3.684304971986005,-8.806385273555023,30.568101059820563,-44.73376832723715,31.26080603909438,Sp2233+3359
-54.19019517167136,None,-4.515773660000365,-9.528972781897258,28.791925607946737,-44.77023608411555,29.458098048283286,Sp2233+3547
112.5289123649064,None,0.8445108578142685,-4.566927670057462,40.36758522836725,-43.40158768128877,41.25289123649064,Sp2234+2359
572.9917389270165,None,21.746375331324057,16.221913629205496,80.91793883332312,-18.210056229183092,87.29917389270165,Sp2234-2720
309.3788936041338,None,9.397081668927719,4.214717421352218,59.3319859713707,-36.263205832704415,60.93788936041338,Sp2235+0418
165.7949609216019,None,2.9672759210841773,-1.9624588764825313,45.490181120466325,-41.728271883841344,46.57949609216019,Sp2235+1840
-4.1207051611416645,None,-6.794704660634995,-10.283769614987895,25.135844047565467,-43.96218900695584,25.879294838858335,Sp2237+3922
-0.5,None,-8.876746388993075,-11.962678474188717,20.680039533495314,-43.49036999533092,21.368629518751806,Sp2238+4353
-0.5,None,-7.7666265144703095,-10.088717592231061,24.09974882862757,-43.29481646210344,24.940232619125897,Sp2240+4018
418.44714931464523,None,24.41357513141885,21.995095637770156,69.61963540941247,-6.766229459265912,71.84471493146452,Sp2240-4253
517.482236511493,None,21.802254070413408,19.559491620578523,76.95401834884262,-13.258343894815196,81.7482236511493,Sp2241-3258
254.83263461638762,None,26.46049449240923,25.144948206750836,54.51937655389413,4.604773763968012,55.483263461638764,Sp2241-5915
234.1409788883562,None,26.614698796292625,25.34025595447439,52.55741729914908,5.9966402818590945,53.41409788883562,Sp2241-6119
97.33467253878665,None,26.51751436715973,25.906594208335147,39.35934401705061,15.171072458696912,39.733467253878665,Sp2241-7500
95.38746707173182,None,-1.6847171780560743,-3.529891777032763,38.2616401648108,-41.81562341475139,39.53874670717318,Sp2242+2542
252.04616054432407,None,26.307740931712896,25.348710481798033,54.198119409975256,4.9230008790767315,55.20461605443241,Sp2243-5932
539.7730205618104,None,20.53413957744997,19.526086566068113,77.53055042162649,-14.211326273487446,83.97730205618105,Sp2244-3045
-0.5,None,-15.641805498860021,-16.047252382389114,6.737783683906404,-39.35664693071028,7.406087946086354,Sp2245+5750
153.24886123928343,None,0.04286273684335609,-0.12749990137999873,43.60999991328028,-39.53978673396996,45.324886123928344,Sp2247+1955
71.82922819982032,None,26.016200601182284,26.139835374457846,36.80305604668007,17.069500243736353,37.18292281998203,Sp2247-7733
3156.8156415917983,None,-5.724824127610206,-5.084791367719208,31.738758375656126,-41.38558479679117,33.1568156415918,Sp2249+3205
290.1781844540294,None,24.92707114098966,25.91581054584513,57.39436437089715,3.106610630933454,59.01781844540294,Sp2250-5543
280.625189527301,None,25.12192434500809,25.947137029383484,56.545946064460374,3.683336581897247,58.0625189527301,Sp2250-5640
527.4800727759618,None,14.517648234678806,16.672004998177485,74.93611942467705,-21.14685039074975,82.74800727759619,Sp2252-1730
367.0720076324821,None,23.266714889931425,25.221075405577842,64.06305204563853,-1.672079483186661,66.70720076324821,Sp2253-4801
560.4284838114175,None,17.813690531771655,20.973600601613576,76.16509104048647,-13.861362386615893,86.04284838114175,Sp2254-2840
275.26452284016614,None,24.493268696876704,26.699038165477802,55.77143620578464,4.56681169717515,57.526452284016614,Sp2255-5713
347.30802731787605,None,6.304710388823408,10.54619494616182,60.70489106503189,-29.880987458605993,64.7308027317876,Sp2256+0031
-0.5,None,-20.281166715045334,-18.861050915479982,-4.29225465705295,-34.5389186386143,-3.6474383264724106,Sp2256+6854
442.42509155152305,None,20.84280256838662,24.476289207761006,69.63792555427506,-6.015322029050584,74.2425091551523,Sp2257-4030
381.00396509418135,None,22.19754733156139,25.77482807181688,64.79234060888807,-1.9681295851785878,68.10039650941813,Sp2257-4638
340.1812973029207,None,5.5168715071577195,10.730849326371084,59.82191579199643,-29.73848261596496,64.01812973029207,Sp2258+0113
-0.5,None,-23.145915539525966,-22.19695032229008,-15.317095550599067,-29.490528378543893,-14.96741332777379,Sp2259+8013
304.00724729832035,None,23.518954988280143,26.977695341160654,58.10987951656274,3.127896848884482,60.400724729832035,Sp2259-5420
142.36895004642648,None,-3.8174743449803046,2.724353890357526,41.38548401782551,-36.22059743386743,44.23689500464265,Sp2303+2100
4028.0867741072952,None,6.398829954368519,15.088785936475352,63.94607053259766,-25.035032749626275,70.28086774107295,Sp2306-0502
3459.1858472630574,None,21.501403945000682,27.75653699472369,61.05052835067135,1.4242959000921012,64.59185847263058,Sp2306-5008
5734.834399992352,None,14.604908083631452,23.399881465326633,73.46271122476246,-12.321220555981046,87.34834399992351,Sp2308-2722
5323.686307698406,None,10.700377743682102,20.879119687480014,71.33059411993753,-17.33709049325511,83.23686307698406,Sp2310-1759
-0.5,None,-22.007179310383368,-17.664877267957184,-5.455102418700483,-32.78365117647102,-4.408787770995708,Sp2314+6939
4171.25311570971,None,4.846407432208356,17.807636578686825,63.44667397900578,-22.295066802564012,71.7125311570971,Sp2315-0627
5694.811464480719,None,10.692602269306006,23.568483294469395,71.06163312911151,-13.976856560839579,86.94811464480719,Sp2316-2141
-0.5,None,-21.171103980090816,-15.191930963712949,-0.5426561156267479,-33.97320776624917,0.8590873071887092,Sp2317+6423
3785.866761414954,None,2.9281083777307098,16.538432895315555,60.34610041926004,-23.86127190591354,67.85866761414954,Sp2317-0236
-0.5,None,-23.567112363089414,-20.109285884014533,-12.307016603785907,-30.029087984471104,-11.510188861690864,Sp2319+7645
4868.216786626461,None,6.497355453935624,21.711114570571663,66.85151845626721,-17.596502082557336,78.6821678662646,Sp2321-1326
5319.361847629354,None,13.116185630649888,27.559054592298914,69.61551934623814,-7.3002703343675055,83.19361847629354,Sp2322-3133
2644.9920911664426,None,20.82238302442437,30.661071611996608,52.87723333946797,8.353434641329482,56.44992091166443,Sp2324-5817
-0.5,None,-16.505950244353347,-3.779639948000267,19.27118326210155,-34.88409230193086,22.384783550483217,Sp2325+4251
5292.375725209028,None,6.835777875960459,24.612015002417728,67.46703624892682,-14.077934793709685,82.92375725209028,Sp2327-1741
817.9084441487419,None,-11.698622781343733,4.960718983508496,33.473412108886315,-31.954288561420245,38.17908444148742,Sp2329+2704
-0.5,None,-18.215094353905577,-5.055044644095057,15.706053121825022,-34.33567113350203,18.807073141140414,Sp2329+4626
5138.102958765442,None,5.689170349194475,24.61026825746009,66.32416495814074,-14.419021014263734,81.38102958765442,Sp2329-1607
3060.1148981016286,None,19.14625438407488,31.406293178223784,55.773954235170656,6.572055408851699,60.60114898101629,Sp2329-5408
3713.80499753609,None,17.135557833955858,31.36400368032699,60.41488950724984,3.0167254672473924,67.1380499753609,Sp2330-4736
1937.3987566502685,None,-7.8683984988589035,11.105585376894096,43.12285154732927,-28.232578361612493,49.373987566502684,Sp2331+1552
3935.1622845857746,None,0.44471113914673566,20.26533638302218,59.11670017264095,-20.145033518929935,69.35162284585775,Sp2331-0406
5689.4974953793535,None,9.999839177691484,28.468054757483767,68.30929640417936,-7.839518206135284,86.89497495379354,Sp2331-2749
-0.5,None,-24.232136766314223,-18.563029607760484,-10.915409951155548,-29.79441503690551,-9.687598327753769,Sp2333+7456
5676.532057077934,None,7.047603582870977,27.240071275563626,67.22593894915472,-10.7776912050715,86.76532057077934,Sp2333-2133
1569.677842164232,None,-10.004349199211584,9.89871514907068,39.56028235271694,-28.709450505785885,45.69677842164232,Sp2334+1933
3763.6642431886216,None,-1.2122720124879163,20.472480051629837,57.17402369635488,-20.02570710339497,67.63664243188622,Sp2335-0223
1666.5781615704375,None,-9.982827785229981,10.722340678375799,40.20691135530051,-28.04308935706437,46.665781615704375,Sp2336+1835
1335.4972334487022,None,-11.347127109965129,9.105398882053347,37.28084387332378,-28.94822523720532,43.35497233448702,Sp2336+2153
-0.5,None,-18.89475478008499,-2.618402089586538,17.314407410991798,-32.83580358844894,21.157384028125996,Sp2337+4405
4480.283660416033,None,1.311937737318484,23.89093204310879,61.41800173672808,-16.167181844211598,74.80283660416033,Sp2337-0933
-0.5,None,-23.31481156266472,-12.936922561425064,-0.8727434709181073,-31.840580602050945,1.3713210864932617,Sp2338+6352
4800.190455932746,None,2.2949545080774976,25.474108825084727,62.814807805254816,-14.235160808764894,78.00190455932746,Sp2338-1246
5569.986846823893,None,5.5396886009438475,28.033532012075785,65.82922079915676,-10.34070384975266,85.69986846823893,Sp2338-2029
3731.0175800027764,None,15.79256648884837,32.71275371586328,59.49883034357557,4.054642542008093,67.31017580002776,Sp2338-4726
123.56528533536704,None,-16.54884657723619,2.556339779861419,25.27642643427755,-31.413933412049722,30.123565285335367,Sp2339+3507
5563.944410481855,None,8.043489731042785,31.368690407351657,65.56423882495673,-4.896958661751876,85.63944410481855,Sp2343-2906
22031.14286579286,None,-9.75361253983318,15.206034546665851,43.62634394814678,-24.305859966931983,52.03114286579286,Sp2344+1312
4280.229298275091,None,-1.0598928655056725,24.65021321759833,58.8776760280358,-15.647776444699497,72.80229298275091,Sp2344-0733
-0.5,None,-24.609400169388827,-14.3391863685361,-4.945903208558289,-30.391139854676663,-2.7310054208986148,Sp2345+6758
2375.8008651499304,None,-9.534378648455421,16.516669405157653,44.730365144953105,-23.19903621085314,53.7580086514993,Sp2346+1129
821.2545665378166,None,-15.511564178382391,8.447248182928309,31.588100300663612,-27.97348412834925,38.212545665378165,Sp2347+2702
4189.2000541605985,None,-2.2913574093946316,25.132957260562605,57.584101703923075,-15.251521287392722,71.89200054160598,Sp2347-0638
5318.049380255328,None,8.062525107366854,32.91603872566011,64.23959587858089,-2.6998869938915373,83.18049380255329,Sp2348-3134
4898.330793046425,None,0.3062798744241229,28.288146091432175,60.938532774472314,-11.458406873843654,78.98330793046425,Sp2349-1344
2713.958866255334,None,-9.061728362640874,19.03745800457529,46.79445324765272,-21.011584485731696,57.139588662553344,Sp2350+0806
506.4854536491588,None,-17.33702329749154,7.381720213427693,28.45221916430413,-27.952897597576857,35.06485453649159,Sp2351+3010
5535.767907376379,None,2.4015571122727937,31.077851814855375,62.553292705079706,-7.669617718613119,85.35767907376379,Sp2352-2009
4380.192440602324,None,-2.8483215605805006,27.293475037660308,57.44687328226161,-13.017004095392496,73.80192440602323,Sp2353-0833
6428.104717037357,None,-17.610883631571525,8.773275325413122,29.23912315817455,-26.887726668415013,36.42810471703736,Sp2354+2849
5411.855912289198,None,1.3796451640542944,31.18413614554161,61.695209154272796,-7.850836210719272,84.11855912289198,Sp2354-1852
5147.266122887029,None,7.670636305377626,34.386214870795484,62.78162482478881,-0.7997485099179609,81.4726612288703,Sp2354-3316
2154.7939686837617,None,18.656050258586603,33.660854182170205,46.79316435555713,13.966102837154246,51.547939686837616,Sp2354-6312
2675.149741009637,None,16.879327442797514,34.69557612408912,50.50304881128327,11.641991134054768,56.75149741009637,Sp2355-5800
5031.7250747778235,None,7.76939733103537,34.97342031178878,62.140553813647436,0.14944144126842032,80.31725074777823,Sp2356-3426
4628.826404183847,None,9.307666291002905,35.56310108758694,60.91747605712561,2.286131423176723,76.28826404183847,Sp2356-3827
-494.44891038774335,None,-21.375637940092393,2.59598378868704,19.156821940841972,-28.766694081485987,25.055510896122566,Sp2357+4011
-0.5,None,-24.758569683048446,-7.477241734474054,3.910784151137879,-30.01520870653025,7.78314287642541,Sp2357+5727
21987.074509324197,None,18.05570508361692,34.22927892431895,46.79664464992488,14.199169314564546,51.987074509324195,Sp2358-6245
11601.464411114428,None,-16.794492568067408,12.49971220915534,33.08796598770434,-24.525688125558844,41.60146441111443,Sp2359+2338
5534.86640748934,None,0.8722682537121934,32.67744713525676,60.920025104204754,-6.217139223571792,85.3486640748934,Sp2359-2007
5516.546988539949,None,5.144932987406581,34.76990806734668,62.160373934292444,-1.7663594368913182,85.16546988539949,Sp2359-2932
