priority,set or rise,alt set start,alt rise start,alt set end,alt rise end,max_alt,Sp_ID
-0.5,None,19.537943623681393,-43.07184217682668,-7.101769638209989,-24.430908328512377,19.537943623681393,Sp0000-1245
-0.5,None,34.26037774451354,-26.423879611926004,6.3966286793985745,-10.360320566372057,34.26037774451354,Sp0001+1535
-0.5,None,27.753491764995527,-35.916933009679106,-0.15815604103564515,-18.174079162318513,27.753491764995527,Sp0002+0115
-0.5,None,40.11068314759844,5.347009101933053,23.725055220617765,13.567417366915198,40.11068314759844,Sp0004+5843
-0.5,None,17.7232187872551,-45.93076041096107,-8.164458627370182,-27.24900884654326,17.7232187872551,Sp0004-1709
-0.5,None,15.29111388329249,-47.26864427903107,-9.948124155418775,-28.659522484016676,15.29111388329249,Sp0004-2058
-0.5,None,2.429685232516908,-50.16845257604781,-18.19122164089577,-34.11003804723331,2.429685232516908,Sp0004-4044
-0.5,None,28.912755690999358,-35.8711983636411,0.9725302115338774,-18.27924942224356,28.912755690999358,Sp0005+0217
-0.5,None,14.872014931311464,-47.83453138681176,-10.154852854738706,-29.259583655722636,14.872014931311464,Sp0005-2157
-0.5,None,30.423873658109457,-34.663152707987884,2.4020274783604525,-17.35088384484931,30.423873658109457,Sp0006+0439
-0.5,None,23.848729258159242,-41.84974266608773,-3.307516107852594,-23.465712282395668,23.848729258159242,Sp0006-0732
-0.5,None,13.176695966960178,-49.002007930019914,-11.220693649071958,-30.589763102341,13.176695966960178,Sp0007-2458
-0.5,None,40.386746322075105,-17.827577101627103,14.055459440151415,-4.0829736602208895,40.386746322075105,Sp0008+2911
-0.5,None,42.07906160734786,-2.3617066363150983,21.59209989726039,7.704084825599881,42.07906160734786,Sp0008+4918
-0.5,None,41.384155594462285,2.01131431421077,23.23925320250485,10.9400250943571,41.384155594462285,Sp0008+5453
-0.5,None,24.465847130107402,-42.77153862055048,-2.5984873281334124,-24.405395361948173,24.465847130107402,Sp0010-0746
-0.5,None,16.53944055805585,-48.282496873788006,-8.635142124547327,-29.644516397720434,16.53944055805585,Sp0010-2031
-0.5,None,40.951115361766945,5.073734491720786,24.756878758645986,13.009940558694808,40.951115361766945,Sp0011+5908
-0.5,None,8.154179698139297,-51.35396885111677,-14.160349202210892,-33.887876788394266,8.154179698139297,Sp0011-3334
-0.5,None,42.36304374419341,-0.6166073682016001,22.94234753910294,8.803521617784025,42.36304374419341,Sp0012+5159
-0.5,None,42.86834535870275,-9.921502075024213,19.150989821448977,1.75710101167002,42.86834535870275,Sp0013+4012
-0.5,None,26.770152668308114,-41.91824260543854,-0.5424693034076234,-23.789922481000772,26.770152668308114,Sp0013-0457
-0.5,None,15.9090742033498,-49.82462754156354,-8.757194279422531,-31.248139684544,15.9090742033498,Sp0013-2235
-0.5,None,9.173938253995395,-51.91854118335087,-13.236709386928375,-34.31125478811074,9.173938253995395,Sp0014-3245
-0.5,None,-1.607885604146321,-50.74467980315751,-19.42786388499519,-36.824053763290934,-1.607885604146321,Sp0014-4844
-0.5,None,42.92073791542079,-14.102883020164159,17.80418501026357,-1.6293773159661669,42.92073791542079,Sp0015+3516
-0.5,None,43.37603453368395,-8.257562353310325,20.40908947149984,2.891524117453591,43.37603453368395,Sp0015+4239
-0.5,None,4.076623806098601,-52.54396952114524,-16.053689451387093,-36.503519199187494,4.076623806098601,Sp0017-4054
-0.5,None,-11.62481259049982,-45.17245755996994,-23.804860566938963,-36.43037529564465,-11.62481259049982,Sp0018-6356
-0.5,None,30.960430267150606,-39.75267067821453,3.245455079053406,-22.231112146862824,30.960430267150606,Sp0019+0030
-0.5,None,33.31485120916153,-37.01055839850738,5.352153423673483,-19.9998053043976,33.31485120916153,Sp0019+0450
-0.5,None,43.44762806767273,-1.1192141378997957,24.091337530607852,8.03042771141859,43.44762806767273,Sp0019+5213
-0.5,None,6.832212461677691,-53.2228068997035,-14.182300896478312,-36.406671351339405,6.832212461677691,Sp0019-3724
-0.5,None,43.572234094087186,-16.42031302056998,17.87397173155854,-3.7331921599749394,43.572234094087186,Sp0020+3305
-0.5,None,17.50758283366567,-51.08316336592952,-7.08321048399507,-32.46007304587874,17.50758283366567,Sp0020-2155
-0.5,None,3.3195918480474473,-53.02788432921803,-16.13840958928664,-37.441900561639464,3.3195918480474473,Sp0021-4244
-0.5,None,-11.351259442954728,-45.46803310015878,-23.497495771013508,-36.73603278236209,-11.351259442954728,Sp0021-6351
-0.5,None,37.38088928292257,-32.546055398554174,9.303082817294623,-16.572348484948837,37.38088928292257,Sp0022+1203
-0.5,None,30.657836105309457,-42.31001026347761,3.2140652195581003,-24.619085278227026,30.657836105309457,Sp0024-0158
-0.5,None,14.687645816693546,-53.35570162151734,-8.669327813422845,-35.02441798942878,14.687645816693546,Sp0024-2708
-0.5,None,43.85167223411519,0.13968162154860347,25.434816179362247,8.686718098914188,43.85167223411519,Sp0025+5422
-0.5,None,35.72323460880387,-37.19224205312444,7.732487109763679,-20.57891562842098,35.72323460880387,Sp0026+0632
-0.5,None,-4.289530636605232,-50.56413682658385,-19.769168770956504,-38.61203758562024,-4.289530636605232,Sp0026-5428
-0.5,None,42.59255173510087,-25.82286569187372,15.044599471719309,-11.60783447099543,42.59255173510087,Sp0027+2219
-0.5,None,-3.9212009675194643,-50.810832006903816,-19.542420444664312,-38.71002086030153,-3.9212009675194643,Sp0027-5401
-0.5,None,42.83866493098936,-25.505197044466424,15.338598082391739,-11.384760534612932,42.83866493098936,Sp0028+2249
-0.5,None,39.280436128770546,-33.08808184979047,11.202782746964449,-17.453024299850945,39.280436128770546,Sp0029+1255
-0.5,None,43.268755487383736,-25.8610927791609,15.741207435101396,-11.804192751126616,43.268755487383736,Sp0030+2244
-0.5,None,36.99321284808687,-37.926577417998175,9.01966551222455,-21.496460622751712,36.99321284808687,Sp0031+0649
-0.5,None,7.569735062128747,-55.44531430071239,-12.658418699803775,-38.874304242887916,7.569735062128747,Sp0031-3840
-0.5,None,34.64878769655508,-41.04272545824498,6.94120859613464,-24.01368145113491,34.64878769655508,Sp0032+0219
-0.5,None,45.40415588444953,-20.826445433413085,18.817583801008062,-7.9567054764687315,45.40415588444953,Sp0032+2927
-0.5,None,24.121684284486005,-51.37221873094696,-1.2963097406990816,-32.76862778410554,24.121684284486005,Sp0033-1521
-0.5,None,46.98610311735326,-11.867397416176598,23.22562797135554,-1.0717951902082083,46.98610311735326,Sp0034+4050
-0.5,None,46.01327062787193,-21.8017295801284,19.269646892433897,-8.955821808371603,46.01327062787193,Sp0035+2848
-0.5,None,43.05757403464632,-30.130231896037245,15.130434459481732,-15.580636391289794,43.05757403464632,Sp0036+1821
-0.5,None,21.224821110897516,-54.16282210754552,-3.113016500111018,-35.482397099039844,21.224821110897516,Sp0036-2031
-0.5,None,47.59586025572931,-13.58425190813174,23.287242765320677,-2.613368191762461,47.59586025572931,Sp0037+3910
-0.5,None,42.40929793664035,-34.57422353814885,14.325721836875436,-19.49150753175292,42.40929793664035,Sp0041+1341
-0.5,None,-4.230356769051837,-51.535054804891814,-18.56081452910984,-40.46264618074136,-4.230356769051837,Sp0041-5621
-0.5,None,31.117522335656044,-49.079855664923315,4.6501012851859835,-31.15273480232654,31.117522335656044,Sp0042-0712
-0.5,None,46.65147308660146,-26.36593349324532,19.186637918375713,-13.096313537730783,46.65147308660146,Sp0043+2426
-0.5,None,45.97424287879156,0.13532421548170231,28.440715626218445,7.739258349182839,45.97424287879156,Sp0044+5610
-0.5,None,11.445416826394444,-58.53973121233968,-8.88727806322717,-41.39120833372317,11.445416826394444,Sp0045-3604
-0.5,None,37.89971516726062,-43.25267363272356,10.319864907015347,-26.675125988844634,37.89971516726062,Sp0046+0252
-0.5,None,12.583264216238774,-58.767329018736326,-8.077621045392826,-41.34654189434629,12.583264216238774,Sp0046-3442
-0.5,None,32.822685842874904,-50.075575456838514,6.435478535966823,-32.33549644804599,32.822685842874904,Sp0049-0635
-0.5,None,26.947668411690966,-55.15184924840533,2.1275116969221877,-36.62514897057083,26.947668411690966,Sp0050-1538
-0.5,None,23.73759816308549,-56.966431683778296,-0.19264935837822703,-38.287585803218526,23.73759816308549,Sp0050-2008
-0.5,None,46.5250221832494,-32.031873847669395,18.53895486435758,-18.134869344202105,46.5250221832494,Sp0051+1844
-0.5,None,21.985401819414523,-58.134143659764156,-1.3177417979232264,-39.469557996030794,21.985401819414523,Sp0051-2251
-0.5,None,21.982865656928812,-58.195312538973646,-1.3009537076469777,-39.53146048189798,21.982865656928812,Sp0051-2254
-0.5,None,42.12273336059621,9.254184717446346,30.42676984292709,14.41088156793817,42.12273336059621,Sp0052+6724
-0.5,None,19.11674522390789,-59.49828926217182,-3.16029886642433,-41.03783715567539,19.11674522390789,Sp0052-2705
-0.5,None,-7.6278892974713965,-49.36799195780689,-19.585139529416473,-40.55836515343715,-7.6278892974713965,Sp0052-6201
-0.5,None,49.185501299818064,-6.146281240466207,28.714250155993426,2.3347105126788184,49.185501299818064,Sp0053+4942
-0.5,None,49.13709289723304,-5.888027624689755,28.804737581738316,2.5289305216603566,49.13709289723304,Sp0053+5001
-0.5,None,12.095526234436884,-59.98703910595558,-7.800424228617834,-42.92330646778117,12.095526234436884,Sp0053-3631
-0.5,None,16.617459991991407,-60.44456190382489,-4.65573344774826,-42.375432051091735,16.617459991991407,Sp0055-3052
-0.5,None,-1.8498713597160763,-53.944001398866334,-16.204458634233358,-42.58820057615204,-1.8498713597160763,Sp0055-5450
-0.5,None,50.27441564925587,-7.536642761239027,29.32725506283792,0.9519189389075847,50.27441564925587,Sp0058+4835
-0.5,None,34.39979754532115,-52.04835241850534,8.302275520763242,-34.46292219711569,34.39979754532115,Sp0058-0651
-0.5,None,47.509916364017144,0.14722822652684897,30.723915674665104,7.0139102569535385,47.509916364017144,Sp0059+5726
-0.5,None,49.4996169884734,-3.992271677677062,30.520790118871098,3.614825724987694,49.4996169884734,Sp0102+5254
-0.5,None,12.450203894314958,-61.725945349287926,-6.713709653148315,-44.92581955012389,12.450203894314958,Sp0102-3737
-0.5,None,-7.954688159718107,-49.321281246319415,-19.10607538247705,-41.22784801188499,-7.954688159718107,Sp0102-6322
-0.5,None,51.47121079945486,-27.192088009962845,24.07180994708474,-15.11657249631918,51.47121079945486,Sp0103+2626
-0.5,None,51.74377790834617,-10.902060239461964,29.378430956710712,-1.9871337946690453,51.74377790834617,Sp0103+4509
-0.5,None,39.182713141584465,-48.79659853134626,12.300869825693509,-32.19674302718398,39.182713141584465,Sp0103-0044
-0.5,None,-0.34275349783074865,-55.4803643026214,-14.695334463791028,-43.94851275300908,-0.34275349783074865,Sp0103-5351
-0.5,None,47.913436605594356,-36.953245608574605,19.83298085706261,-22.994542563937983,47.913436605594356,Sp0104+1457
-0.5,None,-4.617613607169588,-52.28990979328685,-16.96225829099598,-42.928690754041895,-4.617613607169588,Sp0106-5933
-0.5,None,51.838219942803796,-29.20231035339203,24.18552485547365,-16.98953145088706,51.838219942803796,Sp0107+2435
-0.5,None,44.61639607601769,-44.43476710923809,17.023658738512708,-29.222696531937682,44.61639607601769,Sp0109+0625
-0.5,None,53.3977360902274,-24.943389755169445,26.475282622728308,-13.720601007644103,53.3977360902274,Sp0109+2949
-0.5,None,38.551119959001674,-52.07448273171623,12.271910761856859,-35.219196934054054,38.551119959001674,Sp0109-0343
-0.5,None,3.367332345679264,-58.40943058354478,-11.971315285993189,-45.56664519673411,3.367332345679264,Sp0109-4954
-0.5,None,2.4694284796005115,-57.80547827056549,-12.537286829599983,-45.36193377722567,2.4694284796005115,Sp0109-5100
-0.5,None,4.248852219424908,-59.180625036385834,-11.208642311794879,-46.11135039228888,4.248852219424908,Sp0111-4908
-0.5,None,32.01228416127037,-59.34971713127136,7.78438428989656,-41.17899284220919,32.01228416127037,Sp0113-1408
-0.5,None,-8.251712375433243,-49.277812754235605,-18.37698781214237,-42.11133461505043,-8.251712375433243,Sp0116-6455
-0.5,None,51.84840028732889,-36.149110662251694,23.76618639287409,-23.28451872440675,51.84840028732889,Sp0117+1752
-0.5,None,33.563219871387076,-59.30250883674678,9.202325245001264,-41.34107849604601,33.563219871387076,Sp0117-1247
-0.5,None,37.830954242495665,-56.76891481924484,12.597266604852873,-39.61733848217651,37.830954242495665,Sp0120-0741
-0.5,None,8.734757560269806,-62.72538619770162,-7.552312571963316,-48.27973424482515,8.734757560269806,Sp0121-4447
-0.5,None,10.769311383687324,-64.11104166471155,-5.97424423126683,-48.97488990092947,10.769311383687324,Sp0123-4240
-0.5,None,44.02920627644282,8.707863801924642,33.38559977435263,12.911745039140532,44.02920627644282,Sp0124+6819
-0.5,None,33.191139156629255,22.61083567688575,30.280681702763957,23.948957763403552,33.191139156629255,Sp0124+8334
-0.5,None,18.05086172662071,-66.60060392644273,-1.017813546839373,-48.97892752056277,18.05086172662071,Sp0124-3355
-0.5,None,56.622126564230356,-27.441923200328784,29.380739845874523,-16.82832693671379,56.622126564230356,Sp0125+2847
-0.5,None,52.34476033703976,-40.36070203865851,24.353145195996063,-27.361272944310343,52.34476033703976,Sp0126+1419
-0.5,None,20.258769577177503,-67.39364729715734,0.7729702799679734,-49.34399395501884,20.258769577177503,Sp0127-3140
-0.5,None,45.907332430217124,-50.72688878817141,19.216344811309447,-35.60913181821336,45.907332430217124,Sp0128+0211
-0.5,None,54.47111916048385,-38.145498823473524,26.39569465064379,-25.87763286709337,54.47111916048385,Sp0130+1721
-0.5,None,43.434620175881925,-54.52423541495363,17.5411406075095,-38.693051267872896,43.434620175881925,Sp0130-0211
-0.5,None,9.668014745516896,-64.19065645468918,-6.151726700209053,-49.93623319638995,9.668014745516896,Sp0130-4445
-0.5,None,57.803376250149476,-30.82942158257718,30.09619469616594,-20.15693250312318,57.803376250149476,Sp0132+2552
-0.5,None,38.68924269687008,-59.848531144440194,14.205447259728949,-42.79678725714017,38.68924269687008,Sp0132-0910
-0.5,None,20.014727986044726,-68.73937998921605,1.2242637735915058,-50.915553577021534,20.014727986044726,Sp0134-3255
-0.5,None,53.16917231519733,-43.404623764681766,25.403611851204218,-30.50884261202514,53.16917231519733,Sp0135+1205
-0.5,None,-14.25113937725001,-43.39521385162387,-20.78755001713198,-39.40541202249054,-14.25113937725001,Sp0138-7320
-0.5,None,32.93170280377726,-66.46818121498112,10.728199374927765,-48.224953664839404,32.93170280377726,Sp0139-1757
-0.5,None,57.144330423194965,-38.69212446971094,29.077191541969288,-27.182260795467176,57.144330423194965,Sp0141+1804
-0.5,None,28.05378289070279,-69.48887158309894,7.493646331127987,-50.80790612372903,28.05378289070279,Sp0141-2417
-0.5,None,56.05955929170925,-8.010841130987,36.91795464044204,-1.8220916654561075,56.05955929170925,Sp0144+5121
-0.5,None,42.13684212156356,-60.62963385529438,17.80843753115468,-44.40786178714141,42.13684212156356,Sp0144-0716
-0.5,None,23.769581571905277,-71.94820610883897,5.174022954711714,-53.657335679205076,23.769581571905277,Sp0148-3024
-0.5,None,-4.030248055969765,-53.60470036761109,-13.893910496961011,-46.55726515126423,-4.030248055969765,Sp0148-6209
-0.5,None,48.73277060256967,4.058490337917343,36.71957545665114,8.11906384414738,48.73277060256967,Sp0151+6423
-0.5,None,48.08032720459474,-56.57677872415398,22.716343555719558,-42.081980429424725,48.08032720459474,Sp0151-0051
-0.5,None,-5.983243084332938,-51.707770956483095,-15.029479883100912,-45.51338287782781,-5.983243084332938,Sp0151-6430
-0.5,None,61.094336426503084,-16.37085782470534,38.11113807710146,-9.456969233042152,61.094336426503084,Sp0154+4305
-0.5,None,55.862726922639794,-47.59961463687475,28.683183205441978,-35.492874274359195,55.862726922639794,Sp0155+0950
-0.5,None,52.117828492609476,-53.44028797236798,26.07749888471014,-40.20502494433677,52.117828492609476,Sp0156+0331
-0.5,None,47.20735856229849,6.345419057739728,36.694065843668376,9.893128335604393,47.20735856229849,Sp0157+6656
-0.5,None,60.866448454651824,-40.27748759446921,32.86539290521394,-29.873098769053172,60.866448454651824,Sp0158+1807
-0.5,None,45.731123518717204,-62.014836356879584,21.901678747931435,-46.92883694606664,45.731123518717204,Sp0200-0554
-0.5,None,57.580942746382924,-47.861195546070086,30.49398590715706,-36.351667730059994,57.580942746382924,Sp0202+1020
-0.5,None,44.40029890595471,10.028889630666242,36.05335669795512,12.891789798039744,44.40029890595471,Sp0202+7053
-0.5,None,19.959495632366806,-73.75969555842472,3.912834812192228,-57.17123886545378,19.959495632366806,Sp0204-3632
-0.5,None,17.072062043885094,-72.14053011816857,1.838115084449403,-56.83137121348329,17.072062043885094,Sp0204-3945
-0.5,None,59.62295396609723,-45.7734720155868,32.22121626781463,-34.9308169651533,59.62295396609723,Sp0205+1251
-0.5,None,45.60318300093733,-63.44514674683695,22.250058282653278,-48.39078969228954,45.60318300093733,Sp0205-0653
-0.5,None,60.735231364554714,-44.985770418518115,33.23555663671625,-34.51999296340333,60.735231364554714,Sp0207+1355
-0.5,None,26.195920447965364,-76.09722048880438,8.710787262649545,-57.70149708513848,26.195920447965364,Sp0207-2955
-0.5,None,19.47179576872519,-73.8908071012986,3.8193918185538256,-57.68118002931495,19.47179576872519,Sp0207-3721
-0.5,None,65.5730244672842,-33.84087840822393,37.63641983024364,-25.31831374328306,65.5730244672842,Sp0208+2542
-0.5,None,60.044922751731505,-10.56183904733912,40.69596267321813,-5.2175965735722665,60.044922751731505,Sp0208+4949
-0.5,None,5.9811633268244,-63.439541079517575,-5.569655903917821,-53.950526978220175,5.9811633268244,Sp0210-5228
-0.5,None,40.13075401327909,-70.33518498157983,19.019533670212294,-53.69620914041239,40.13075401327909,Sp0211-1427
-0.5,None,59.73307135916357,-48.598287689112716,32.89197320677257,-37.91584302562421,59.73307135916357,Sp0212+1032
-0.5,None,66.17818878515227,-35.20476123244905,38.14705925290314,-26.783066769915216,66.17818878515227,Sp0212+2433
-0.5,None,43.54809083941995,-67.51507377352893,21.549646655884935,-51.96163390538481,43.54809083941995,Sp0212-1036
-0.5,None,63.55031681037118,-15.70045872513663,41.68392187206328,-9.998692273970532,63.55031681037118,Sp0213+4444
-0.5,None,41.068726887493334,-70.17484803760956,19.939942213121,-53.85899971821237,41.068726887493334,Sp0213-1343
-0.5,None,49.3091846335114,-62.088770570073564,25.778453494456105,-48.39846627477057,49.3091846335114,Sp0214-0357
-0.5,None,26.224551421818447,-77.61921795591918,9.435916859440448,-59.356048829373826,26.224551421818447,Sp0215-3040
-0.5,None,62.31387663312328,-46.00464303383802,35.04778282802296,-36.15900592453023,62.31387663312328,Sp0216+1335
-0.5,None,34.121086914505746,-76.09132203374267,15.267055351268857,-57.86358158670924,34.121086914505746,Sp0216-2200
-0.5,None,67.5637467479486,-24.92293569482538,41.65674653759733,-18.294150671692822,67.5637467479486,Sp0217+3526
-0.5,None,48.06403855234464,-64.70697355834598,25.417345275359366,-50.788855551463016,48.06403855234464,Sp0218-0617
-0.5,None,25.715198496296104,-78.17641196159623,9.385134567883696,-60.129541306659405,25.715198496296104,Sp0218-3133
-0.5,None,54.705833903063834,-1.6550701285785752,41.02170285317423,2.0817296298671284,54.705833903063834,Sp0219+5912
-0.5,None,36.56126448025681,-75.34604976865292,17.341278294639885,-57.71811295492759,36.56126448025681,Sp0219-1938
-0.5,None,69.0999926683603,-29.904518510845428,41.79367564743659,-22.97509769541716,69.0999926683603,Sp0222+3033
-0.5,None,29.76130932523181,-79.30436845931939,12.7577473250116,-60.632644522698456,29.76130932523181,Sp0222-2732
-0.5,None,21.1517680024246,-76.69090954800399,6.395565579372733,-60.721381004230956,21.1517680024246,Sp0222-3651
-0.5,None,52.563504594873926,1.3421991349765563,40.81290815450123,4.534360935753345,52.563504594873926,Sp0225+6229
-0.5,None,61.940700155183265,-10.456742655397976,43.73143078071018,-6.120885403206514,61.940700155183265,Sp0227+5034
-0.5,None,40.27142031843642,-74.3288548061525,20.816975904834273,-58.01962042595955,40.27142031843642,Sp0227-1624
-0.5,None,-4.694267362417657,-52.921946744194095,-12.22222396759402,-48.29291884195288,-4.694267362417657,Sp0227-6447
-0.5,None,57.114401520447814,-56.79562510250697,32.60198960652315,-45.96729535708251,57.114401520447814,Sp0228+0310
-0.5,None,66.48586714143804,-43.80973723921125,38.99666285549827,-35.45587831729043,66.48586714143804,Sp0228+1639
-0.5,None,-3.3424009070610867,-54.29050478511602,-11.163254743113317,-49.37919042729168,-3.3424009070610867,Sp0228-6325
-0.5,None,63.11931576860004,-11.939455059035042,44.14089068522202,-7.5238393567801,63.11931576860004,Sp0229+4906
-0.5,None,66.90850094289155,-43.75530974944438,39.43067673210485,-35.56602779296866,66.90850094289155,Sp0230+1648
-0.5,None,46.47483620155904,-69.22384007659471,25.604738127876928,-55.28589324987315,46.47483620155904,Sp0230-0953
-0.5,None,35.81655808445444,-79.06616493246119,18.14220911796475,-61.29842105077055,35.81655808445444,Sp0232-2152
-0.5,None,70.06299649581152,-38.66024179784288,42.02809549987682,-31.479658658888617,70.06299649581152,Sp0233+2209
-0.5,None,71.41441321381706,-29.36345972680221,44.30745293364122,-23.30766567019725,71.41441321381706,Sp0233+3134
-0.5,None,55.06198020181764,-1.088734524435112,42.52996540689876,2.008360529932666,55.06198020181764,Sp0234+6012
-0.5,None,52.53182090173019,1.904097914258357,41.61100326579229,4.6855645865372,52.53182090173019,Sp0235+6314
-0.5,None,24.357694964764104,-80.4560971247277,10.136044807318756,-63.948605639398174,24.357694964764104,Sp0237-3434
-0.5,None,40.438969309593034,-77.03338071176735,22.309239798246903,-61.22496510201168,40.438969309593034,Sp0239-1735
-0.5,None,62.34563437590749,-53.39841830625201,37.398812991009976,-44.5821924704354,62.34563437590749,Sp0240+0727
-0.5,None,60.086308275351605,-6.6228169989428105,44.92063073424002,-3.3016183810930917,60.086308275351605,Sp0241+5444
-0.5,None,18.188816468892103,-75.68485883509699,5.922779517303514,-63.385283049741,18.188816468892103,Sp0242-4124
-0.5,None,7.570543564671553,-65.26275010514415,-2.1286928888602668,-57.99029988538245,7.570543564671553,Sp0242-5232
-0.5,None,65.58215277628204,-13.427756874831195,46.56966649004537,-9.606995553301722,65.58215277628204,Sp0243+4755
-0.5,None,23.659145264675388,-80.64062693899743,10.274466450991138,-65.23246906907414,23.659145264675388,Sp0244-3548
-0.5,None,69.80998226138709,-44.81125327972475,42.83196243058115,-37.98124848444283,69.80998226138709,Sp0246+1625
-0.5,None,52.58759237121375,-65.8806682010254,31.645984909219354,-55.00662304284797,52.58759237121375,Sp0246-0459
-0.5,None,74.68187944156965,-32.501685123227446,46.91887660544245,-27.215136522895747,74.68187944156965,Sp0247+2850
-0.5,None,71.87527116868327,-42.0373465562625,44.3629501196128,-35.75211232956915,71.87527116868327,Sp0248+1916
-0.5,None,41.91682923187727,-77.37823025178385,24.390855379088066,-62.75799007603007,41.91682923187727,Sp0248-1651
-0.5,None,37.370670849329834,-81.86353748257257,21.192452687353597,-65.1398017441466,37.370670849329834,Sp0249-2147
-0.5,None,28.069729560649954,-84.33687557656813,14.12761578971601,-66.70328264955687,28.069729560649954,Sp0249-3131
-0.5,None,50.122258340962716,-69.16879032911305,30.403680597562055,-57.867205711388515,50.122258340962716,Sp0250-0808
-0.5,None,58.29290586705259,-60.443504582520546,36.08821177843715,-51.52381381132733,58.29290586705259,Sp0251+0047
-0.5,None,54.130137808204665,-65.05240106226861,33.310873649688695,-55.072111238746565,54.130137808204665,Sp0251-0352
-0.5,None,58.56637809105118,-60.344499046481886,36.421132269367185,-51.59880556382602,58.56637809105118,Sp0252+0056
-0.5,None,64.79138455353016,-11.266067508732998,47.724983425351304,-8.137121904658239,64.79138455353016,Sp0252+5014
-0.5,None,71.2935975138284,-44.5296839074267,44.43072225010959,-38.35437667867776,71.2935975138284,Sp0253+1652
-0.5,None,75.75788481121805,-34.23199432507605,47.75807933567263,-29.20938611405248,75.75788481121805,Sp0253+2713
-0.5,None,35.88630084439674,-83.80725028238119,20.46497944319418,-66.49208589580374,35.88630084439674,Sp0253-2336
-0.5,None,-18.589943077837095,-38.35343926955729,-21.37307381175939,-37.26053915914144,-18.589943077837095,Sp0253-7959
-0.5,None,39.772890745183176,-80.38931890565253,23.43261066576135,-65.16142380781524,39.772890745183176,Sp0254-1934
-0.5,None,13.427874819394644,-71.09749780325924,3.3124239392716106,-62.863728786733574,13.427874819394644,Sp0255-4700
-0.5,None,72.21436618140524,-20.360237849321788,49.899977040559,-16.84075978829569,72.21436618140524,Sp0257+4111
-0.5,None,62.97015466255669,-8.678104860047192,47.77476627536599,-5.975253320229955,62.97015466255669,Sp0257+5253
-0.5,None,28.951136557061602,-85.97250285321591,15.605600174779573,-68.4370407879074,28.951136557061602,Sp0257-3105
-0.5,None,75.92397444421525,-38.635987817512856,48.0221808623239,-33.725019294591306,75.92397444421525,Sp0259+2254
-0.5,None,16.198203919342642,-73.85339787675784,5.852107031898079,-64.98012203847543,16.198203919342642,Sp0259-4421
-0.5,None,70.38322545379432,-17.300419728591844,50.1704331462586,-14.190325042091876,70.38322545379432,Sp0301+4416
-0.5,None,20.693720510848774,-78.37659261139346,9.60971025305003,-67.48827978468316,20.693720510848774,Sp0302-3950
-0.5,None,35.647260497545,-85.93818762060403,21.491816290192148,-69.19215321669606,35.647260497545,Sp0304-2435
-0.5,None,33.58590926159859,-88.06220136671826,20.069589424171674,-69.99955636469942,33.58590926159859,Sp0306-2647
-0.5,None,23.845298954496382,-81.5125256901296,12.469639570390445,-69.31437403088533,23.845298954496382,Sp0306-3647
-0.5,None,59.589191619804986,-4.287361797069189,47.53053499760978,-2.300729644164881,59.589191619804986,Sp0307+5719
-0.5,None,46.27614888595501,-75.52701022530718,30.059266459980137,-65.25803429392646,46.27614888595501,Sp0309-1354
-0.5,None,23.796331555923928,-81.38834344254899,12.711518279950395,-69.82888466322794,23.796331555923928,Sp0309-3658
-0.5,None,61.94068557806241,-59.0481158613172,40.95081621984866,-52.81035520886611,61.94068557806241,Sp0310+0234
-0.5,None,66.36319584232572,-54.17451865697618,43.68825334560212,-48.61451062857895,66.36319584232572,Sp0310+0726
-0.5,None,32.67537324637956,-89.53108329799552,19.81119448861016,-71.08370538831214,32.67537324637956,Sp0310-2756
-0.5,None,60.69298945486782,-60.51491780330288,40.31573208288508,-54.206610326845826,60.69298945486782,Sp0311+0106
-0.5,None,28.125771953090144,-85.70929514964527,16.387868746611577,-71.34061869927865,28.125771953090144,Sp0311-3239
-0.5,None,74.20284794620859,-45.56470665365289,48.69959548731017,-41.36774587854486,74.20284794620859,Sp0314+1603
-0.5,None,80.4597818681132,-32.93821971702501,52.56422272412868,-29.704399434628446,80.4597818681132,Sp0314+2840
-0.5,None,14.725922272078764,-71.96577700634779,5.887152262559612,-65.87915164361429,14.725922272078764,Sp0314-4623
-0.5,None,36.70131294963296,19.76445978792987,34.484712262792925,20.212985134537117,36.70131294963296,Sp0315+8122
-0.5,None,32.11027092495349,-88.68334490906356,20.05892189648929,-72.58511046382895,32.11027092495349,Sp0316-2848
-0.5,None,68.18885401047059,-12.787702038303259,52.33843853386709,-10.986711338730156,68.18885401047059,Sp0319+4848
-0.5,None,24.076385807019857,-81.143052832979,13.881768808694343,-71.67901333868997,24.076385807019857,Sp0319-3703
-0.5,None,77.46414830004399,-42.65490118590468,51.353030756365484,-39.38074400405852,77.46414830004399,Sp0320+1854
-0.5,None,55.79156916553301,-66.29609765997218,38.318702651962965,-60.372007852843964,55.79156916553301,Sp0320-0446
-0.5,None,6.04860228283202,-62.97622826740401,-0.7396270715681602,-59.80592620034501,6.04860228283202,Sp0320-5520
-0.5,None,77.05692128056344,-22.784376204646783,54.57806140527631,-20.64030178271224,77.05692128056344,Sp0321+3847
-0.5,None,18.252034401897482,-75.07213021363229,9.53091828980995,-69.27825169239401,18.252034401897482,Sp0323-4304
-0.5,None,7.278516962367671,-64.08572775777523,0.5228090649116413,-61.07190376067282,7.278516962367671,Sp0324-5410
-0.5,None,-15.816764806047768,-40.89628453565094,-18.476409521029787,-40.18593108065539,-15.816764806047768,Sp0324-7727
-0.5,None,74.11196539347769,-47.2709338850495,50.365047396166915,-44.14359060283732,74.11196539347769,Sp0325+1412
-0.5,None,55.04931313299648,-67.2120381994573,38.54142334275298,-62.00276603270277,55.04931313299648,Sp0325-0551
-0.5,None,-20.309033496879433,-36.36768316679587,-22.065374661484427,-35.93570117077905,-20.309033496879433,Sp0325-8159
-0.5,None,78.63822831190345,-42.14682155725374,52.76923737663199,-39.46860789485288,78.63822831190345,Sp0326+1919
-0.5,None,36.48925992209755,-85.0477566344297,24.551702947230453,-73.93579389702565,36.48925992209755,Sp0326-2443
-0.5,None,18.792232920266155,-75.43197262273286,10.212925438705728,-69.97265912217264,18.792232920266155,Sp0326-4236
-0.5,None,71.93369194057085,-49.9012971720998,49.7092688780775,-46.940705218030224,71.93369194057085,Sp0328+1129
-0.5,None,82.2045272173432,-28.402405297900046,56.2300035452051,-26.562863657165902,82.2045272173432,Sp0329+3304
-0.5,None,83.23557298609691,-29.661482479410395,56.53686421894296,-27.914021741322987,83.23557298609691,Sp0330+3146
-0.5,None,63.5505017541644,-7.27655044631588,51.854341767139246,-6.2253229800070455,63.5505017541644,Sp0330+5413
-0.5,None,60.61018761918163,-61.66387855355511,43.09786839590221,-57.98385647237882,60.61018761918163,Sp0330-0025
-0.5,None,12.921183692062815,-69.45656430427144,5.618825336799422,-66.09238524811965,12.921183692062815,Sp0330-4835
-0.5,None,30.71712222715676,-84.9850542222285,20.4987327752437,-75.7544361245294,30.71712222715676,Sp0331-3042
-0.5,None,38.091034955578266,-83.08006416697621,26.511342107012045,-74.72881796520068,38.091034955578266,Sp0332-2317
-0.5,None,79.41222052507781,-23.724317769799416,57.23051494381734,-22.43074849138501,79.41222052507781,Sp0334+3740
-0.5,None,39.9262229469377,-81.37212487360482,28.23224032982682,-74.40022969737792,39.9262229469377,Sp0334-2130
-0.5,None,11.689009222244335,-68.03548286780938,4.893402560459311,-65.43430555686568,11.689009222244335,Sp0334-4953
-0.5,None,68.10919217812763,-54.15747164007598,48.71283467115745,-51.80417262913783,68.10919217812763,Sp0335+0658
-0.5,None,52.88653804508328,-69.29049337547296,38.39811456234386,-65.56607269432682,52.88653804508328,Sp0335-0829
-0.5,None,17.074525701315956,-73.11454561467544,9.580640482096342,-69.87251534159513,17.074525701315956,Sp0335-4430
-0.5,None,7.059570906175178,-63.31648976132135,1.2659738482645213,-61.73269853399641,7.059570906175178,Sp0338-5435
-0.5,None,84.85967899286877,-36.216143672652024,57.40217466061598,-35.009300114615094,84.85967899286877,Sp0339+2457
-0.5,None,26.184560011902363,-80.71419666838601,17.573288089659314,-76.07953264155043,26.184560011902363,Sp0339-3525
-0.5,None,24.807884254931242,-79.57011791045349,16.478801122578243,-75.51126239839009,24.807884254931242,Sp0340-3649
-0.5,None,70.29894377962164,-13.61272035654159,56.13268437969657,-12.979858800293885,70.29894377962164,Sp0341+4741
-0.5,None,71.49623417908161,-14.795470917263698,56.64584332149667,-14.172661961184613,71.49623417908161,Sp0342+4629
-0.5,None,62.75792242751984,-59.38956145335898,46.7083701641093,-57.946393693003934,62.75792242751984,Sp0344+0111
-0.5,None,86.31581209794805,-35.31127855713128,58.851926025435695,-34.64218469522215,86.31581209794805,Sp0345+2540
-0.5,None,55.589428854146306,1.2636647237621073,48.94101894690271,1.4841108380545451,55.589428854146306,Sp0346+6236
-0.5,None,59.327376839898186,-62.62006546444528,44.67088339511193,-61.37317142913641,59.327376839898186,Sp0346-0218
-0.5,None,43.45222366918041,-76.93989066197398,32.666216417552874,-74.87558908493523,43.45222366918041,Sp0347-1814
-0.5,None,73.05141778507834,-49.19023434039864,53.75300450576313,-48.55949005760987,73.05141778507834,Sp0348+1126
-0.5,None,-6.862675685034952,-49.388719584211,-10.128251752792865,-49.13099769667663,-6.862675685034952,Sp0348-6836
-0.5,None,60.835489186843574,-60.89530379759322,46.52880983529169,-60.49534652985812,60.835489186843574,Sp0351-0052
-0.5,None,43.878378366148496,-75.9950720363961,33.58614553457706,-75.32677463520895,43.878378366148496,Sp0351-1751
-0.5,None,63.90579489182461,-57.890943718442344,48.8587738774565,-57.70673926946352,63.90579489182461,Sp0352+0210
-0.5,None,1.8245791034525183,-57.664022172768824,-2.358842228969449,-57.56025493771685,1.8245791034525183,Sp0352-5955
-0.5,None,27.052473536396406,-79.00993299779086,19.688156582015143,-78.89601193213407,27.052473536396406,Sp0353-3441
-0.5,None,84.97165840403459,-37.31971578726539,60.07045976178525,-37.393670668817826,84.97165840403459,Sp0354+2316
-0.5,None,85.98362259121485,-36.30839978179539,60.50733610498586,-36.450207615197364,85.98362259121485,Sp0354+2416
-0.5,None,84.62615432157885,-27.232517790402788,61.43694455504321,-27.29902658384671,84.62615432157885,Sp0354+3333
-0.5,None,47.12154616095122,-72.98841695856481,36.60957130249873,-73.21123791731358,47.12154616095122,Sp0354-1437
-0.5,None,64.38638637377392,-57.18410073869638,49.8303543438142,-57.547584141047444,64.38638637377392,Sp0355+0237
-0.5,None,76.40711470992775,-45.65257831226167,56.930844878263684,-45.88157522888632,76.40711470992775,Sp0355+1439
-0.5,None,77.44809787178013,-20.033140461130937,60.87041554538309,-20.26013933608077,77.44809787178013,Sp0356+4047
-0.5,None,77.24907277423647,-44.742317112437995,57.70598121680933,-45.16084222666224,77.24907277423647,Sp0357+1529
-0.5,None,77.10997930696064,-19.671106806778084,60.92474376710032,-19.94875019631989,77.10997930696064,Sp0357+4107
-0.5,None,48.92572275611737,-71.04253283261865,38.537537765372605,-72.08989665080588,48.92572275611737,Sp0357-1249
-0.5,None,88.90007369955752,-33.27707589777779,62.02770725149807,-33.765518018012244,88.90007369955752,Sp0358+2710
-0.5,None,88.16336859827378,-30.470340578366116,62.308315220682594,-30.905120441410613,88.16336859827378,Sp0358+3003
-0.5,None,42.52082008078185,-75.54389586622278,33.6280395033695,-77.73286278297675,42.52082008078185,Sp0400-1913
-0.5,None,88.93243581630288,-31.52664935849625,62.86993996261777,-32.23310096587611,89.15682707466534,Sp0401+2849
-0.5,None,74.75736850421055,-17.243916822507277,60.84707992983798,-17.74307737781175,74.76280891099691,Sp0401+4327
-0.5,None,87.67585573965972,-33.941043167997385,62.80298978641479,-34.81541600817058,88.00752684859235,Sp0403+2616
-0.5,None,76.70659988581637,-19.082576819157588,62.077027099933,-19.80773086447472,76.78053184274958,Sp0404+4127
-0.5,None,45.81892675851516,-72.02526728986535,37.33706879058283,-75.84603423355175,45.87085351979077,Sp0407-1552
-0.5,None,69.32009630464415,-51.36913839911492,55.510635913503165,-53.31910775440395,69.45369795202828,Sp0408+0742
-0.5,None,46.832669544974465,-71.03413981954405,38.38993525788392,-75.06120640321703,46.902547436499326,Sp0408-1450
-0.5,None,55.55090043943585,-63.788395838368835,45.653387639734646,-66.86341657727709,55.659590343555195,Sp0409-0605
-0.5,None,74.52655946777931,-46.117446669785664,59.249910646497014,-48.131675674032984,74.82324087914752,Sp0410+1304
-0.5,None,46.65052402180889,-70.79542490788965,38.54473579262498,-75.40158812672595,46.75908990957688,Sp0410-1459
-0.5,None,80.46089048199632,-22.837649075308775,64.99960136164997,-24.293914173384373,81.07585782886898,Sp0413+3709
-0.5,None,34.54594755611276,-76.1027291008867,28.462507991743372,-84.86934953446996,34.67116317793229,Sp0413-2704
-0.5,None,74.29612853795702,-45.510748102903946,60.52544531000246,-48.21087551171807,74.92963443470957,Sp0416+1310
-0.5,None,2.0761513309586426,-56.863796558498734,-0.7567022038821462,-58.555383697919886,2.149789929981771,Sp0416-5935
-0.5,None,77.4716565509207,-42.26838211410291,62.49635609641057,-44.853951453141725,78.32598830784518,Sp0417+1634
-0.5,None,53.434559159867966,-64.28670294944318,45.31879159015701,-69.19766963523043,53.747373141427246,Sp0417-0800
-0.5,None,40.028174362651626,-73.40817514927231,33.82638122397467,-81.98884319220842,40.257886587421496,Sp0417-2129
-0.5,None,74.98577974183367,-17.31413963921322,64.35689468746835,-18.998626837539103,75.68395940631987,Sp0419+4233
-0.5,None,46.43303577004933,-69.15101959026144,39.762258030804205,-76.13666695343616,46.764188853763535,Sp0420-1458
-0.5,None,-8.43069145241648,-47.12208656766479,-10.211986598035642,-48.17482925224118,-8.355887252978519,Sp0420-7005
-0.5,None,-1.4673049153216402,-53.45888185466299,-3.738029588042884,-55.150235178815485,-1.3580962794617983,Sp0421-6306
-0.5,None,25.388880223663765,-73.10503341050405,21.165776077072902,-81.70723704001578,25.637794181486598,Sp0422-3606
-0.5,None,56.914483241387444,-60.312569744014404,49.28581982173395,-65.71728766575399,57.50981216054924,Sp0423-0414
-0.5,None,82.55545588040347,-34.65247003768204,67.0810501246648,-37.554866073461255,85.7810653086049,Sp0424+2402
-0.5,None,64.43427688929145,-53.252053942720806,55.84692085923301,-57.96282233751959,65.35276880186147,Sp0426+0336
-0.5,None,69.52504291035147,-48.36941545038178,59.85557783573879,-52.61166474846688,70.72213568405436,Sp0427+0859
-0.5,None,67.96166100875098,-49.5361653346143,59.10547853462241,-54.13940847045896,69.20931977889967,Sp0428+0728
-0.5,None,29.879267516103305,-72.80361837300958,26.052077574637572,-86.59971562538247,30.338114539607176,Sp0429-3123
-0.5,None,17.30050780734303,-67.8787383953247,14.30653183249104,-74.17703617106761,17.640476758473575,Sp0429-4405
-0.5,None,-5.264532954415541,-49.745150467192865,-6.873714998407789,-51.493142426106836,-5.09095905504702,Sp0429-6649
-0.5,None,52.07708504915739,-62.894360731623905,46.401698292329606,-70.43830979649056,52.92399072969899,Sp0430-0849
-0.5,None,57.13419356016835,0.4897242539167946,54.037946684035674,-1.0496415881981738,57.65283138387226,Sp0431+6035
-0.5,None,54.082937713269764,-60.96621900516762,48.47042681370682,-68.30877244366494,55.07653839284651,Sp0432-0639
-0.5,None,60.93564142223926,-3.246218280153901,57.35062109533304,-5.06052897633186,61.65839117018304,Sp0433+5635
-0.5,None,28.963711345108614,-71.73971452295432,25.72309563223051,-86.13385696396736,29.56167288588322,Sp0433-3210
-0.5,None,79.95587115294532,-34.84007053458737,69.00440570147634,-38.75075344053238,84.60512426634376,Sp0435+2254
-0.5,None,46.542759026436194,-65.9104097156511,42.1686426551212,-75.90609831365195,47.48514246462382,Sp0435-1414
-0.5,None,44.711920042081154,-67.04659353304129,40.50184856263883,-77.77568707021611,45.615709004812494,Sp0435-1606
-0.5,None,68.68469901883174,-11.08149069428001,63.75087793384112,-13.487388042686597,70.0860516190099,Sp0436+4810
-0.5,None,64.97333610565425,-7.283745568726908,60.922599364243,-9.457656394684905,66.05619665344469,Sp0436+5211
-0.5,None,37.25792394626728,-70.17507043433045,33.840704694135994,-85.29766733244985,38.096820306920534,Sp0436-2338
-0.5,None,74.59979174266311,-40.49880778426022,66.80968812367252,-45.38899563883214,77.99923672131068,Sp0439+1615
-0.5,None,36.922714182960085,-69.79347596980442,33.8041583727266,-85.50087889640925,37.851016987340934,Sp0439-2353
-0.5,None,28.34541624102935,-70.51582172571123,25.767144584762832,-85.67608139551888,29.138058239412842,Sp0439-3235
-0.5,None,0.26527118371644537,-54.11797256884339,-1.0935525676414897,-57.2485532398451,0.6516314369779563,Sp0439-6105
-0.5,None,54.71212310986821,-58.83996802194843,50.45727984290313,-67.14050674680061,56.23256521397206,Sp0440-0530
-0.5,None,46.466916486303745,-64.43682521717481,43.170954475301016,-75.53637437495625,47.78862981661603,Sp0442-1356
-0.5,None,28.755152973397028,-69.82796461841741,26.555754446520176,-86.00746475510444,29.695498146961683,Sp0443-3202
-0.5,None,23.894953818913095,-68.60604585558373,22.055541074168897,-81.22422229645659,24.803645635243086,Sp0444-3655
-0.5,None,68.2612863373835,-45.66768470418347,63.50971504713751,-51.949960263550956,71.3786595356625,Sp0445+0938
-0.5,None,53.83783264595866,-58.46417451889729,50.564940866111094,-67.60562110927926,55.68712896460943,Sp0445-0602
-0.5,None,29.83623656653119,-69.28599346277113,27.91621131341453,-86.74427600067858,30.927298529382654,Sp0445-3048
-0.5,None,24.07672874487951,-68.49519225282634,22.324525355507063,-81.39927773236637,25.02577149660563,Sp0445-3642
-0.5,None,7.725653046165143,-59.57353606024698,6.511217238443098,-64.91498485748522,8.372744396973019,Sp0445-5321
-0.5,None,67.44688978566101,-9.985583060429272,64.51168286700816,-12.873937792708213,69.51100744091964,Sp0446+4844
-0.5,None,72.10113587449847,-41.083621350555426,67.33852841949663,-46.961559748104,76.3327905435785,Sp0447+1436
-0.5,None,78.94858435706291,-28.756743560367543,72.91276371683632,-33.26750842876519,89.4143732967384,Sp0447+2819
-0.5,None,14.283652542571335,-63.69027026431122,13.075060202323145,-71.5844507064695,15.12854957821595,Sp0448-4636
-0.5,None,64.68365075184462,-7.126376512135304,62.626711628997924,-9.959658961975327,66.61213364587128,Sp0449+5138
-0.5,None,56.88378161043013,-55.12288253912132,54.16550142566245,-63.94924862575484,59.2514233922627,Sp0449-0228
-0.5,None,61.786144752843356,-50.388605971493,59.199724702031226,-58.35953111649925,64.82331726654603,Sp0451+0305
-0.5,None,26.44601895079704,-67.95817304915487,25.210590150881075,-83.47272185232433,27.69201470753301,Sp0451-3402
-0.5,None,2.704655164397866,-55.36457581001442,2.0107548035873113,-59.901334244150796,3.4144846990114677,Sp0451-5818
-0.5,None,75.13660191905088,-35.157207979642315,71.91764537213975,-40.91268076015062,82.2896504259622,Sp0453+2033
-0.5,None,41.9513266678554,-64.3025381483974,40.64807318152918,-78.7988413120517,43.8644186973263,Sp0453-1751
-0.5,None,10.994045410732639,-61.02224737266727,10.332355705455939,-68.31073240000461,11.971481224436259,Sp0454-4945
-0.5,None,60.998262249785135,-50.038709901030636,59.47268387145845,-58.573270652947116,64.45831869791844,Sp0455+0244
-0.5,None,63.15721343229436,-5.633758227201733,62.2023348620729,-8.6737119692604,65.38278641375278,Sp0455+5252
-0.5,None,33.00196890483428,-66.88611538765974,32.173273821080556,-85.50825446776689,34.69315483981871,Sp0455-2701
-0.5,None,49.650233260316085,-58.992507193071845,48.589104717837635,-70.63650164517311,52.17287615577446,Sp0456-0932
-0.5,None,75.028695290004,-20.60819147237116,73.51031547580152,-25.0984647238258,81.89344178648548,Sp0457+3622
-0.5,None,26.207086103150402,-66.14454900015043,25.968554989167576,-82.51920504645533,27.911938371781638,Sp0459-3348
-0.5,None,61.10667692264348,-48.68910818214597,60.758169197480434,-57.617648449226955,65.24031685991115,Sp0500+0330
-0.5,None,62.078904632855206,-47.674708590041874,61.83779689518713,-56.425840989657495,66.42838837296534,Sp0500+0442
-0.5,None,32.424450961011026,-65.07934789945108,32.65674659308157,-83.74807613088737,34.62805093566922,Sp0503-2705
-0.5,None,64.66511187333224,-43.83221661985688,65.76405112436176,-52.37498840303228,70.33360036223435,Sp0505+0836
-0.5,None,10.315897134102876,-59.250456959107105,10.666742668590382,-67.6225998028954,11.779364469810734,Sp0506-4956
-0.5,None,73.88043904438393,-22.27137452448899,76.86641644812516,-27.844651896749827,84.89756468302555,Sp0508+3319
-0.5,None,41.78062201814496,-60.563165342419836,42.86635598619419,-76.2132535819175,44.929301962924704,Sp0508-1647
-0.5,None,73.883472000348,-27.468414814128195,77.75442421578965,-33.82141259317189,88.86862829134398,Sp0510+2714
-0.5,None,13.811119252605089,-60.55961641516468,14.573079945895966,-70.95502772831377,15.618524932190196,Sp0511-4606
-0.5,None,13.586155548221365,-60.365606630426285,14.402733011040164,-70.72481848387986,15.41916667804177,Sp0511-4618
-0.5,None,32.56389456830348,-62.99085328546067,33.95017901408476,-81.6331782407498,35.43326038708926,Sp0512-2617
-0.5,None,29.257164876670974,-63.60144032197463,30.47909590611491,-82.00182335893088,31.888569474055256,Sp0512-2949
-0.5,None,56.28001706832255,1.2837094019120707,57.93816708817772,-2.085418289767433,59.08167131362318,Sp0515+5911
-0.5,None,51.775223748619545,5.9195490307978185,53.00465104246605,3.076480100023584,53.85521348381735,Sp0515+6424
-0.5,None,58.28340607022667,-0.8713362749517128,60.34627959782996,-4.5439987093806415,61.60149020539699,Sp0516+5640
-0.5,None,30.296812270928733,-62.1582108827187,32.29051678607578,-80.792067038849,33.44727803285858,Sp0517-2816
-0.5,None,25.10681574488488,-62.48276096922206,26.84921736669306,-79.56905818115577,27.89817617158699,Sp0517-3349
-0.5,None,71.55150937186336,-28.799597265680664,78.84209459860523,-36.088703825798945,86.31594797520452,Sp0518+2435
-0.5,None,40.777202461665,16.72660006969414,41.541006160891,15.019673257667128,41.826977392769855,Sp0520+7626
-0.5,None,59.42922299152759,-43.728023702947745,64.88018456337048,-54.51349295707672,67.01935671461494,Sp0522+0518
-0.5,None,70.66462540914827,-18.985597795479748,78.28748291664577,-25.173802468800815,82.68107348257128,Sp0522+3534
-0.5,None,56.86831091990783,0.5481714360239189,59.44408242108399,-3.2135450073754908,60.37105395160598,Sp0522+5754
-0.5,None,55.21726602856688,-47.756056670163666,59.80748976697898,-59.63811847149532,61.66594845130383,Sp0522-0002
-0.5,None,65.19483512992068,-9.42557739325905,70.14223536899054,-14.490234593640034,71.88584735246405,Sp0523+4623
-0.5,None,42.85501371986316,-56.10887402963468,46.44828264393672,-71.95022508029298,47.66037486957048,Sp0523-1403
-0.5,None,3.675536981878407,-53.650183865049684,5.10233454723987,-60.96145906501735,5.594225716015615,Sp0523-5607
-0.5,None,-16.05017353660389,-38.970012298165386,-15.479217624158908,-41.033485903290206,-15.263654045223456,Sp0523-7658
-0.5,None,68.8560530767547,-30.913239549285755,78.33418730643918,-39.20933500665728,82.76011620359716,Sp0525+2102
-0.5,None,8.860692463474622,-56.20967204959876,10.791769673923966,-65.88981084075412,11.273044693542262,Sp0526-5026
-0.5,None,56.753998965458855,-44.53439890513463,63.15399903507212,-56.2782853642317,64.6792489741096,Sp0528+0258
-0.5,None,64.04440833820337,-8.31343579577127,69.77480812982637,-13.533211943862677,71.07246968009618,Sp0528+4712
-0.5,None,36.79710012028993,-57.38647267299475,40.886961383029345,-75.20717758813981,41.65649167529986,Sp0529-2002
-0.5,None,64.78095921910759,-35.01101281299595,74.47250237047942,-44.64857943238972,76.76350550908055,Sp0530+1503
-0.5,None,52.20936471243344,5.384052383445141,54.93205320562413,1.8732304089257183,55.390077418085156,Sp0530+6253
-0.5,None,55.7020071781309,-44.47277020610775,62.721831136763946,-56.63657449193978,63.97444659746173,Sp0531+0215
-0.5,None,57.0413556355586,-42.7518033919643,64.79159719127053,-54.59826543235058,66.0256089676634,Sp0532+0418
-0.5,None,-20.838908503118915,-34.82134007802972,-20.34773868231097,-36.11669889271513,-20.250410886726044,Sp0532-8157
-0.5,None,56.242792238111484,-43.31001410901652,63.947065887519884,-55.398889498414725,65.09993237862442,Sp0533+0323
-0.5,None,67.90357068034321,-16.02733145787978,78.45491951347891,-22.637916627094032,80.60974233757373,Sp0533+3740
-0.5,None,60.97535441790603,-4.682846848938155,66.6213653461518,-9.729225596757953,67.37776927134263,Sp0533+5054
-0.5,None,40.57732303339142,-54.26722757215063,45.875381712122646,-71.0778039684491,46.51219267134691,Sp0534-1511
-0.5,None,45.453011469305984,-51.26171006722014,51.48030606967797,-66.59334745929137,52.1876978831511,Sp0535-0931
-0.5,None,46.24870019959466,-50.13797052370866,52.800960620027,-65.27662900954442,53.436111294919854,Sp0537-0816
-0.5,None,65.74468454274276,-12.882435267461275,76.54556925925971,-19.46566823148238,77.64264511971089,Sp0539+4038
-0.5,None,62.56087912331574,-7.3459887043873335,70.41285920010468,-13.10258648392228,71.07169832878753,Sp0539+4712
-0.5,None,58.954894234028096,-2.504027147246404,64.9451051520274,-7.5756936469716445,65.38697116109515,Sp0539+5253
-0.5,None,51.85047632855118,-45.14785319487551,60.073245484990466,-58.6882539295368,60.724878338408224,Sp0539-0059
-0.5,None,11.220406412443864,-55.72789731985411,14.321764654588053,-67.55130654350191,14.571061389895261,Sp0539-4708
-0.5,None,56.68380736195456,-38.988861139903534,67.81699746462262,-51.26349749091564,68.36551947546681,Sp0544+0639
-0.5,None,42.89974161418333,-50.293602002852396,50.209608594643825,-66.55164331544606,50.54852743197849,Sp0544-1109
-0.5,None,41.15630975965218,-51.23385463641565,48.22768657194113,-67.9854421697733,48.54182263416621,Sp0544-1309
-0.5,None,31.29917567545148,-55.66343551903723,36.89436261092995,-74.31630233832641,37.150564208595846,Sp0544-2433
-0.5,None,56.160769465992566,0.3432880889774705,62.99027392978561,-4.918419951689879,63.1029679310199,Sp0551+5511
-0.5,None,50.54629604071935,-42.125128065857126,61.488547695935374,-56.30511477917328,61.66479808678125,Sp0552-0002
-0.5,None,-5.763631343132225,-45.644293414378126,-3.2153009658183986,-51.53109880840356,-3.1734768539631415,Sp0552-6452
-0.5,None,-11.843092113495919,-41.46264320713307,-9.894218999950484,-45.47584757335957,-9.864661138251847,Sp0553-7133
-0.5,None,60.26908867865777,-30.322539274495085,77.62084347251566,-41.55365552137918,77.83647066225677,Sp0555+1608
-0.5,None,3.864904121810273,-50.743755824774176,7.61443600736182,-60.517222846155796,7.650220347319472,Sp0555-5402
-0.5,None,55.52192753199216,-36.039914721929364,69.61983249401395,-48.80546176284813,69.73381065576055,Sp0556+0802
-0.5,None,59.95994899209629,-30.507235404772114,77.27316395588697,-41.84288454159986,77.45228674886143,Sp0556+1546
-0.5,None,17.634857743117585,-54.305225596207855,23.114967669024395,-70.38628303702347,23.14763884143897,Sp0556-3832
-0.5,None,50.26416370955462,-40.57275744065059,62.43465412639413,-54.896684217762285,62.494642207127264,Sp0557+0048
-0.5,None,60.33874030380805,-29.277584016688216,78.68021500469146,-40.4584027561656,78.82478860632337,Sp0557+1708
-0.5,None,56.451313198773974,-32.87487446322161,72.92387698733961,-45.363125098863385,72.95146742379936,Sp0601+1115
-0.5,None,61.98552744197592,-11.515219155204857,79.10021754328304,-19.533791813669687,79.10233437453464,Sp0602+3910
-0.5,None,41.80526439379202,-45.396900603286554,52.43830210960412,-62.06561843777402,52.43992225091688,Sp0602-0915
-0.5,None,41.317934700123125,-45.98492078063168,51.65292144860559,-62.77498569611661,51.66204101002441,Sp0602-1001
-0.5,None,-20.885396512960025,-34.42040832921314,-19.76643375556692,-36.205407253659175,-19.763543269250246,Sp0603-8127
-0.5,None,60.748100258881124,-24.25346902567505,84.01950002040344,-35.01420842415743,84.00412975675857,Sp0604+2219
-0.5,None,62.17291183438138,-19.09274496672206,89.17489054544278,-28.76312065302318,89.08547261735285,Sp0604+2906
-0.5,None,62.39954470885568,-15.844445211171935,84.92133734044073,-24.833620934827483,84.90347543126491,Sp0604+3322
-0.5,None,29.653976012922783,-50.857645508603945,37.985935692285615,-69.53005147866496,37.9845657539874,Sp0605-2342
-0.5,None,60.71170122391395,-22.175579993661433,86.16667370437588,-32.751885280877424,86.19026540133977,Sp0607+2429
-0.5,None,58.965164791809364,-5.663801434224295,72.44962800343612,-12.953321587463815,72.45518911117371,Sp0607+4550
-0.5,None,54.71287254961557,-32.02542955900606,72.38028213501214,-45.040694774644315,72.38829148701147,Sp0608+1041
-0.5,None,17.1938258889032,-51.80674891880174,24.027294286678387,-68.36644589105885,24.031171040545107,Sp0609-3739
-0.5,None,20.425793081456277,-51.453755092222494,27.907614418677927,-69.07084636259627,27.913433184248763,Sp0610-3346
-0.5,None,60.82379286920963,-14.800843840825387,84.69210043851291,-24.189194535139865,84.8673671833842,Sp0611+3325
-0.5,None,45.36062534265178,12.22399863803746,49.98069694915444,8.245063192969955,49.992745392568274,Sp0611+6818
-0.5,None,5.297586649822051,-49.440266662179184,10.527674774403472,-61.0064850196821,10.53424589622508,Sp0611-5109
-0.5,None,59.82334383288099,-10.537521771284968,79.5703855489941,-19.25810743228559,79.74200444900809,Sp0614+3833
-0.5,None,57.88990874598405,-5.0596335356821,72.58591145289428,-12.711162998681791,72.68751909432731,Sp0614+4536
-0.5,None,31.282044265821717,-47.77402911684735,41.32664989910549,-66.31989099261146,41.36834672696563,Sp0614-2019
-0.5,None,45.806717639380025,-38.130147522558175,60.57954560359361,-53.7485434877929,60.674792971734654,Sp0615-0100
-0.5,None,55.93741151010181,-1.6497411075521287,68.4223652713946,-8.742862444391028,68.5277294218906,Sp0616+4946
-0.5,None,51.99268110368085,4.286697633122391,60.73819447401386,-1.5917514946666624,60.80478424409052,Sp0616+5729
-0.5,None,9.428546892590674,-49.87098353979307,15.701345533653377,-63.61397547173331,15.734886538626778,Sp0616-4557
-0.5,None,3.222613458428656,-47.76423905093386,8.807125532537768,-58.954077645747674,8.858896060601177,Sp0619-5249
-0.5,None,54.55346163011484,-26.049946371166786,77.06385062974039,-38.8766766404752,77.61218015701257,Sp0621+1555
-0.5,None,33.685382170679155,-44.21250841160888,45.69376626691008,-62.43031277385966,45.8766302441681,Sp0622-1548
-0.5,None,28.65537990200322,-46.60827217019017,39.3354860986196,-65.27565875678285,39.48907755473784,Sp0622-2211
-0.5,None,57.72760891657607,-18.298373887265228,85.67271893296339,-29.401871952051433,88.09761366145707,Sp0623+2631
-0.5,None,54.11198823257515,0.48574944555308397,66.42956204390754,-6.603681548464349,66.68649252789805,Sp0623+5137
-0.5,None,-10.518276150311994,-41.05897666472365,-7.001957033131443,-46.73989198734872,-6.954160611704402,Sp0623-6838
-0.5,None,57.80004077243928,-16.882099001258123,85.84930709510328,-27.755883306065346,89.38976408078165,Sp0624+2815
-0.5,None,45.700210602712595,11.671220312653068,51.74224160431893,7.0199988844369425,51.86703277897544,Sp0624+6626
-0.5,None,9.13958098469418,-48.4555108204256,16.196976967280964,-62.6200196587832,16.31558073884128,Sp0624-4521
-0.5,None,37.269696979668346,-41.30535623727015,50.82402825121185,-58.89468553457298,51.10108799027185,Sp0625-1034
-0.5,None,44.995115306341624,-34.97274546361638,61.93150234736797,-50.739715444591106,62.373120802817375,Sp0626+0041
-0.5,None,57.70229861161591,-11.645572960909204,81.98118542138116,-21.55669995428371,83.40315685826796,Sp0626+3454
-0.5,None,51.0936898938648,4.781834767923601,61.17043834842718,-1.5886705999114643,61.449973627041985,Sp0627+5651
-0.5,None,30.340549497382344,-43.70061182105971,42.6504747060189,-62.24232585698375,43.007693048617355,Sp0630-1840
-0.5,None,-17.565359244819795,-36.344040889692515,-15.10004635593013,-39.74522752889167,-15.03820512063449,Sp0630-7643
-0.5,None,33.540881514345095,23.83913659561924,35.163857762121964,22.25074048209652,35.229658636033946,Sp0632+8305
-0.5,None,36.42730999988246,-39.599976405169954,51.00124491515305,-57.288561958964166,51.520862089555834,Sp0632-1009
-0.5,None,4.403814501859518,-46.4446710450875,11.289304713614458,-59.00696866028546,11.502223372700383,Sp0632-5010
-0.5,None,54.69751748208024,-18.119731197807486,82.30300379699311,-30.183389094369115,85.91092226829852,Sp0634+2413
-0.5,None,40.14805221949926,-35.781784854166524,56.8446589431933,-52.66353363722004,57.623799619571024,Sp0635-0403
-0.5,None,24.77772936079398,-43.15573776370996,37.148145854879346,-61.819915434991124,37.804664848849804,Sp0640-2352
-0.5,None,9.132471152381767,-45.66101968965127,17.847160954392976,-60.76988456190477,18.300345418958766,Sp0641-4322
-0.5,None,-10.279021439528224,-40.122717523422466,-5.685772976750533,-46.78625955881326,-5.4467534089870835,Sp0642-6707
48.1933546444147,None,50.17202101446449,-21.83693492799454,75.36308114580376,-35.60733771676136,78.1933546444147,Sp0643+1631
29.2829917392458,None,39.74673028356899,-33.17672109953702,57.97232815303969,-50.04666177424891,59.2829917392458,Sp0643-0223
-0.5,None,28.268936546645012,-40.80545764494477,42.088143432263465,-59.42015442415528,42.94588017820158,Sp0643-1843
16.204763009305196,None,40.70499831310875,16.92419407299599,45.86162700773975,12.877682083173102,46.204763009305196,Sp0644+7206
-0.5,None,20.488891110703545,-43.59501303485207,32.24965755854394,-61.94010405885015,32.975445386552565,Sp0644-2841
-0.5,None,-23.99426963237851,-31.62213356732175,-22.766752814523468,-33.04932224074473,-22.705945144729153,Sp0644-8422
9.835329398405023,None,25.402872387149753,-41.14704029076197,38.88071549107426,-59.83094689167603,39.83532939840502,Sp0646-2150
-0.5,None,-9.452593557462672,-40.10609643224268,-4.300616652436106,-47.43375760721119,-3.950254281431936,Sp0648-6537
41.14622944517751,None,51.23392627154609,0.49629795018013484,69.01489186124752,-8.463449340285466,71.14622944517751,Sp0652+4710
15.43052675859024,None,28.538121601961937,-37.72549361110398,44.00162715591995,-56.27059670078968,45.43052675859024,Sp0652-1614
6.087281559138688,None,21.729101514173358,-41.06130141065009,34.949825354677756,-59.62342660511851,36.08728155913869,Sp0652-2534
5.021520413017527,None,32.88923847312348,24.52500184409106,34.82015837323533,22.797515436647988,35.02152041301753,Sp0655+8318
53.85252159134987,None,49.38300735600277,-15.834570092109002,77.03230776477308,-29.219721423282547,83.85252159134987,Sp0656+2211
19.63986752424639,None,41.958402259247194,15.381225800077633,48.93069627070802,10.386119714779133,49.63986752424639,Sp0656+6841
48.95351577321324,None,46.812644503356616,-18.273603257164442,73.32344622488299,-32.62325087716216,78.95351577321324,Sp0659+1717
51.01013695232456,None,47.69639075885093,-17.064066558403436,74.76954176348363,-31.057263017337096,81.01013695232456,Sp0659+1920
56.3715175318939,None,50.52434177718333,-8.673407650989565,77.54627471972975,-20.603459279324294,86.3715175318939,Sp0700+3157
-0.5,None,-6.866921615856496,-39.936038870666046,-0.11465498458349795,-49.20526791264882,0.6188476388517808,Sp0702-6102
38.84692795890892,None,41.47021099353634,-23.781063906218296,64.88058149995308,-39.826705600516625,68.84692795890892,Sp0703+0711
41.785603803492776,None,49.53403828292969,1.4394461600364632,68.514231013971,-8.045397365168352,71.78560380349278,Sp0703+4632
3.8614013558948557,None,18.42438970466554,-39.28382947270256,32.20045319622384,-57.633406090521014,33.861401355894856,Sp0703-2748
-0.6030034113670659,None,15.099299101000769,-40.32294215865303,27.882964247689014,-58.12421602691373,29.396996588632934,Sp0703-3216
-0.5,None,-7.33014013862236,-39.71950693614635,-0.6471664465384404,-48.81597387272273,0.09388031963727815,Sp0703-6134
34.624366923232145,None,38.80782631375408,-25.813643005392873,60.995001093050185,-42.518941635284335,64.62436692323215,Sp0704+0258
57.59585041737506,None,49.60771085925449,-8.974673845925965,77.04266875270136,-21.271276147189756,87.59585041737506,Sp0704+3038
40.611304267904856,None,49.008798511274094,2.4531587657738494,67.3828532279674,-6.883899282275846,70.61130426790486,Sp0705+4742
54.23848227188125,None,47.25577142579192,-13.772434360421183,75.1335944168873,-27.508598206980903,84.23848227188125,Sp0706+2234
49.35543269998182,None,49.70317778060713,-3.1460641152821474,73.45916259429633,-14.098183146679705,79.35543269998182,Sp0706+3858
3.950624789851112,None,17.84417678544146,-38.341021324579245,32.03022971843237,-56.67903991595833,33.95062478985111,Sp0707-2742
-0.5,None,1.8630145577148007,-40.860741219916505,11.432827813631697,-54.446946238130934,12.649122207817065,Sp0707-4900
-0.5,None,-17.442725801760975,-35.14001833635554,-13.385225889793803,-39.852248422882525,-12.856596593806367,Sp0710-7431
44.82002894672975,None,48.583270360184265,0.478348498077105,69.87834450060866,-9.84360850936885,74.82002894672975,Sp0711+4329
1.637088326258187,None,15.632993652827865,-38.188572758442085,29.598524213060504,-56.26254982192,31.637088326258187,Sp0711-3001
-0.5,None,9.472873161081312,-39.80386465416906,21.544692298051928,-56.40547179795973,23.246353791320082,Sp0711-3824
40.78648875583504,None,47.68828117453675,3.3864060898461843,66.66271774194301,-6.270037232775037,70.78648875583504,Sp0713+4732
51.28947328681731,None,48.17664783926712,-3.256821722691742,73.16815011368128,-14.84013002309917,81.28947328681731,Sp0714+3702
19.9018874004231,None,27.569997820386742,-30.78963101190717,46.47081880914508,-49.23904475004105,49.9018874004231,Sp0715-1145
-0.5,None,-11.356232181842723,-37.39504649117463,-5.026859928380951,-45.22786018616888,-4.085004869313484,Sp0715-6544
25.14719039456731,None,30.74343088605869,-28.161669637987195,51.169613615935525,-46.22340204339286,55.14719039456731,Sp0716-0630
21.57343585689511,None,28.31151097482479,-29.633401573955037,47.8312726433287,-47.9905509713482,51.57343585689511,Sp0717-1004
-0.5,None,-0.7624827240163365,-38.929996792991595,9.15887846965393,-52.034668948395584,10.794132704376397,Sp0719-5051
22.875747041428134,None,28.692725726628513,-28.523221048785864,48.77266351124078,-46.81100386208495,52.875747041428134,Sp0720-0846
51.287878142585555,None,42.88740067506245,-12.754626559796293,70.57205336881573,-27.531025217188603,81.28787814258555,Sp0721+1937
51.105006410328684,None,46.72264093715791,-2.0011186018839404,71.76014256135836,-13.824315322853646,81.10500641032868,Sp0721+3714
0.5694420555025523,None,13.268250575259092,-36.2192424658855,27.878577275494195,-54.1023016568172,30.569442055502552,Sp0721-3105
34.389726423219486,None,35.09599504452315,-22.330366960315352,58.590833567721305,-39.49840739554968,64.38972642321949,Sp0722+0243
30.88514948741635,None,43.97925167245693,10.724730200709548,57.81452251787857,2.701541291236799,60.88514948741635,Sp0723+5727
16.991080255704716,None,24.196984855987406,-30.274511455515125,43.03283727827274,-48.900558650754874,46.991080255704716,Sp0723-1439
15.383616206938001,None,23.290497614252303,-31.118463465122336,41.636318114555124,-49.78172454249879,45.383616206938,Sp0723-1616
-1.507902669664304,None,11.503309171226245,-36.304707261387165,25.78216443437678,-53.87498455298693,28.492097330335696,Sp0723-3309
-0.5,None,-21.95037212923191,-32.375217598533865,-19.08608167030276,-35.35163841042758,-18.59844334525495,Sp0723-8015
25.30590022557827,None,41.7473386784709,14.385321118187179,52.833756605272185,7.459449661512961,55.30590022557827,Sp0726+6302
12.440431657454617,None,36.02978413962076,21.651832076653932,41.30620438499338,17.726226182847142,42.44043165745462,Sp0729+7554
5.503666227382887,None,15.492061254452782,-33.209637057377876,31.914350908311278,-51.574171483639674,35.50366622738289,Sp0729-2608
-0.5,None,3.7667238365838434,-36.88941114430218,16.157250822259964,-52.380046230563856,18.682126340427697,Sp0729-4258
47.528965278550515,None,39.47512021932531,-13.203831076959984,66.7230704008318,-28.836617240228563,77.52896527855052,Sp0730+1553
27.991106023720924,None,29.73512778695097,-23.791786222293176,52.05736766352507,-41.7906270233138,57.991106023720924,Sp0730-0339
34.46285593381356,None,33.15248561033429,-20.27889259052427,57.300489009386474,-37.63856615593107,64.46285593381356,Sp0731+0249
53.86690159783666,None,44.25682546977444,-1.9602687381269315,70.5236730489945,-14.65982513461971,83.86690159783666,Sp0732+3427
30.41172276447049,None,42.71957162086519,11.953698498187492,56.7527334091846,3.7870096621728453,60.41172276447049,Sp0732+5755
11.466786505550665,None,18.815780138109574,-30.306252487435692,37.042307818140735,-48.95738239951516,41.466786505550665,Sp0733-2010
-0.5,None,2.776642691667183,-36.094278463623645,15.362283538645338,-51.4489994930606,18.14317323653292,Sp0734-4330
26.71328715923923,None,41.31563373509892,14.36631086317927,53.51234994266569,6.9305071271069325,56.71328715923923,Sp0735+6137
54.85765083832824,None,40.71201136280794,-7.752298249908169,68.7946623825845,-22.472023209663192,84.85765083832824,Sp0737+2313
6.21051115503613,None,14.61587773248565,-31.240584569300594,31.85531901226692,-49.618561841921505,36.21051115503613,Sp0737-2526
-0.5,None,-1.9651931854822313,-35.76671200168113,9.495670940709603,-49.45828567465416,12.197388259115115,Sp0739-4926
46.67539788145527,None,37.106080564695716,-11.863707599784004,64.42563066685808,-27.881027912249046,76.67539788145527,Sp0740+1502
14.233654313746314,None,19.401937768192848,-27.77924417331307,38.850808386729135,-46.46087276363247,44.233654313746314,Sp0740-1724
37.18126884921766,None,32.32179942145856,-16.630233033332228,57.732297140898744,-33.895991793109935,67.18126884921766,Sp0741+0531
49.29350769061875,None,37.89728911480216,-10.176018727903381,65.61390046854058,-25.85481419546167,79.29350769061875,Sp0741+1738
27.650664946775898,None,27.387766286565988,-21.658065732435023,50.352029702035445,-39.82060406126152,57.6506649467759,Sp0741-0359
24.543609207557658,None,25.403664846071226,-22.938583023903007,47.624776781947205,-41.32304286167913,54.54360920755766,Sp0741-0706
3.0384964076896352,None,11.520296519929634,-30.98319154496543,28.419783850546384,-49.03805868089929,33.038496407689635,Sp0743-2836
-0.5,None,-1.9204083408677983,-34.63370852255721,10.21988539354908,-48.69932462392781,13.38527420181231,Sp0745-4815
516.4261217200756,None,37.536953271304434,-7.752676901534278,65.52876887439457,-23.247480653938737,81.64261217200756,Sp0746+2000
34.11734050577161,None,29.42239431132655,-16.888814057234498,54.41200546853228,-34.58861378623637,64.11734050577161,Sp0748+0228
26.82794013833354,None,39.53999715479759,15.890551957880701,52.469759036770526,8.05718230503958,56.82794013833354,Sp0750+6131
6.129437614504191,None,12.266342480280043,-28.402642329023983,30.478496496977453,-46.70191031762059,36.12943761450419,Sp0751-2530
478.26008940579385,None,34.84970974296159,-8.72904824539261,62.55653133444624,-24.911379294488764,77.82600894057938,Sp0752+1612
405.39565822639577,None,31.36154012993724,-12.343063739614704,57.965967145867545,-29.469115653195537,70.53956582263957,Sp0753+0854
476.93169901273836,None,34.41760601590399,-8.469863571030833,62.13097881168438,-24.714523897288633,77.69316990127383,Sp0754+1603
7.564717028920903,None,12.443247899824126,-27.012020918589023,31.306472432833193,-45.39499290491915,37.5647170289209,Sp0755-2404
-0.5,None,4.070168974406148,-30.353133655537807,19.944881714821733,-47.156573643567356,25.053315547184713,Sp0757-3635
187.65692400317207,None,18.717281172336275,-21.896327342658537,40.57359607705106,-40.568869846284485,48.76569240031721,Sp0758-1252
-0.5,None,1.9166255404169856,-30.962830549275715,17.029631176858395,-47.138955884338706,21.879305720068775,Sp0758-3945
350.29438905899497,None,27.472884204615198,-13.989003652686064,53.17847623937892,-31.77836372899672,65.0294389058995,Sp0759+0323
331.6333851952005,None,39.375307690760344,13.76690597501584,56.09190959750381,4.258844809109319,63.16333851952005,Sp0800+5511
319.56677552749824,None,39.11169522210224,14.481584247878635,55.20241052013478,5.221752518459178,61.956677552749824,Sp0801+5624
349.6835299823671,None,26.822039535020437,-13.409644210114283,52.62703994755176,-31.247207844349703,64.96835299823671,Sp0802+0319
400.86970221612745,None,28.993623395895018,-10.49768003336325,55.81099807395952,-27.86170947101464,70.08697022161275,Sp0803+0827
334.932256387444,None,25.67694657588884,-13.743520986952044,51.25302146620518,-31.73108713594595,63.4932256387444,Sp0804+0151
351.486226177947,None,26.50506229227404,-12.90831979434528,52.420312862088736,-30.756834795276067,65.1486226177947,Sp0804+0330
264.64373729381157,None,37.917882107938475,17.448597189487852,51.1391053244626,9.409387123469266,56.46437372938116,Sp0804+6153
359.09131958623914,None,26.51634679977346,-12.150812523347449,52.64577123456222,-29.9559929897664,65.90913195862392,Sp0805+0417
401.4034660033076,None,38.93760108666357,10.892461006401295,59.494958373374196,-0.2441389858228328,70.14034660033076,Sp0805+4812
230.45256895464172,None,19.70539241595054,-18.364048795594943,43.03115689071931,-36.96385748068695,53.04525689546417,Sp0805-0835
-3.3475066345102533,None,5.818818837317624,-27.601013223400734,23.344815779837294,-45.09585050663976,29.665249336548975,Sp0805-3158
29.76041060628603,None,7.663957091957944,-26.282740401979176,26.10894494164161,-44.182968706778134,32.9760410606286,Sp0806-2839
561.2553257873069,None,36.640256814741484,2.82873250250142,63.46920331511666,-11.347255948339786,86.12553257873068,Sp0807+3213
6.92155142969149,None,6.0722260039099085,-26.81364726152689,24.006196082358905,-44.43034219020403,30.69215514296915,Sp0807-3056
564.0310025084294,None,36.455204397271615,2.793784215128882,63.34312360308159,-11.44363076148917,86.40310025084294,Sp0808+3157
-0.5,None,1.7590345893882466,-28.257111785542044,18.191118887584757,-44.848541566847125,24.301992550839913,Sp0809-3720
350.37334377850215,None,25.04642368300815,-11.561906384511426,51.17521853345153,-29.508349421932085,65.03733437785021,Sp0810+0324
459.74554254956604,None,29.999966855068077,-5.925796236690473,57.75481849162806,-22.76867607532906,75.9745542549566,Sp0810+1420
-0.5,None,-0.7652750212008107,-29.13048796254952,14.67596196236955,-44.925562135293404,20.372956529014093,Sp0810-4115
505.5008235594727,None,31.773287834532198,-3.4936217047275018,59.82710357085035,-19.76512152858955,80.55008235594727,Sp0811+1855
-17.774238510023146,None,3.812129389495231,-26.688701526622783,21.395347646689732,-43.92436920832881,28.222576148997685,Sp0811-3324
68.84704961594323,None,8.967788711986067,-23.63279570321581,28.77581329911795,-41.86510201463665,36.88470496159432,Sp0812-2444
-0.5,None,-8.059551015453986,-30.708110528963882,4.473972179756002,-43.56451126009583,9.097089588280772,Sp0813-5232
-0.5,None,1.72143561978307,-26.892894085461172,18.80399763414382,-43.678460756001456,25.585694487928112,Sp0814-3602
229.00853283304576,None,17.588284671114845,-16.252655398130052,41.40028336265533,-34.890948845803635,52.90085328330458,Sp0815-0843
551.5061743193678,None,31.731094731046763,0.4703520643501668,59.71697952633538,-15.347678876314152,85.15061743193678,Sp0818+2333
485.9235808598598,None,29.137588261630086,-2.7523395977953222,57.15154300708791,-19.45784544545102,78.59235808598598,Sp0819+1658
267.8747061500601,None,18.878616124528467,-13.584594005247107,43.71839993901556,-32.11879588335238,56.78747061500601,Sp0819-0450
264.303585940327,None,18.64148743705746,-13.704199917951655,43.41604752418402,-32.25326700918063,56.430358594032704,Sp0819-0511
178.65955246118807,None,14.1184443235846,-17.777192276281916,36.95447633744081,-36.454250932332315,47.86595524611881,Sp0819-1345
428.3317408377266,None,36.01566087912217,11.993545485946074,58.1199770295238,-0.11941691520777627,72.83317408377266,Sp0821+4532
422.1063140881647,None,25.56644336699116,-5.168819319200477,53.109914869634096,-22.656525966003148,72.21063140881647,Sp0823+1034
561.0690201101579,None,30.99825991536816,1.8890003942712013,58.89688101031515,-13.911546780293705,86.10690201101579,Sp0823+2428
269.44751059873903,None,35.750567656073414,19.26990646905236,49.80066984034596,10.72753013087383,56.9447510598739,Sp0823+6125
528.7153311930242,None,29.54863735446409,0.5598230470407123,57.60973068553782,-15.71788312973012,82.87153311930243,Sp0825+2115
112.75201367314786,None,9.1019868683694,-19.15267620665089,30.741663160330624,-37.60299402367753,41.275201367314786,Sp0825-2021
9.528625057683229,None,3.027298091601685,-22.94193889592494,22.156381854644888,-40.448107474522196,30.952862505768323,Sp0826-3040
433.3056038503797,None,35.000254668570776,12.61217092227204,57.37765314221176,0.2598210455656708,73.33056038503797,Sp0827+4502
-0.5,None,-9.603075031949839,-28.606037042346443,3.6793253186427157,-41.53225069920347,9.351709583040398,Sp0827-5216
594.2070572199219,None,31.423825495933627,4.975824299616683,58.760707364807004,-10.27773489092351,89.42070572199219,Sp0828+2853
184.71702752880566,None,12.538052938762256,-15.437377375681525,35.99401799019569,-34.109301790035126,48.47170275288057,Sp0828-1309
165.12586114484742,None,11.45590062753402,-16.295357817603225,34.47270548799046,-34.93395251521978,46.51258611448474,Sp0828-1506
465.6748550730188,None,26.25655280576302,-1.8498215200410755,54.221965641455746,-18.97244758520366,76.56748550730188,Sp0829+1456
584.0353881420584,None,30.461952054284623,4.213678160694517,58.08812737954079,-11.3931443394759,88.40353881420585,Sp0829+2646
289.7952535355952,None,17.930406868460526,-10.392884128672094,43.59144361308299,-28.894567829234678,58.97952535355952,Sp0829-0238
414.144129083228,None,23.715469206618984,-4.115450943288803,51.27781377707584,-21.78318172272748,71.4144129083228,Sp0830+0947
307.8484703739955,None,18.687615509911176,-9.366053668421472,44.7031244880291,-27.7899018364244,60.78484703739955,Sp0830-0050
420.4780546427503,None,23.69544185283176,-3.500654732765718,51.342529437755545,-21.12956874728195,72.04780546427503,Sp0831+1025
60.36911613573103,None,4.969244109534751,-19.951619500960383,25.674418826065057,-37.977040350529904,36.0369116135731,Sp0831-2535
301.4520014979868,None,17.982528893503467,-9.277899528799118,43.9444927439983,-27.744192436370668,60.14520014979868,Sp0832-0128
300.42236825983224,None,17.838291039164734,-9.2309407703035,43.7967164776456,-27.704588110910553,60.042236825983224,Sp0832-0134
512.441058656142,None,32.59426993162842,9.835637200600992,57.95571830866364,-4.167661831535814,81.2441058656142,Sp0833+3706
-0.5,None,-10.498924406078403,-27.561026431120982,3.109023040497712,-40.468050552498404,9.333515513257696,Sp0833-5217
-0.5,None,-11.18585838220793,-27.859199544878287,2.011684509242955,-40.38536945146878,8.011922173679153,Sp0833-5336
421.16411203988844,None,22.961555989924527,-2.7292103865932935,50.65972127894055,-20.402673492458003,72.11641120398885,Sp0835+1029
233.0177302360682,None,13.664672777599835,-11.691068705468373,38.462488490464345,-30.36432192958393,53.30177302360682,Sp0835-0819
-121.65552320981554,None,-0.0034470597094729883,-21.659245386019602,19.13810372302365,-38.77781955096482,28.783444767901845,Sp0836-3250
-0.5,None,-14.522001303121707,-28.184594794981628,-2.7982675206165064,-39.078892118461575,2.6919103544869216,Sp0838-5856
500.06948654248606,None,25.163040744501465,2.2327256273718916,53.24604906139067,-14.702291927966625,80.0069486542486,Sp0840+1824
399.09909352528757,None,33.102422198070336,16.198865168794505,54.06581538706501,4.243446263777665,69.90990935252876,Sp0840+4827
291.8886021633238,None,33.67630159110429,20.429164390478153,49.32479801923138,10.983657154321058,59.18886021633238,Sp0840+5911
521.7287317694493,None,30.8057715033598,10.844464175339303,56.396083512204484,-3.5119115678163584,82.17287317694493,Sp0841+3611
288.7688275581063,None,33.618630363103264,20.594399611755147,49.11163954181068,11.22026416688625,58.87688275581063,Sp0841+5929
420.3573314145432,None,21.129314237079647,-1.0188294214174405,48.914978598171004,-18.81167387586458,72.03573314145432,Sp0843+1024
361.98368048963073,None,18.33568207167159,-3.74106275147899,45.533239266719555,-21.974636854782396,66.19836804896308,Sp0844+0434
22.185836996119335,None,0.5186966703937049,-18.839471365504426,20.944462686753983,-36.34783991345101,32.21858369961193,Sp0844-2924
160.7225504850379,None,7.3944561749537225,-12.386446461304406,31.19605761827921,-30.94890183152886,46.07225504850379,Sp0847-1532
112.98739475921764,None,4.674825626839578,-14.292325764248739,27.466695067615138,-32.61018892850779,41.298739475921764,Sp0848-2019
-0.5,None,-14.764501075598105,-26.393847311421627,-1.955454233702534,-37.89697945476693,4.68638191091075,Sp0848-5656
-0.5,None,-24.462260903993545,-28.87741473146062,-19.6898205048992,-32.84883956930652,-17.276739465027347,Sp0848-7853
339.568670558741,None,16.181225282861316,-3.735493242213538,43.19477587319736,-22.136973432547865,63.9568670558741,Sp0849+0220
569.3156765826611,None,27.551320623718738,10.470831177171158,54.22578298074557,-4.891262851029099,86.93156765826612,Sp0850+3126
283.1161396141782,None,13.15900104031179,-6.173145966106083,39.37106864089611,-24.792620142409017,58.31161396141782,Sp0850-0318
122.14956031957392,None,4.823580607207596,-13.534465245281229,27.898353948545036,-31.898293665881887,42.21495603195739,Sp0850-1924
-0.5,None,-12.784179361212216,-25.08290592403373,1.5333278541802424,-37.880316675758394,9.165690812987837,Sp0850-5227
109.22499866385564,None,31.07449880929495,26.600599278587648,37.295885890082296,22.288344658244547,40.922499866385564,Sp0851+7727
572.4863968524336,None,25.323404055712288,8.133070152108582,52.905732851651884,-8.107382166671124,87.24863968524336,Sp0852+2540
281.1630289976623,None,12.3211418816569,-5.501055348009258,38.602308973289965,-24.135619880143427,58.11630289976623,Sp0853-0329
68.30956563377399,None,1.193615884111236,-15.005390377371755,23.217556560590854,-32.92601227386878,36.8309565633774,Sp0853-2446
235.2898976089233,None,9.875577174755081,-7.522559338595968,35.40110713082668,-26.205365598754344,53.52898976089233,Sp0854-0805
64.0734395988472,None,0.5997024094249856,-14.790843000757464,22.611455811876652,-32.65385064132591,36.40734395988472,Sp0855-2512
312.32799215115983,None,31.354906420745777,21.840674511070098,48.323390641767325,11.571356283300718,61.23279921511598,Sp0857+5708
3959.530558852998,None,16.723400219059545,1.0599117499337414,44.48214668479109,-17.09248713313165,69.59530558852998,Sp0858+0758
4336.28708219789,None,18.177904062039374,3.0954131824868214,46.17113323190679,-14.787846382321135,73.3628708219789,Sp0859+1145
246.84804327190065,None,31.449968078927846,23.995152340365113,45.06056489701771,15.440560585270312,54.684804327190065,Sp0859+6341
5341.099890777285,None,22.2012425868228,7.972725276350762,50.08248874264271,-8.906462514849666,83.41099890777285,Sp0900+2150
-0.5,None,-21.72672522709182,-27.250394423031675,-13.006429642345415,-34.561408007097455,-8.058920226813928,Sp0901-6940
3216.845326539864,None,12.452282798678734,-1.70793065399698,39.511654117560035,-20.26336930892253,62.16845326539864,Sp0902+0033
187.17000171239007,None,31.115451655252862,25.721311429159453,41.59678073453986,18.87270990220965,48.71700017123901,Sp0902+6939
3728.5752591464134,None,14.606842479165131,0.9987153304022127,42.231923966615085,-17.337330867825916,67.28575259146413,Sp0903+0540
3199.44413338174,None,30.217584307275402,22.617950838887953,47.65018239577863,12.021819384912835,61.9944413338174,Sp0905+5623
2541.4988650282394,None,8.255164875712344,-4.009662872915107,34.46176668985235,-22.692380653179406,55.414988650282396,Sp0906-0611
-1922.0679865344082,None,-5.676022338861244,-16.109424492397054,14.766955662425248,-32.82703371543567,28.077932013465592,Sp0906-3332
-0.5,None,-6.335540449812654,-16.6142394134407,13.773925795864963,-33.130037037503264,26.78789703846207,Sp0906-3449
-0.5,None,-6.869138498956227,-16.958574390142612,12.991385716396888,-33.31152567756857,25.80518251588286,Sp0906-3548
-0.5,None,-10.595774687698754,-19.603372453962454,7.254481658813255,-34.55635420633988,18.463753507875705,Sp0907-4308
4021.828561372686,None,14.919822421582838,3.426682744836735,42.81011104271191,-14.775160307758581,70.21828561372686,Sp0908+0836
4659.354464942071,None,17.62013230221988,6.53328282122207,45.70379737584638,-11.185382579176146,76.5935446494207,Sp0908+1459
3784.840393719999,None,28.941578550453915,21.160662393669522,49.136527812793204,9.099687190423793,67.84840393719999,Sp0908+5032
5129.065085002783,None,19.325732850012564,8.942085721155333,47.285217801893126,-8.331836437434571,81.29065085002783,Sp0909+1940
1436.675965383251,None,30.235542391960486,27.20131085819472,38.523105238071196,21.636831903145094,44.36675965383251,Sp0911+7401
5600.724612250787,None,20.5791763559093,11.679110837688032,48.131264589745335,-5.09024689591851,86.00724612250787,Sp0912+2425
2405.5656794180377,None,6.100326797417964,-3.1458172042374555,32.2828177791697,-21.81763596579888,54.05565679418038,Sp0913-0733
-0.5,None,-21.12756603383986,-25.243999243564048,-10.374615009311489,-34.050797596257866,-3.6347061263994522,Sp0914-6514
5327.161354238944,None,18.750832605015315,11.180800049381075,46.53866868288363,-5.97187047531704,83.27161354238945,Sp0916+2139
2026.052151994832,None,3.389040958962173,-4.0969886682657695,29.06462806711874,-22.681217524496333,50.26052151994832,Sp0916-1121
3187.202640320076,None,8.455216239276803,2.0254645439607932,35.80112248747007,-16.6057800033941,61.87202640320076,Sp0919+0016
5350.102352613701,None,18.194062864775432,11.931811669163535,45.938498173033565,-5.239534282266487,83.50102352613702,Sp0919+2154
2809.1619881328897,None,28.65314916570019,25.629649646195364,44.27589153246698,15.829911815672979,58.091619881328896,Sp0921+6017
1052.5107616064304,None,-2.3181496231381202,-7.7339733177360515,21.66121386227882,-25.741189350461934,40.525107616064304,Sp0921-2104
2273.6530728775483,None,3.4682950321640225,-1.7659951311474957,29.69169141930786,-20.397390212789887,52.736530728775485,Sp0922-0852
-0.5,None,-26.314446654267897,-27.4444517523601,-21.661666218432824,-31.011982921971487,-18.56788201803812,Sp0922-8010
5527.553508385621,None,18.099807419552597,13.486619574954917,45.64159244370922,-3.5391147777369185,85.27553508385621,Sp0923+2340
859.669743546624,None,-3.631629721439246,-8.251648082184984,20.006160820052713,-26.071295674264018,38.59669743546624,Sp0923-2300
41527.7575730029,None,-5.879936470053226,-10.184941662135277,16.781893374946574,-27.528663769975775,34.15277575730029,Sp0923-2727
-0.5,None,-22.663352310393602,-24.673817403906522,-12.297195950386572,-32.898258022599315,-5.315401238432338,Sp0924-6655
4868.0545502423965,None,14.837737887700918,11.113618790881372,42.84168667398783,-6.628726999549353,78.68054550242397,Sp0925+1704
5820.85081123837,None,20.0231452733318,16.72736383576917,46.58539938611236,0.5042966314037883,88.2085081123837,Sp0925+3007
3522.690003625125,None,26.78940580838601,24.531701412205393,45.84866283972462,12.79666112507013,65.22690003625125,Sp0926+5309
4587.046676044106,None,23.707966782540886,21.730766937348836,46.98345480897464,7.586013638438806,75.87046676044106,Sp0928+4230
3707.846678235815,None,8.322149253031855,7.073572665518187,36.21867009797891,-11.453794799091186,67.07846678235815,Sp0931+0528
5963.44146355251,None,18.15569021233926,16.95348049077696,45.020409137606094,0.353027576529161,89.6344146355251,Sp0931+2802
5175.324715351938,None,21.270671511857486,20.25932629237243,46.29227857768674,4.971335613739418,81.75324715351938,Sp0931+3638
1431.1116687771032,None,-2.566161234553571,-3.8429351426805787,22.499543179461984,-22.047738768948317,44.31111668777103,Sp0931-1717
5853.180938006645,None,17.4215943461987,16.8550186090233,44.4318531080189,0.09256872836878573,88.53180938006645,Sp0932+2659
1555.1888280621697,None,-2.4819548324003335,-2.7286456554470617,22.8834022591851,-20.995474744389824,45.5518882806217,Sp0933-1602
-0.5,None,-15.149294363106504,-15.534076919836743,3.5552313792608334,-30.031566250052943,17.710553996949727,Sp0933-4353_1
-0.5,None,-15.152190934711557,-15.530756773141293,3.5532125548711084,-30.028112928987152,17.711018596008085,Sp0933-4353_2
5442.621368919731,None,-7.905968572996508,-6.931338057773707,15.548719525867693,-24.271204803443613,35.44262136891973,Sp0936-2609
-0.5,None,-11.37153710250246,-10.482553643025376,10.271925169719054,-26.793760033913436,27.832015027745264,Sp0936-3346
379.8933099253197,None,-9.008106160735021,-7.367870370671053,14.139733496669972,-24.49012425190073,33.7989330992532,Sp0938-2748
5861.455560101253,None,17.169504564900986,19.256668414707235,43.64274543587372,2.759635739528301,88.61455560101253,Sp0939+2935
4855.133927971497,None,20.923493220823,22.78741124362574,44.94682348406268,7.94245455463436,78.55133927971497,Sp0939+3950
5509.621801081967,None,18.179871349538903,20.918731403890373,43.90891412362841,4.914094880616248,85.09621801081967,Sp0941+3315
55446.00542927474,None,14.044566048160842,17.683967067868704,41.36755610414497,0.3990033313632802,85.44600542927473,Sp0942+2351
-0.5,None,-19.319426609790334,-16.95039773874547,-2.45797681441764,-29.74214897838656,10.80840208071765,Sp0942-5047
29102.640081712616,None,1.8589243884228295,5.97375875090719,29.29824577706717,-12.70494967149733,59.102640081712615,Sp0943-0229
-0.5,None,-14.641117539787807,-11.495879420700797,5.977130316740433,-26.906925523099783,23.03713456440249,Sp0943-3833
2276.502782162875,None,26.893366574378962,29.019112040204554,39.94322913350945,20.534738264363714,52.76502782162875,Sp0944+6537
192.82283599875427,None,-11.675368920586735,-8.047267721994885,10.818080554775939,-24.615706958820358,30.192822835998754,Sp0944-3124
33999.0098222247,None,3.3000680700154206,9.207449688084077,31.1555295307922,-9.453729906866693,63.99900982222471,Sp0947+0224
5120.000868549371,None,18.436172515718024,23.487631692586135,43.11413393337995,8.026679810979724,81.20000868549371,Sp0947+3710
31257.592820191534,None,2.092620515486925,7.805122766717205,29.761245340277817,-10.876747507386494,61.25759282019153,Sp0947-0020
39708.16070046719,None,5.619849809691967,12.234599340236956,33.68961412871918,-6.285702029060378,69.70816070046719,Sp0949+0806
-0.5,None,-24.315184173231586,-20.838337976486308,-11.82020455203171,-30.072582332895422,-1.697630730508312,Sp0951-6317
21681.32984411129,None,-3.536363711748004,4.201298032583382,23.22686079667478,-14.265343923240724,51.68132984411129,Sp0952-0955
1242.5008410334037,None,-8.772686391443942,0.4847645283206059,16.689429565862394,-17.334083264059842,42.42500841033404,Sp0956-1910
-0.5,None,-16.741901093283673,-9.15103847884786,4.42367572033894,-24.44424674177488,23.40313470581864,Sp0956-3811
-0.5,None,-18.510582694085723,-11.165269791729676,1.4243557404279592,-25.61350499131541,19.024595127986235,Sp0956-4234
58046.66534144822,None,12.263990595866552,21.645021907452193,39.057098232137285,4.475480527899501,88.04666534144822,Sp0957+2627
-0.5,None,-22.593944485365384,-16.016107147812498,-6.247316691899281,-27.864535693653114,7.853353506318183,Sp0958-5344
51629.37383401763,None,8.834824499989152,19.739735768182467,36.39115966567774,1.8753778193170054,81.62937383401763,Sp0959+2002
21772.337604888045,None,-5.207966337782673,5.931710053829469,21.71899406331243,-12.490900262816277,51.772337604888044,Sp1000-0949
57494.03499771876,None,10.92526736923158,22.60418966202404,37.72326929772999,5.305124677212692,87.49403499771876,Sp1002+2556
2457.686380094856,None,24.629467706164192,30.826122736455872,38.64412497121548,21.644513699951396,54.57686380094856,Sp1002+6349
30509.106851135188,None,-1.782078746896095,10.939091800573387,25.99886616352661,-7.72863720119962,60.509106851135186,Sp1003-0105
18291.846310845754,None,-7.787302476683297,5.106510078597159,18.7792101372922,-13.08470461801185,48.291846310845756,Sp1004-1318
-199.08663065085292,None,-16.52912590578597,-5.344883354268329,6.124904509063568,-21.280963750032086,28.00913369349147,Sp1004-3335
19560.81239347489,None,-7.335729712087552,5.882262160661181,19.41142857328352,-12.383765980272774,49.56081239347489,Sp1005-1202
1470.4697512201776,None,-9.815332092655858,3.6475461692316844,16.268321240599658,-14.260380109473463,44.704697512201776,Sp1006-1653
54964.89214240648,None,12.910197387380633,26.473153051067374,38.19786772774093,10.087311145348677,84.96489214240648,Sp1009+3324
51912.2562311543,None,6.517045805772534,22.370014833690593,33.92198721780898,4.412875973604937,81.9122562311543,Sp1011+2019
45653.81730872039,None,16.454210799556893,29.317988606399688,39.163027634957515,14.573298629764214,75.65381730872039,Sp1011+4245
772.0578058099399,None,-16.884983187020282,-2.5625455664007912,6.661624518138581,-18.80010358970134,30.77205780580994,Sp1012-3049
53046.03059429316,None,12.938364457649419,27.89996715623721,37.698354349124855,11.762441079062,83.04603059429316,Sp1013+3520
-0.5,None,-28.425970132155335,-24.819731645458525,-22.58817135024538,-28.84930246009189,-17.1176468233373,Sp1013-7842
59321.7133254429,None,9.008481125463351,26.194210106289894,35.290018155387656,8.954294623850467,89.3217133254429,Sp1016+2751
38916.079699226386,None,-0.8828107494835004,18.045026917077305,27.19584907712574,-0.6016912432562852,68.91607969922639,Sp1017+0719
242.95868572367212,None,-17.600808805261043,-0.4190554071357725,6.517185303517092,-16.782968386904546,32.42958685723672,Sp1018-2909
14075.445737235064,None,25.642457872488862,31.84432931833319,34.2299206143113,26.102430089195572,44.075445737235064,Sp1019+7419
4472.656983516011,None,-16.878348375961753,0.7647968745802225,7.685995344391576,-15.870777610388759,34.47265698351601,Sp1019-2707
37481.74222506799,None,18.027321473966467,32.453932688890234,37.692240941615395,19.455776283870026,67.48174222506799,Sp1021+5055
1085.328268476171,None,-14.688955498274174,4.630144394069747,11.123248374537477,-12.731820718927294,40.85328268476171,Sp1021-2044
33594.767892386095,None,-4.43904698445331,16.544264513491054,23.598718334050034,-2.1284470746842703,63.594767892386095,Sp1022+0200
47153.35919857442,None,13.926950056065584,31.030269065048703,36.926928992448794,15.841025140372853,77.15335919857442,Sp1022+4114
29976.12491381244,None,20.635788069697085,33.14598936153286,37.130855031228535,22.19434911729466,59.97612491381244,Sp1022+5825
36802.854388479005,None,-3.640344984808951,18.81322899543375,24.44230753383158,0.13276957197232803,66.802854388479,Sp1025+0512
48022.35305572904,None,0.9799336521662413,24.659185448168973,28.56285328495223,6.29008815272649,78.02235305572904,Sp1029+1626
57310.42335779635,None,5.427371078696241,28.25068093825113,31.853420350803862,10.628022566444617,87.31042335779635,Sp1029+2546
-0.5,None,-27.27077636102466,-11.729213716302821,-10.006062919772207,-23.120690419388428,7.959404932459295,Sp1031-5338
36608.178663097664,None,-5.225479453593347,20.22139865828427,22.854905862248064,1.5401096884379097,66.60817866309766,Sp1032+0501
47942.59360969511,None,11.799674711053749,32.82368408381312,34.84383770668494,17.360100630414006,77.94259360969511,Sp1032+4027
-0.5,None,-24.580188441731888,-5.322251817251013,-3.4309330151353845,-19.2454686602914,19.443420083021547,Sp1032-4208
-0.5,None,-27.295053689446,-11.200356806284146,-9.736735458649708,-22.74727801017786,8.674627485950584,Sp1032-5255
44650.0609678838,None,-1.5050479844437996,24.09516226339656,26.295206442343904,5.548801340082924,74.6500609678838,Sp1033+1303
56633.89532539864,None,4.002873527550035,29.232776424975384,30.44006527107377,11.488048655425557,86.63389532539864,Sp1035+2507
10607.935342311179,None,-17.720337336461352,7.187304782614128,8.357431210265792,-9.946556369906983,40.60793534231118,Sp1035-2058
-0.5,None,-26.734003686804694,-8.27087758353329,-7.455871480560226,-20.844912555596984,13.309395232080316,Sp1035-4816
50960.00298027985,None,1.0229308312902752,27.310793940128693,28.23151251959293,9.07641612904758,80.96000298027985,Sp1036+1923
-0.5,None,-23.14171927231688,-0.34196417905481846,0.1750155343705619,-15.531463930556482,26.895383283379566,Sp1036-3441
-0.5,None,-26.059637844655526,-6.025345319538647,-5.547283321088794,-19.35926638843907,16.966599857007164,Sp1036-4437
58200.25720328641,None,6.080976393086988,31.261655514074942,31.568287095528422,14.078763221732977,88.20025720328641,Sp1037+3011
46801.76406483628,None,-1.809893694473986,26.43591760100757,25.769802073781623,7.9446803836327256,76.80176406483628,Sp1039+1512
302353.9528118315,None,-9.880828627988652,18.656452566414334,18.131675544068404,0.11120860779973644,60.23539528118315,Sp1039-0121
281845.8487570498,None,-11.450633172936156,18.19153782299226,16.5024143680913,-0.25617410604372126,58.184584875704985,Sp1042-0323
731.6882661095165,None,-20.58510829767829,6.707206282815047,5.096154781113808,-9.909371150755087,37.316882661095164,Sp1042-2416
22372.181960780254,None,-14.31249943619722,15.256562455157093,13.29805270602699,-2.849083147380315,52.37218196078025,Sp1043-0912
-0.5,None,-30.048503852410256,-14.404899019917565,-15.578416052606801,-23.627179790038088,0.38109242228335866,Sp1044-6112
297557.73574464564,None,-11.396426589477498,19.667642298599212,16.626167430345912,1.1720044591717573,59.75577357446456,Sp1045-0149
546.5891710900919,None,-21.8308125873128,6.1061297764145035,3.568671526477706,-10.218558547104703,35.46589171090092,Sp1045-2607
43724.54904579237,None,11.565912944100837,35.92773401596792,33.0507128715988,21.205915457455333,73.72454904579237,Sp1046+4441
15553.703257922436,None,-18.164123985920906,12.251483521890755,8.822517057975356,-5.22981751642106,45.553703257922436,Sp1046-1602
-0.5,None,-29.951620859342224,-11.76060237861442,-13.661333210365747,-22.05430139841142,4.614979618613457,Sp1046-5658
12194.495538742678,None,24.452924892059908,33.19109261086022,32.02335760805393,28.145874987826865,42.19449553874268,Sp1047+7613
13321.10427292369,None,-19.2212522747018,11.087561562044899,7.491110016003868,-6.1550707497743895,43.32110427292369,Sp1047-1815
327780.75970683404,None,-10.664148349657905,21.927657815111505,17.41636222021643,3.3419201175560413,62.7780759706834,Sp1048+0111
202481.09455459108,None,-16.40057702347481,15.14882379356375,11.092559518563299,-2.7388183812781173,50.24810945545911,Sp1048-1120
121590.13934551162,None,-19.867687421029373,10.572370855765588,6.698794535715232,-6.5301907613676695,42.15901393455116,Sp1048-1925
-0.5,None,-26.865504674613756,-1.580296066472604,-4.652053993313999,-15.607192011466866,21.652413436272095,Sp1048-3956
-0.5,None,-29.63584342129438,-9.225232055149622,-11.717343766328073,-20.490062100399758,8.683577824906553,Sp1048-5254
-0.5,None,-29.815021837597023,-9.369493215035007,-12.03690199488347,-20.520738525379073,8.268820412933701,Sp1049-5319
39282.10675576068,None,13.044306402425464,36.97722329499973,32.92802828212276,23.28070980987387,69.28210675576068,Sp1050+4907
-0.5,None,-28.587225148558034,-4.4277077434413075,-7.942342117196596,-17.34516786236524,16.30477493210548,Sp1050-4517
32193.894218089823,None,16.224947972185113,37.03318020033854,33.349093221303576,25.281358669434173,62.193894218089824,Sp1051+5613
-0.5,None,-29.43026570831826,-6.3367293099180495,-9.911893633419448,-18.502215670710143,12.891731021212072,Sp1051-4841
-0.5,None,-26.585404375594955,2.526087709080284,-2.8452387082521255,-12.292550288040019,26.82905856083605,Sp1054-3445
-0.5,None,-30.7305109856453,-9.464205865236247,-13.316356536695274,-20.226130082684488,7.063263037256389,Sp1054-5431
39717.11322675124,None,-8.75174601954817,26.843023744506038,19.15734196043627,8.162026733706012,69.71711322675124,Sp1055+0808
-0.5,None,-31.02969516692721,-20.472956622702846,-22.468748427831233,-25.837045051138475,-12.345967202346916,Sp1055-7356
38590.562878357145,None,-9.471015821677247,26.463740203187903,18.48446141008151,7.788531665965128,68.59056287835715,Sp1056+0700
15782.25736676358,None,-20.650925873824978,14.71104375273683,6.540789803743537,-2.6143216638547138,45.78225736676358,Sp1058-1548
103682.11419923547,None,-23.063037332862375,11.700918783868822,3.4526364120958877,-4.989139456947327,40.36821141992355,Sp1059-2113
38451.11340702214,None,12.085164328853882,38.55318038432079,31.48323117529644,25.011720877110246,68.45111340702213,Sp1100+4957
232679.92042502,None,19.107582225304274,37.0602670961155,32.15265930174349,28.144103622338594,53.267992042502,Sp1101+6508
515613.4496646956,None,-4.30048491599212,33.616548571137166,22.416037503030505,15.234285538867987,81.56134496646956,Sp1104+1959
-0.5,None,-32.49539329623726,-14.19986907381996,-19.08365280747866,-22.28689646402773,-2.6143369253303486,Sp1104-6412
448936.2131924352,None,8.003842972345106,39.251291710907346,29.45357719785298,24.111757239416065,74.89362131924352,Sp1105+4331
360610.66791445937,None,-12.863287184763175,27.371906352084444,15.135900868310419,8.763152930062848,66.06106679144594,Sp1106+0428
354235.17141219106,None,12.764271462275811,39.41469709045456,30.91288839474725,26.674906903592383,65.42351714121911,Sp1106+5259
473364.73630104476,None,-7.459288943597386,32.976827475822326,19.70786879257521,14.382571370748236,77.33647363010448,Sp1108+1545
16539.13352545995,None,-23.30740124130969,17.794725846848618,4.1389100317678125,0.6133681559339039,46.53913352545995,Sp1112-1502
431464.942760731,None,7.645957646958766,40.855754741561235,28.343569185576165,26.059902406984566,73.1464942760731,Sp1114+4516
591840.8161456245,None,-1.527287463859885,38.865844877645294,23.4117258356506,21.183519181254713,89.18408161456244,Sp1115+2902
7089.38215756011,None,-27.616771597718326,12.507195146155686,-1.3286093090410152,-3.4315791500201356,37.08938215756011,Sp1115-2429
-0.5,None,-33.37382937069862,-15.363402188190053,-21.459486421931803,-22.3696369925481,-5.9390175401175656,Sp1115-6731
399270.37795607647,None,-13.730658828271187,32.173722277578655,13.969075744354782,13.520055548100522,69.92703779560765,Sp1119+0820
417220.22014795255,None,7.632064557361028,41.80845871434242,27.73195960564788,27.331481381111093,71.72202201479526,Sp1119+4641
18362.581678649498,None,-24.610102279140154,20.722041593340784,3.0897252808485054,3.507902847766581,48.3625816786495,Sp1121-1313
35299.09899062076,None,-16.64295647012208,30.397693287660196,11.300254004035496,11.889842992166358,65.29909899062076,Sp1122+0343
504660.45606830105,None,2.2093436648311036,42.00553595236071,24.85276024614281,25.596538690938775,80.46604560683011,Sp1122+3755
17062.293167933818,None,-25.30850647903568,20.05537526622513,2.2969268290694176,2.996636501129402,47.06229316793382,Sp1122-1431
-0.5,None,-33.148660466613826,3.955343424301099,-9.980761174056894,-9.391942220100614,22.31478777914349,Sp1122-3916
-0.5,None,-34.27752708300853,-13.57812098691443,-21.35279911017862,-21.009878684580432,-3.968500904475306,Sp1122-6533
26423.928121194833,None,-21.297857399282126,25.807932636763407,6.766737255394747,7.856129862595277,56.423928121194834,Sp1123-0509
502701.33151244564,None,2.105357275422991,42.295084072254234,24.65782507368917,25.913947907069705,80.27013315124456,Sp1124+3808
-0.5,None,-34.05308414190335,2.249272603794818,-11.715564057063439,-10.484987258632373,19.364972538086807,Sp1124-4213
44721.31845304609,None,-30.846819974633508,12.709702052894116,-4.808144312149262,-2.5848863396146156,34.47213184530461,Sp1126-2706
246408.9776403079,None,16.0167963736465,40.09619507615291,29.332134392278657,30.79769418235617,54.64089776403079,Sp1127+6346
33272.3713666984,None,-18.964593261116107,30.60296408592353,9.024650314440184,12.235515552798905,63.272371366698394,Sp1128+0141
14324.970476698589,None,-27.64125239524135,19.373810848380412,-0.22248090058634384,2.7489507755470544,44.32497047669859,Sp1128-1715
396029.6613447956,None,7.356381936183373,43.473341193640806,26.481648274504128,29.509776633771423,69.60296613447956,Sp1130+4848
-0.5,None,-35.7923942668301,-7.87789922512085,-19.29707704916251,-17.06957431933665,3.5891639443700454,Sp1130-5759
-0.5,None,-35.288997689415474,-12.369363631038315,-21.92865976192092,-19.853591068291955,-3.1812490161062605,Sp1131-6446
422407.79614215414,None,-15.298712804856562,36.212180353670405,12.044399670236638,17.549564961309468,72.24077961421541,Sp1133+1039
31962.147495094392,None,-21.094367516839398,31.317156108136913,6.906551444612796,13.09155465048595,61.96214749509439,Sp1134+0022
29176.898863934563,None,-22.402903768829436,29.663468324976023,5.664692303466449,11.63399033134393,59.17689886393456,Sp1134-0224
236544.06537037532,None,-25.525728894098442,26.84820247613981,2.520640924015644,9.340485483375994,53.65440653703753,Sp1136-0755
17035.17247742245,None,-28.795797034358245,23.004766420594397,-1.043824229358276,6.262937578060129,47.03517247742245,Sp1138-1432
287.5299519887584,None,-33.899627330805096,13.618981102505291,-7.942792145163212,-1.1098716652558407,32.875299519887584,Sp1138-2842
284150.2171875237,None,-23.910003647654722,30.284397508913106,4.15803260640093,12.384069151324635,58.41502171875237,Sp1139-0310
9045.172367851726,None,-32.588198862557356,18.322179409450218,-5.6010199891348895,2.730348045199102,39.04517236785173,Sp1141-2232
357953.34432701056,None,-20.988070046027836,35.2770069071896,6.757522452166009,16.89701366628903,65.79533443270105,Sp1143+0413
276860.1227248123,None,12.687791000310975,42.91946308006984,26.980968570473703,32.67916091733109,57.68601227248123,Sp1144+6043
-0.5,None,-37.76278807724926,4.2649699029932195,-15.342013633703493,-7.769333634962511,18.534839699637672,Sp1144-4302
11231.424088970698,None,-32.65795979384263,20.46591268425632,-5.354539021647956,4.660181580992439,41.2314240889707,Sp1145-2021
538895.8634511993,None,-3.6116562316083103,46.32497150028078,19.259450391454525,29.160220954220243,83.88958634511992,Sp1146+3431
-0.5,None,-38.4006644235717,-3.654701220048981,-20.189248924081532,-13.25773170866692,7.174944791159383,Sp1147-5424
5837.489552841887,None,-35.17264304724357,17.287834549019998,-8.546764095929161,2.371734956411117,35.83748955284189,Sp1148-2544
-0.5,None,-38.46327995837574,7.020264884677045,-15.082334035682207,-5.394405290157547,21.369769390373403,Sp1149-4012
2742.553809297725,None,-36.41921812488864,15.367930804902915,-10.295699279902284,0.9928388320941866,32.742553809297725,Sp1150-2850
-0.7897793066345926,None,-36.99605617271658,13.256674644820382,-11.442254193232507,-0.6692302347565809,29.92102206933654,Sp1150-3139
562099.4702069995,None,-10.85910268620327,45.767732850361384,14.0177190236965,27.40834654533975,86.20994702069994,Sp1152+2438
142047.20421097733,None,19.88856030447318,37.75472627712461,28.02890203176189,32.34887469448998,44.20472042109773,Sp1152+7412
385808.85216806864,None,-21.550100515354266,38.85458693636157,5.855248376092264,20.402137795144274,68.58088521680686,Sp1153+0659
331799.6371049169,None,-24.651835467391667,36.06783477253526,3.1610249576829506,17.972611112060605,63.17996371049169,Sp1154+0135
375752.3842510867,None,-22.525557390484483,38.760322613033715,4.943523581212842,20.378418262960306,67.57523842510867,Sp1155+0559
916.5257624528131,None,-35.58587393980988,20.73507877418315,-8.401306754801563,5.504027070963145,39.16525762452813,Sp1155-2224
-0.5,None,-39.22659113791337,9.81427169729839,-14.976101362679833,-2.927657472936541,24.123473533419368,Sp1155-3727
-0.5,None,-40.29444483439756,1.6337271449726514,-19.693759281096455,-8.879796308564492,12.83802530094713,Sp1157-4844
454860.34781285113,None,-18.45402285427509,43.14615696693432,8.069010014802656,24.48065573557683,75.48603478128511,Sp1158+1354
485274.7059304791,None,-2.129044260435388,49.05893953994342,18.931317810410036,32.83269743426896,78.52747059304791,Sp1158+3953
1257.0336903903828,None,-35.10468298333959,23.67335895173945,-7.519418078948662,8.033258300627953,42.57033690390383,Sp1158-1900
5820.552500515667,None,-37.1415909777013,18.722262577259002,-10.388261241672371,4.074820963127326,35.82055250051567,Sp1158-2545
325388.72253063234,None,-26.066378881239018,36.73798234846363,1.7403755397612488,18.760101175807254,62.53887225306323,Sp1159+0057
526642.4187486931,None,-14.376267447052742,46.27560678317335,10.968808728046039,27.687614777014584,82.6642418748693,Sp1159+2105
-0.5,None,-40.31725646573465,-1.2507032041562602,-21.3203980706801,-10.880093789058096,8.797008300933207,Sp1159-5247
523954.0905957375,None,-14.647312985245945,46.30897482966325,10.731065795247249,27.70911793275696,82.39540905957375,Sp1200+2048
556105.146580753,None,-7.1125246529387,49.22018935375229,15.720214855636721,31.69478469957099,85.6105146580753,Sp1201+3248
476381.961342466,None,-1.980118052826456,49.60252781370146,18.728188901092796,33.56323780987956,77.6381961342466,Sp1201+4046
1935.2114946703543,None,-32.95939404094232,28.808061615512692,-4.942512167210291,12.308619728061098,49.352114946703544,Sp1201-1213
395.39958388842604,None,-38.449026462831995,17.924133289167813,-11.946322476245106,3.6882235315372456,33.95399583888426,Sp1201-2737
20364.887540095537,None,-38.979352660343764,16.544149507838167,-12.817669302411005,2.6295729852543177,32.036488754009554,Sp1201-2932
463302.12260790804,None,-1.3055016102825592,49.7624651434813,18.98344263180378,34.02149605240361,76.3302122607908,Sp1202+4204
2509.564216121952,None,-30.469658979289182,32.73039539144016,-2.3994105473402416,15.545857077110364,55.09564216121952,Sp1202-0629
318347.9916367676,None,-27.351260734725635,37.20668794702711,0.45914851257679246,19.35198000888162,61.834799163676756,Sp1203+0015
561543.94175945,None,-8.037304537007,49.855248748291956,14.829090390494517,32.22412212151641,86.154394175945,Sp1204+3212
360.84756091509576,None,-39.40203661988253,18.27318232647162,-12.90149920069072,4.221730040009813,33.60847560915096,Sp1205-2758
-0.5,None,-41.6466153911434,9.621647526111882,-17.840660595270258,-2.369367050406724,21.961169388980334,Sp1206-3937
-0.5,None,-41.61602122905197,9.060178840311046,-18.01320760284191,-2.823376477401009,21.299092851946718,Sp1206-4017
130585.00922733842,None,19.77252551831393,37.92128584114783,27.184502189433623,33.067495278994535,43.05850092273384,Sp1207+7521
121263.7293775294,None,20.34158358767108,37.3605902540751,27.312661300986736,32.82995739845498,42.12637293775294,Sp1207+7617
-0.5,None,-41.77886208921293,9.768963407109473,-17.94076967044952,-2.2121917650802043,22.03683581565509,Sp1207-3932
372783.8504912313,None,-25.457438244848504,41.425201822065354,1.8461661377194982,23.19167832864373,67.27838504912313,Sp1209+0542
425795.77396258485,None,-22.531224100142758,44.39406826881052,4.134403930949198,25.856183180653,72.57957739625849,Sp1210+1100
356769.11709910526,None,-26.80419470905872,40.96977669253474,0.622836411879419,22.885364948277253,65.67691170991053,Sp1211+0406
1850.0126978543506,None,-35.553279461959505,30.022540242945137,-7.524541647057229,13.89955211061628,48.500126978543506,Sp1211-1304
494039.30139387754,None,-4.846967340261231,51.946294087310946,15.95454529416918,35.484812940075116,79.40393013938775,Sp1213+3900
2703.6327317885325,None,-31.80014931780508,36.001678932831375,-3.8161595214103583,18.81556903154563,57.03632731788532,Sp1213-0432
324264.43546681944,None,-29.535878750020295,39.940256231090366,-1.8879222920204388,22.219949387506016,62.426443546681945,Sp1215+0050
312599.5041638391,None,7.225449048252427,48.091624401828454,22.085226620860066,36.92685288661675,61.25995041638391,Sp1216+5709
321633.3324229028,None,-30.00948754008948,40.10120179048022,-2.360362764112639,22.43446483932086,62.16333324229028,Sp1217+0035
2573.8775206923847,None,-33.730752790071904,36.26373053700183,-5.729812107745521,19.368981648731282,55.73877520692385,Sp1218-0550
551560.8798371848,None,-9.784807202730173,53.240638452775016,12.286407956021778,35.678575317258414,85.15608798371848,Sp1220+3315
345377.6209161383,None,-29.49939812756641,42.32094596977546,-2.108700499007652,24.483235868519852,64.53776209161383,Sp1221+0257
405380.0492010275,None,-25.868023410213862,45.617142885181515,0.8453104044196166,27.274006545136675,70.53800492010275,Sp1221+0857
-0.5,None,-44.48907762320343,6.470361320477392,-22.561517571686704,-3.86274853322689,15.774249556162738,Sp1221-4548
2259.800648063482,None,-36.32478932064814,35.00331420724246,-8.260182915767558,18.64787543401154,52.59800648063482,Sp1223-0858
361.74153414248735,None,-43.29137968033483,20.889871575984927,-16.54947678733381,7.457026918419721,33.61741534142487,Sp1223-2757
18934.901346991195,None,-38.22833039254195,32.57486366784053,-10.15693068754187,16.76777047036727,48.9349013469912,Sp1224-1238
17535.463968107484,None,-39.03988854649304,31.71236154925781,-10.992380659095673,16.14063026650112,47.535463968107486,Sp1225-1402
731.8208053603698,None,-43.29039776957894,24.395394154958318,-15.960904754836653,10.51429963677871,37.3182080536037,Sp1228-2415
394542.9733755961,None,-28.22830727793521,46.84364830074883,-1.5588339317160225,28.67630423368744,69.45429733755961,Sp1229+0752
570168.7128090172,None,-17.090027111928578,54.666303069187386,6.360565548534916,36.176120677264215,87.01687128090171,Sp1232+2528
21716.564088052364,None,-38.57552508112822,35.8417658933582,-10.514791392770446,19.85803940370529,51.716564088052365,Sp1232-0951
-0.5,None,-39.75480931773057,-11.544276110592854,-28.6464184380776,-16.81978452742984,-7.345766203254596,Sp1232-6856
-0.5,None,-45.81341748885479,3.864147347149592,-25.614674979150927,-5.229001449233489,11.25182526901245,Sp1233-5020
448835.5944980818,None,-25.82811143195852,50.82590373927476,-0.11582334109729198,32.33118277509562,74.88355944980817,Sp1235+1318
526900.7229801465,None,-20.862135107905374,54.4304256528869,3.3427447282531255,35.758812741095554,82.69007229801466,Sp1237+2107
35760.680428999134,None,-32.46302591076521,46.69627428792824,-5.528609124994879,29.051307883250278,65.76068042899914,Sp1239+0410
331561.6514051323,None,3.6072926697723715,51.83065890225066,18.38987983789019,40.33313000205396,63.15616514051323,Sp1239+5515
461.49704354394174,None,-46.436270038756554,23.794891267333036,-19.35446112170675,10.790428811934051,34.61497043543942,Sp1239-2658
-0.5,None,-38.27047311735834,-14.62092877414482,-29.455097072117958,-18.819500436405683,-11.488873073569035,Sp1239-7304
-29.666559539929693,None,-47.8640015009112,20.07959479184305,-21.639913117626254,8.0018579075095,29.703334404600703,Sp1241-3152
-0.5,None,-45.72316482361873,-1.0581111578994224,-28.77098635208371,-8.401924103389094,4.227499709841982,Sp1245-5721
38685.87255209138,None,-31.876438465829217,49.732031034808074,-5.484234736648373,31.879193671050874,68.68587255209138,Sp1246+0706
566023.9086592351,None,-14.760667083445645,58.756772813500184,6.632670187871426,40.85451570507045,86.60239086592351,Sp1246+3148
479601.0856361093,None,-8.292069611617276,58.15728806671336,10.809508039940988,42.03064636201751,77.96010856361093,Sp1246+4027
-0.7186305442374774,None,-48.7946576782248,20.811889920219038,-22.47135776455831,8.883240564388112,29.928136945576252,Sp1246-3139
494534.9043012278,None,-9.522156815458986,58.57273296224301,9.95782038116856,42.07219392160435,79.45349043012278,Sp1247+3857
354904.5786235041,None,0.8656103049026322,54.27435268618263,16.05613222755977,42.12706776369675,65.49045786235041,Sp1249+5255
528.6315803057328,None,-48.426129781516,25.61939365095184,-21.14457302465856,12.908851267143856,35.28631580305733,Sp1249-2617
29758.704877935543,None,-38.103923644707095,44.6734618162708,-10.681154710362454,28.061406484077494,59.75870487793554,Sp1250-0149
1022.8474858719402,None,-47.330879467767126,29.85093449620058,-19.51070117064329,16.370226403777117,40.2284748587194,Sp1250-2121
420642.9435492349,None,-4.387774464088635,57.379255816483166,12.792630888773143,43.01492189340289,72.06429435492349,Sp1251+4620
-0.5,None,-50.26539910464295,15.371146929505567,-25.713447781094988,4.876200662644003,22.813799126309764,Sp1251-3846
34446.124511114445,None,-35.74895840195475,48.28003624599901,-8.912979732290774,31.07325249344532,64.44612451111445,Sp1252+0252
-2.3975610845960915,None,-50.048751198811274,21.351490560451467,-23.69630993901264,9.69830152824953,29.76024389154039,Sp1252-3149
478441.3679082439,None,-9.000928109959172,59.33065081172977,9.790885639884833,43.25708303500418,77.8441367908244,Sp1253+4034
-0.5,None,-46.79012836368995,-0.33987870944953275,-29.79987707623922,-7.474719560836903,4.432389830765016,Sp1253-5709
30205.823304456608,None,-38.81850321952144,45.834947229509645,-11.520349832129362,29.30165628727567,60.20582330445661,Sp1254-0122
-0.5,None,-46.11723382202332,-2.2179390247918334,-30.31021446443358,-8.853335943819248,2.118891772536974,Sp1255-5928
18629.970938224942,None,-45.160607551041835,37.31917528177577,-17.098253461986324,22.66185161922828,48.62997093822494,Sp1256-1257
-0.5,None,-51.329987100515055,16.254196340384915,-26.614355484120846,5.917299883032798,23.21310188542957,Sp1256-3822
-0.5,None,-51.296999033767776,11.918532187905866,-28.343357912266704,2.571927462617395,17.980622496218913,Sp1259-4336
50791.3256346872,None,-26.141800612859015,58.90988294920258,-2.4305191566196016,40.27550022532323,80.7913256346872,Sp1300+1912
57737.61787646693,None,-17.49868225989209,61.51698530620287,3.6011309309455894,43.40133025506705,87.73761787646693,Sp1300+3038
1641.4780524029104,None,-47.420816153461,36.398968742546145,-19.340804353045417,22.359070579360306,46.414780524029105,Sp1301-1510
48110.76737793833,None,23.499077394536133,33.76645925039667,26.498684502517698,32.0693228619249,34.81107673779383,Sp1304+8336
51142.24894477199,None,-26.65207855370497,60.119233636793645,-3.223535645477758,41.488310602105,81.14224894477199,Sp1305+1934
52334.99638920844,None,-25.77588993496415,60.58698854265682,-2.611408170633881,41.92277649105908,82.33499638920844,Sp1305+2046
50062.00185956878,None,-12.317817651042029,62.26633858107601,6.490357307264206,45.656951053649315,80.06200185956878,Sp1306+3820
-0.5,None,-48.468289893360904,0.33862023632282634,-31.78753089516888,-6.267277029958485,4.1435697857924065,Sp1307-5726
39017.60384115251,None,-35.80711917565564,54.279632847499045,-10.102654675401505,36.84221191097876,69.0176038411525,Sp1308+0725
35761.14159265468,None,-1.1403973621053975,56.87299958154897,13.362984599360964,45.030269860997485,65.76114159265468,Sp1308+5239
80.79121706845548,None,-52.05511457808738,30.401713390798136,-24.283232351039484,18.11773729575146,38.07912170684555,Sp1309-2330
-0.5,None,-49.92400759443889,2.9760824065721336,-31.866070977242508,-4.046838686743134,6.944761172054266,Sp1309-5438
51898.572925550565,None,-14.441553624408773,63.660731338244304,4.60291984054438,46.60583158600211,81.89857292555057,Sp1311+3629
44934.42115500049,None,-8.836899145438954,61.742328065535666,8.285868172034819,46.692825528910674,74.93442115500049,Sp1311+4328
49081.74446951628,None,-29.250894418889114,60.682422243250734,-5.664337576332783,42.19723678871821,79.08174446951628,Sp1312+1731
-0.5,None,-48.8584982503521,0.27455715537921765,-32.44370928331717,-6.104939082055018,3.7569050221630174,Sp1312-5750
22038.810923043413,None,9.565547289347911,48.01873302122769,19.25977270473765,41.27504937466014,52.038810923043414,Sp1314+6622
-6.2354052915132385,None,-54.66054458133219,23.330410631010718,-28.1781484681771,12.73108311782836,29.376459470848676,Sp1314-3212
55879.665541963135,None,-18.047625013539488,64.78712628366878,1.8496859156041898,46.91173625090165,85.87966554196313,Sp1315+3232
47.596898666425034,None,-54.214472939007436,28.219889895401085,-26.764854656088964,16.79672524201124,34.7596898666425,Sp1315-2649
50401.316916674645,None,-29.0282582388101,62.29792278313627,-5.942910158552577,43.76051144244937,80.40131691667465,Sp1317+1849
39850.92682305258,None,-5.273426975217886,60.293994579206824,10.093600693893238,47.14310521062501,69.85092682305257,Sp1317+4833
15042.81053079371,None,15.053052755145803,42.63654427199977,22.061746159667162,38.21479821954152,45.04281053079371,Sp1318+7322
52458.722110866875,None,-27.860173822981928,63.72805496285639,-5.370128297734249,45.09801633301983,82.45872211086687,Sp1319+2053
35737.9875872041,None,-40.28470260183443,54.30555556970145,-14.409817480211426,37.73861488637296,65.7379875872041,Sp1320+0409
41549.4123358297,None,-36.18259026198285,58.23122396920131,-11.387675601698959,40.72999541653561,71.5494123358297,Sp1320+0957
45771.939930426925,None,-10.447281434124745,63.55057621654372,6.479213546713136,48.350266794530185,75.77193993042692,Sp1320+4238
-0.5,None,-55.787869701857694,17.580888617704165,-31.22662340307523,8.433804937430734,22.315562022148562,Sp1320-3916
24179.749637063465,None,-47.70979833203009,45.503332936593004,-20.20586266408918,31.01731665740399,54.179749637063466,Sp1321-0724
49369.1528092491,None,-13.600035500715098,65.12373228524318,4.223243143972391,48.804965757093115,79.3691528092491,Sp1322+3902
58134.40375294286,None,-20.974460487907553,66.60563112044377,-0.9344610958820307,48.354677292815815,88.13440375294286,Sp1323+3014
36862.85757264318,None,-40.299267650809924,55.89027068709048,-14.77928259907131,39.28429085957275,66.86285757264318,Sp1325+0517
40.959821387930404,None,-56.70378375476281,28.746769825614773,-29.255423769891177,17.98993851456269,34.09598213879304,Sp1326-2729
-0.5,None,-57.24479479781838,20.8368165695888,-31.700384618100603,11.495156485505824,25.347831596263383,Sp1326-3614
33415.57875174926,None,-43.10608361726722,53.73011684488177,-17.04747440701256,37.83481088648726,63.41557875174926,Sp1327+0149
-0.5,None,-57.5823886649769,21.35137854838915,-31.906870846089035,12.020566213518334,25.771932418400258,Sp1327-3549
-0.5,None,-57.03013396029168,15.982700383460065,-33.363298761532754,7.650131280189658,19.80745522418482,Sp1329-4147
51553.201634747165,None,-30.1282135437752,65.6503912381356,-7.9564646989939645,47.12710171745058,81.55320163474717,Sp1330+1958
52960.86778079801,None,-17.468991623924207,67.54878769369937,0.8889379044428374,50.291298521272694,82.96086778079801,Sp1330+3526
26701.310626573493,None,-47.937444210369485,48.78719435868201,-20.900499168120252,34.2605035383113,56.701310626573495,Sp1330-0453
54253.179490776376,None,-18.704587877050056,68.02559382094746,-0.07312905055147066,50.45925848213584,84.25317949077638,Sp1331+3407
30302.753670173643,None,-45.98270577597036,51.97425077986133,-19.534137917112893,36.85489612715583,60.302753670173644,Sp1331-0116
-0.5,None,-46.59889050763102,-5.556558784283489,-34.471904663903835,-10.091659234810292,-3.623298226043348,Sp1331-6513
37004.89413043221,None,-41.54868042627024,57.3099192436359,-16.34255813193801,40.96661987643764,67.0048941304322,Sp1332+0525
47271.54713395645,None,-33.7434146222599,63.93429087974721,-10.68534920911618,45.8731744525311,77.27154713395645,Sp1332+1542
45723.44560180224,None,-11.657296294197563,65.57099468189556,4.625191715774706,50.5985352473544,75.72344560180224,Sp1332+4240
26895.687096366393,None,-48.2764325894316,49.288126305323864,-21.32219622032836,34.84443473821802,56.895687096366395,Sp1332-0441
29321.67183686092,None,-46.99491604210739,51.46508079552211,-20.442485771330926,36.62963338225633,59.32167183686092,Sp1333-0216
-0.5,None,-48.28052740704306,-3.3429453952064625,-35.018565379470616,-8.158373343338136,-1.3627098209269677,Sp1334-6257
50685.77368883851,None,-16.247477781310895,68.2049240953988,1.1585881889713268,51.623276167107754,80.68577368883851,Sp1336+3743
40551.02060218492,None,-7.604025968690913,63.3246942390044,7.020700392295648,50.43797826381553,70.55102060218492,Sp1336+4751
38765.03359751149,None,-6.12628769693257,62.26557335536696,7.955953689704202,50.107891092014874,68.76503359751149,Sp1337+4938
46724.055138485266,None,-13.053915892697567,66.95939727102846,3.1966864349620656,51.73949234260492,76.72405513848527,Sp1338+4140
1294.0625420886533,None,-56.8646593202827,37.939027897576985,-28.78840753077738,26.38881505741079,42.94062542088653,Sp1338-1838
1367.0576754120716,None,-56.73193805974477,38.673136843056994,-28.669293070038435,27.041262063832498,43.67057675412072,Sp1339-1755
39675.989108043126,None,-41.03464416282179,60.72352537645891,-16.74347888600151,44.21476807874247,69.67598910804313,Sp1341+0805
33229.99355439748,None,-1.6596542647905197,58.7573916641044,10.605290068706932,48.926005541440034,63.22999355439748,Sp1341+5510
4002.0147126513293,None,-41.10983548824351,61.32946022710003,-16.991375583886818,44.83720471231331,70.0201471265133,Sp1343+0825
17.48025817328905,None,-60.82899537424073,28.16130517796005,-33.622598194146846,18.748734076091843,31.748025817328905,Sp1343-2950
35291.08488306541,None,-3.814802192810655,60.79733714748503,8.816760373626348,50.36762464815895,65.29108488306541,Sp1346+5306
1517.8532852841001,None,-57.4876291145347,40.70794089642031,-29.510641930998467,29.212886671001367,45.178532852841,Sp1346-1624
-2.2902771996525573,None,-61.56934552072486,26.546839761505346,-34.745694168991776,17.60565173922409,29.770972280034744,Sp1346-3149
3549.277018842253,None,-45.36251974068942,58.656661004222,-20.508240428640413,43.35205080128951,65.49277018842253,Sp1348+0353
2851.763320946253,None,-50.19576261945378,52.74560948232924,-23.9388760308434,38.85732698251792,58.51763320946253,Sp1348-0304
-0.5,None,-60.32468839747898,16.64565551475153,-37.017655735714335,9.357842808399225,19.13638172842657,Sp1348-4227
-0.5,None,-54.986573514890026,5.360690285199145,-37.52946250226436,-0.21677239633125564,7.211269731841105,Sp1348-5423
58420.675482033315,None,-27.03956595450518,72.09777233100681,-7.66323083598542,53.45191252910632,88.42067548203332,Sp1350+2650
-0.5,None,-57.42878818161976,9.086976564217254,-38.0647744953965,3.1056641593593284,10.982055511283745,Sp1351-5036
4035.8739686157223,None,-42.47813115385961,63.30859391812336,-18.965005596678353,47.21190949405296,70.35873968615722,Sp1354+0846
37657.169560854425,None,-6.478136566015633,63.39434794855255,6.41043127417452,52.370205972673816,67.65716956085443,Sp1354+5044
44689.66323174015,None,-12.900453720052946,68.62028893921217,1.7666867431163777,54.72932230572032,74.68966323174016,Sp1356+4342
1338.1933157818466,None,-60.460299683569076,40.00672936577078,-32.44806783733347,29.479571675708634,43.381933157818466,Sp1356-1812
4009.681402978046,None,-43.1229605547016,63.554665060807665,-19.70299060442078,47.66225232526363,70.09681402978046,Sp1357+0830
1694.9408818507393,None,-59.00232081822238,43.411449710142485,-31.265739403896944,32.340103361335295,46.94940881850739,Sp1357-1438
1001.8227327026331,None,-62.115777457560775,37.004888485910634,-34.03696854311593,27.14314462570002,40.01822732702633,Sp1357-2134
-0.5,None,-62.954430184493326,19.091124859397336,-38.94688926017892,12.139169045698939,21.015513327122488,Sp1359-4034
-0.5,None,-54.771930875139084,3.664788987449372,-38.81860304765293,-1.197247195033439,4.991139840544162,Sp1359-5636
40731.85625285204,None,-9.657574845943818,66.3435575257594,3.74684927600242,54.30505562799723,70.73185625285204,Sp1400+4739
46216.339733937784,None,-14.678062015798947,70.29630241536856,0.09119986376802032,55.93743322554124,76.21633973393779,Sp1401+4211
1925.2851818775334,None,-58.53532643572224,45.89695970059102,-31.13204553379686,34.6781678925246,49.25285181877533,Sp1401-1220
2509.7194602155414,None,-55.10859265006582,51.3629256381244,-28.68950958098975,39.10474557858049,55.09719460215541,Sp1402-0630
58270.65529603369,None,-25.581081399708054,75.13924912819013,-7.853846401120729,56.78522774963402,88.2706552960337,Sp1403+3007
4564.599724625495,None,22.761931055926123,34.27715942116833,25.09112720728486,33.15105626542837,34.564599724625495,Sp1405+8350
5681.482396163251,None,-24.614534011757527,75.58484930990345,-7.416160349246153,57.494707365777224,86.81482396163251,Sp1406+3131
-0.5,None,-45.36303497603271,-9.02426669809091,-36.666704953106496,-11.917435154653143,-8.350656603808918,Sp1406-6957
-0.5,None,69.2127028464161,-50.23401794568981,57.4624369586544,-53.38549859745444,69.74922644408531,Sp1407-0800
-0.5,None,-62.69559449863589,15.592502674879333,-40.63098975521954,9.565336995142466,16.999804960241583,Sp1407-4436
-0.5,None,-58.047974377556805,7.368366722390748,-40.509622364713955,2.445330788671313,8.477472740794248,Sp1408-5307
2971.3696142209506,None,-53.17391490693525,56.34677409374653,-28.019624387641223,43.68538886574656,59.71369614220951,Sp1409-0153
-0.5,None,-66.15107815711168,25.951658881626646,-39.775322972750814,18.634886074036807,27.637488794333112,Sp1409-3357
4450.024951358126,None,-13.821038915221289,70.32668709943137,-0.04441671718631924,57.12716915402807,74.50024951358125,Sp1410+4354
-0.5,None,-60.21381087689032,10.44454465595372,-41.053357561288344,5.231707064306859,11.571511562229666,Sp1410-5001
4878.871460564316,None,-17.781934821581014,73.31804477539981,-2.960900367923299,58.18965062840732,78.78871460564316,Sp1411+3936
-0.5,None,-64.7485440834143,18.761638606530944,-41.2980837159837,12.589463755016107,20.062952397646857,Sp1411-4132
4813.739029292688,None,-38.48550168804376,72.03929316623757,-17.98589108739256,54.92571130996784,78.13739029292688,Sp1412+1633
5546.560468841548,None,-32.02973389840704,76.09416030920018,-13.364739235724477,57.550609015550776,85.46560468841548,Sp1412+2354
3100.6922773389183,None,-52.58914656087631,57.77982307520608,-27.852884195566585,45.01654518888929,61.006922773389185,Sp1412-0035
2663.2928477885466,None,-56.148687596574575,53.93342142798112,-30.495942936808078,42.2592192790973,56.632928477885464,Sp1413-0457
4178.296814503665,None,-11.658913115993851,68.74791557405595,1.1419573593468113,57.043442420526844,71.78296814503665,Sp1415+4636
4540.802649160362,None,-41.34513392682009,70.66686542967291,-20.433477737800697,54.49099884028428,75.40802649160362,Sp1416+1348
-0.5,None,-67.78995543729971,24.79916515248503,-41.957656224341115,18.276527844436163,25.96909216401087,Sp1418-3538
5671.133218271999,None,-25.778189399144946,78.43441609150676,-9.557770577085657,60.41288189558497,86.71133218271999,Sp1419+3137
5005.379748270277,None,-37.843374615031514,74.92850699760923,-18.480677685511388,57.70258713994188,80.05379748270276,Sp1421+1827
1529.6928380735571,None,-64.80707766784296,43.7213008251324,-37.23580216760688,34.71325634746356,45.29692838073557,Sp1421-1618
200.80608326830998,None,-68.95945929117376,30.82587686187072,-41.4651997156769,23.733551990212796,32.0080608326831,Sp1421-2935
4006.795181623393,None,-46.76209207831113,67.0823863060606,-24.947623262025687,52.89685086641312,70.06795181623393,Sp1422+0827
4605.022947718828,None,-41.64792834953648,72.25906079344352,-21.43082577871171,56.350577802889156,76.05022947718828,Sp1423+1426
3662.420231123359,None,-7.339312401793001,64.94379002399724,3.7103173452020544,55.92617169566489,66.62420231123359,Sp1423+5146
2349.0131438669364,None,-59.99773567835856,51.71677935772702,-34.03211095366097,41.43637400227116,53.490131438669366,Sp1423-0806
-0.5,None,-69.03237312359833,25.430720578799,-43.07779480006435,19.223717280836684,26.36473507185481,Sp1424-3514
5722.960830556889,None,-31.735561589496207,79.51090661280817,-14.482062059069479,60.88827302551967,87.22960830556889,Sp1425+2540
1403.1794036214392,None,13.72324112194621,43.63947672339042,18.705955318244435,41.05109757650645,44.03179403621439,Sp1425+7422
-0.5,None,-68.84009025119964,23.909034336807647,-43.501002401875944,17.960708126028873,24.76614262330592,Sp1425-3650
2745.268907191398,None,1.0606836467924232,56.61787729624872,9.588312560305946,50.949539429948,57.45268907191398,Sp1427+6056
4553.288243259857,None,-42.58699422681451,72.43719826475643,-22.569379849043724,56.99845867145157,75.53288243259857,Sp1428+1356
5520.746369537735,None,-25.071082340095792,79.72020547292942,-9.887960267740398,62.31788895426462,85.20746369537734,Sp1428+3310
2900.3040078248164,None,-0.45455001027163844,58.14373995698509,8.398344709794964,52.099688147029745,59.00304007824816,Sp1428+5923
2486.1501759279654,None,-59.90591196620102,53.40731919910089,-34.51276795929266,43.336780118424926,54.861501759279655,Sp1428-0644
4155.55517635232,None,-12.33202049756163,69.83083761569422,-0.47222032661711,59.18360740399993,71.5555517635232,Sp1429+4650
-0.5,None,-52.689878575903094,-1.4312731045192182,-41.22338200346901,-4.458785233471321,-1.0677259128283245,Sp1429-6240
2867.404108148,None,-0.23037808224090459,57.908071896138374,8.436364470955695,52.0813190644557,58.67404108148,Sp1430+5943
36.542465662972745,None,-70.98762563189271,29.617769872484654,-43.806012305741405,23.377467177742034,30.365424656629727,Sp1430-3114
1111.653016289045,None,-68.98077904162571,40.20901670407388,-41.05860874683221,32.651523735483316,41.11653016289045,Sp1431-2029
5608.561060201492,None,-33.450374651251224,80.6806125742182,-16.512261932847274,62.28625180113798,86.08561060201492,Sp1433+2432
800.8765491998936,None,-70.88046719504098,37.299529416965214,-42.804260613136606,30.423202613643326,38.008765491998936,Sp1434-2335
805.7830292514858,None,-70.9109809683116,37.355782110134534,-42.83584806840182,30.48980438350109,38.05783029251486,Sp1435-2333
5935.2857674507395,None,-29.532519525197316,82.31525600334706,-13.923740466079684,63.75231203386148,89.35285767450739,Sp1436+2900
-0.5,None,-57.61671410091405,3.9627634488658345,-43.679285846348705,0.6980189508602634,4.254316633076008,Sp1436-5721
2425.181141517113,None,3.689443779960311,53.8542721067754,10.912691344662234,49.58532304275381,54.251811415171126,Sp1438+6408
5107.696234526509,None,-38.67675309402355,78.54800019939037,-21.0081069192263,61.99545471917761,81.07696234526509,Sp1439+1929
3489.1705826744655,None,-53.79037952450696,64.05362108953064,-32.13416099018743,53.30410977357911,64.89170582674465,Sp1443+0316
5835.236282755331,None,-29.155896743839403,83.92115100477193,-14.451907587665758,65.59448472024125,88.3523628275533,Sp1444+3002
1128.9526286363846,None,-71.55751874466281,40.87243696308103,-43.80418841119297,34.34898886339557,41.289526286363845,Sp1444-2019
2359.307481549996,None,4.079963235244263,53.3665661474663,10.805660297998335,49.625647847153374,53.59307481549996,Sp1445+6447
3201.9943628752394,None,-56.608358247550214,61.39747293495008,-34.33463155314064,51.6179551216769,62.019943628752394,Sp1446+0024
-0.5,None,-71.27968383754097,21.506752053003463,-47.757232520405054,17.166385565267383,21.73640476071324,Sp1446-3952
3480.0995302585065,None,-6.775937642886931,64.42804076455128,2.414498096560383,57.87573798000219,64.80099530258506,Sp1447+5335
-35.836150622147755,None,-74.39101419515507,29.391599510013805,-47.38225941234688,24.384608033423877,29.641638493778522,Sp1447-3158
4904.432446972646,None,-20.657111337216058,78.27234972602467,-8.59374343326632,65.67543966084094,79.04432446972646,Sp1450+3920
3718.2501329466236,None,-9.18460186289712,66.8439874094346,0.3471698524980966,59.74148426542079,67.18250132946623,Sp1450+5112
-0.5,None,-73.29021593924047,23.910594573925096,-48.66829978336954,19.675170802740116,24.067350638335945,Sp1451-3732
4538.113602882345,None,-45.19179978586326,74.82646073019548,-27.303026337291755,62.04058532685817,75.38113602882345,Sp1453+1346
4594.166456492667,None,-44.67499055600254,75.37739895423886,-26.945983911991533,62.39034345708356,75.94166456492667,Sp1453+1420
5081.233027631591,None,-22.532203743187306,80.1406747756335,-10.301436486690271,66.74224128798912,80.8123302763159,Sp1453+3733
-0.5,None,-50.91257543861103,-4.509826951196693,-42.30382961015134,-6.418276026620235,-4.4608848240909404,Sp1454-6604
5786.511843221352,None,-33.4116306378153,85.88399413916628,-18.77301382123677,67.50336301011394,87.86511843221352,Sp1455+2619
509.2597409875424,None,-76.43978075148014,34.99272120788119,-48.384379498683955,30.19183933224896,35.092597409875424,Sp1456-2631
382.3206066585925,None,-76.41502595872646,33.71322160870331,-48.46868793075497,28.956593827122678,33.823206066585925,Sp1456-2747
345.4000489413886,None,-76.58068312032628,33.353357843806855,-48.67875783500664,28.67895775729523,33.454000489413886,Sp1456-2809
4310.026118476655,None,-15.22152225761168,72.88697432468963,-4.928102401723649,64.20261888347434,73.10026118476655,Sp1457+4517
3173.1804540986154,None,-4.16928670146221,61.63014449215822,3.7460063527709853,56.78821580514515,61.731804540986154,Sp1457+5639
5965.579558617644,None,-31.361664098032403,87.19836165093658,-17.56100863704857,68.56901768205651,89.65579558617644,Sp1458+2839
3769.1819706871484,None,-52.915598075983695,67.52729203580421,-33.50147651777824,58.05439045168704,67.69181970687148,Sp1459+0604
5104.665028025738,None,-40.351381535636676,80.76250949564152,-24.60495697850706,66.48308974338765,81.04665028025738,Sp1500+1927
4604.32261923853,None,-18.229397095214033,75.89771230690684,-7.5535230432367655,66.18598063536432,76.0432261923853,Sp1500+4219
3094.879473945937,None,-59.21706879443914,60.85022909354143,-37.886392255772286,53.036413163638464,60.94879473945937,Sp1500-0039
5440.404580671387,None,-37.14641517581473,84.01518774721517,-22.260382408578927,67.92722295508207,84.40404580671387,Sp1501+2250
-0.5,None,-73.54213791485682,21.530468074320584,-50.73164998586491,18.181365370800684,21.55889546545683,Sp1501-4003
768.7505898434033,None,-77.28653857529603,37.664163412866856,-49.316324685559664,33.23906697771287,37.68750589843403,Sp1504-2355
1789.5995378363764,None,9.148124044073686,47.88932428309742,13.772004832049738,45.993167868512245,47.895995378363764,Sp1506+7029
151.53373546997742,None,-73.55277559436077,45.15337354699774,-47.506945500063324,40.36183607800815,45.15337354699774,Sp1507-1627
116.02036498899935,None,-75.92712811813736,41.602036498899935,-48.78400184291868,37.11466902946297,41.602036498899935,Sp1507-2000
-0.5,None,-77.77348058912912,26.861332110446284,-52.13811572744017,23.626321904832096,26.861332110446284,Sp1508-3445
120.85219464873227,None,-75.97776161523193,42.08521946487323,-49.04283833622774,37.73819672139966,42.08521946487323,Sp1509-1932
27.338081405023757,None,-79.51010816750262,32.733808140502376,-51.67231642857505,29.166708127527944,32.733808140502376,Sp1509-2853
33.16397453776737,None,-79.70292403704984,33.31639745377674,-51.76541326881289,29.781951930311642,33.31639745377674,Sp1510+2818
5205.194485312273,None,-24.490320368869064,82.05194485312273,-13.38785674359917,70.28726545479049,82.05194485312273,Sp1510+3619
289.3408217357865,None,-62.067804174831,58.93408217357865,-41.068190554277,52.74544933958903,58.93408217357865,Sp1510-0241
198.34112575567275,None,-70.18945163645829,49.834112575567275,-45.98275600623923,44.82857390288332,49.834112575567275,Sp1510-1147
33.17929942094892,None,-79.70238273428312,33.31792994209489,-51.76465864506581,29.783201067619068,33.31792994209489,Sp1510-2818
5430.883735378322,None,-26.799719371331893,84.30883735378322,-15.434888364124234,71.30432786218054,84.30883735378322,Sp1512+3403
210.74612044410955,None,-69.39402113750648,51.074612044410955,-45.83883690444184,46.1776068382074,51.074612044410955,Sp1512-1032
88.86518685659283,None,-78.73067407613279,38.88651868565928,-51.1038490648403,35.22236612777955,38.88651868565928,Sp1513-2243
5524.655890186372,None,-37.043368210544216,85.24655890186372,-23.659012475003962,71.07172418153074,85.24655890186372,Sp1514+2341
87.046461097123,None,-78.99099695162829,38.7046461097123,-51.34410836381393,35.13040959715112,38.7046461097123,Sp1514-2254
3957.488619132769,None,-12.38339604923697,69.57488619132769,-4.023240715410769,64.29848052997653,69.57488619132769,Sp1515+4847
310.8168634026492,None,-60.528460758685235,61.081686340264916,-40.85492521271098,55.313781555712374,61.081686340264916,Sp1515-0030
412.76487660699604,None,-50.790373677800495,71.2764876606996,-34.25995016797554,63.62724251641218,71.2764876606996,Sp1516+0942
83.43781298038472,None,-79.4421888220197,38.34378129803847,-51.748165866117766,34.9178264948654,38.34378129803847,Sp1516-2315
-0.5,None,-65.58432962075928,10.14065167306347,-51.12273974002998,8.334023552841312,10.14065167306347,Sp1517-5128
-0.5,None,-79.940154920147,27.461939027087315,-54.25841110948168,24.94488165527439,27.461939027087315,Sp1519-3407
-0.5,None,-43.70725614711327,-12.652188668114418,-39.40989078730971,-13.39463032081136,-12.652188668114418,Sp1519-7416
-0.5,None,-78.93631406179362,25.59766183626548,-54.452493051302916,23.23251514139474,25.59766183626548,Sp1520-3559
374.16269188844876,None,-10.463288003086484,67.41626918884488,-2.899962900464049,63.38722096136923,67.41626918884488,Sp1521+5053
77.44320363931337,None,-81.07435046004265,37.74432036393134,-53.41738870023661,34.97458249290674,37.74432036393134,Sp1523-2347
569.434574989089,None,-33.01482950585915,86.9434574989089,-21.661007614810227,74.34749053521207,86.9434574989089,Sp1524+2812
569.0556501104502,None,-31.79544173053954,86.90556501104501,-20.624074693302937,74.28182045043738,86.90556501104501,Sp1524+2925
267.56484085229823,None,0.027496750203000245,56.75648408522982,5.518030696232831,54.753097697891334,56.75648408522982,Sp1524+6132
-0.5,None,-66.27271162958169,10.389982341912155,-52.35112959643572,8.962122416882474,10.389982341912155,Sp1525-5110
516.0987827153623,None,-40.45270403530058,81.60987827153623,-27.693132380191777,72.40144795028749,81.60987827153623,Sp1526+2043
221.191454724896,None,-69.75020184955595,52.1191454724896,-48.25188086188274,48.82125592302162,52.1191454724896,Sp1527-0918
23.326239706774174,None,-83.7197290393113,32.33262397067742,-55.886417344250454,30.34777046044036,32.33262397067742,Sp1529-2907
405.11679645744977,None,-51.76353655745956,70.51167964574498,-36.84789597837012,65.59958758064067,70.51167964574498,Sp1530+0926
-0.5,None,-64.04870443285904,7.8092813980938764,-52.034314522176984,6.720198797505101,7.8092813980938764,Sp1530-5342
474.24712770940073,None,-44.620572274308536,77.42471277094008,-31.550314802619834,71.05152460397481,77.42471277094008,Sp1531+1641
430.1711189828136,None,-49.061491068483974,73.01711189828136,-35.43494351745402,68.54153632440092,73.01711189828136,Sp1534+1219
169.1955443746727,None,-75.11488675149113,46.91955443746727,-52.447320119720466,44.847946317224114,46.91955443746727,Sp1534-1418
-0.5,None,-68.53588739156804,12.220682383654882,-54.40894451289395,11.20549720726644,12.220682383654882,Sp1534-4914
541.3687147662732,None,-31.5629834788515,84.13687147662732,-21.7727170819223,76.98529381903155,84.13687147662732,Sp1536+2959
-0.5,None,-77.60613840581215,21.451596560554165,-57.4640346087481,20.39449240751229,21.451596560554165,Sp1537-3954
136.15546854563343,None,12.901037956350583,43.61554685456334,15.62041378520478,43.168936890831894,43.61554685456334,Sp1539+7437
255.78808993586193,None,-66.71547437894809,55.57880899358619,-48.53043876486965,53.6718891783605,55.57880899358619,Sp1539-0520
435.1682392913605,None,-17.868120474375587,73.51682392913605,-10.622656258119576,70.94339066106312,73.51682392913605,Sp1540+4347
49.39823809807223,None,-85.69984313418512,34.93982380980722,-57.827592705457775,33.81793566758221,34.93982380980722,Sp1540-2613
-0.5,None,-66.99693530609416,10.32894281039108,-54.64186169670322,9.697618805611274,10.32894281039108,Sp1540-5101
513.774815141994,None,-28.660827980364594,81.3774815141994,-20.195779714866628,78.04898267868658,81.3774815141994,Sp1544+3301
430.6935541134763,None,-17.862894121944247,73.06935541134763,-11.055858805349926,71.47950270786228,73.06935541134763,Sp1545+4350
353.23137637278774,None,-9.481536617131205,65.32313763727878,-3.8061582574477506,64.29272293228465,65.32313763727878,Sp1545+5214
80.28791159734972,None,-84.03946362529153,38.02879115973497,-58.13000768763531,37.312405822556556,38.02879115973497,Sp1545-2255
-0.5,None,-52.06034317039781,-4.739246179672212,-46.49109623885036,-4.975989015292324,-4.739246179672212,Sp1545-6608
-0.5,None,-62.59424840165421,5.700757933081966,-53.15762763783381,5.417112884011369,5.700757933081966,Sp1546-5534
174.30321522353472,None,-74.8515681607006,47.43032152235347,-54.52766766790684,46.71439922741496,47.43032152235347,Sp1547-1317
64.9188188340436,None,-85.57271921530646,36.49188188340436,-59.00528216969813,35.992789804031354,36.49188188340436,Sp1547-2423
140.97610765522353,None,-78.19167556159319,44.097610765522354,-56.49832925820975,43.6315267698133,44.097610765522354,Sp1548-1636
-0.5,None,-78.21138890309172,21.122583187409013,-59.79901058522954,20.891207016245954,21.122583187409013,Sp1549-3954
360.50822236353054,None,-55.43441607001573,66.05082223635306,-42.449754983914104,65.38969386049939,66.05082223635306,Sp1550+0616
326.80787165321243,None,-7.054105741446052,62.68078716532124,-2.1458318182316063,62.435239516685755,62.68078716532124,Sp1551+5442
228.91695105127468,None,3.1950435449157664,52.89169510512747,6.8314266873285,52.713427204751326,52.89169510512747,Sp1551+6457
43.30419912673321,None,-87.85584617806464,34.33041991267332,-60.54797721838794,34.28870734594976,34.33041991267332,Sp1552-2623
426.0298509301508,None,-47.74024306701388,72.60298509301508,-36.96717007809796,72.55744638887185,72.60298509301508,Sp1553+1400
446.73620326833856,None,-45.09030570325214,74.67362032683386,-34.92380327359935,74.81574217210593,74.67362032683386,Sp1554+1639
387.9212104327101,None,-51.85581063019432,68.79212104327101,-40.53211333838314,69.23105486450383,68.79212104327101,Sp1555+0954
202.27131773741405,None,-71.68687069462776,50.227131773741405,-54.36565296643048,50.46789054560391,50.227131773741405,Sp1555-0956
450.4015909346572,None,-43.88516025300406,75.04015909346572,-34.415866528030534,76.29245287142899,75.04015909346572,Sp1557+1752
281.1407725129069,None,-2.524927572431422,58.11407725129069,1.4333908501669812,58.41877763422291,58.11407725129069,Sp1557+5914
78.55005661862137,None,-84.17747280832128,37.85500566186214,-61.054576284593075,38.46382423213013,37.85500566186214,Sp1559-2226
74.01361033883873,None,-84.64283654784425,37.40136103388387,-61.19667210656416,38.0042619008712,37.40136103388387,Sp1559-2254
458.47609776439367,None,-41.983146381509904,75.84760977643937,-33.2157251423878,78.18056896843525,75.84760977643937,Sp1600+1946
-16.030283684523354,None,-86.09581114352305,28.396971631547665,-62.8509044412669,28.982637879430634,28.396971631547665,Sp1600-3205
-0.5,None,-72.51149320766918,15.062453992733603,-59.8461745393344,15.4904951335856,15.062453992733603,Sp1600-4543
-0.5,None,-83.27926803834526,25.60693707082973,-62.85595911153369,26.20898349472234,25.60693707082973,Sp1601-3455
304.6142983099651,None,-60.20309021288623,60.46142983099651,-48.08246311525232,62.02485693343837,60.46142983099651,Sp1602+0131
246.48247326094506,None,0.946241636007353,54.648247326094506,4.235463092647105,55.21676994854247,54.648247326094506,Sp1602+6242
61.30925054080869,None,-85.626944461101,36.13092505408087,-62.225278087196,37.01797859008823,36.13092505408087,Sp1602-2401
22.373953532008386,None,-88.90604628975103,32.23739535320084,-62.96350647372647,33.026225382373276,32.23739535320084,Sp1602-2803
-0.5,None,-83.22317098819092,25.530229962907363,-63.14752820880678,26.23815388787004,25.530229962907363,Sp1602-3455
370.24990145123195,None,-52.58013111083044,67.0249901451232,-42.5026005378905,69.41053580085635,67.0249901451232,Sp1604+0908
-27.129810019788252,None,-84.97676142816312,27.287018998021175,-63.60777478787379,28.143811358409366,27.287018998021175,Sp1604-3303
446.71102303675156,None,-42.19999460442584,74.67110230367516,-34.132998444765825,78.8082609585338,74.67110230367516,Sp1605+1931
431.0464627345209,None,-20.826666958023296,73.10464627345209,-15.51066855312941,76.05955700311002,73.10464627345209,Sp1606+4054
24.238335525026862,None,-66.34524771409583,54.23833552502686,-53.38320140563082,56.24328377819632,54.23833552502686,Sp1607-0442
14.324654552869667,None,-76.75452632558839,44.32465455286967,-59.775137760747995,45.913947669775986,44.32465455286967,Sp1607-1512
444.7362482401179,None,-41.72864818884785,74.4736248240118,-34.05871507248573,79.50656911061448,74.4736248240118,Sp1608+1957
24.176456398052473,None,-66.34913207389499,54.17645639805247,-53.486528770568626,56.25205041525346,54.17645639805247,Sp1608-0443
466.13691516608185,None,-36.73828434077731,76.61369151660818,-29.833274575762374,83.06981344910079,76.61369151660818,Sp1609+2457
-0.5,None,-83.2078926806501,25.594462941122117,-64.63136700693606,26.832356903275596,25.594462941122117,Sp1609-3431
22.227140043744214,None,-68.05618713973105,52.227140043744214,-55.252359347799874,54.60678836779241,52.227140043744214,Sp1610-0631
-0.5,None,-79.41558651656777,21.730123032253307,-64.36823367274134,23.027145144866175,21.730123032253307,Sp1611-3823
6.268368094867803,None,-83.88500307957247,36.2683680948678,-64.26569847295671,38.13105506407086,36.2683680948678,Sp1613-2313
25.262680927027162,None,-64.29589103960282,55.26268092702716,-53.28945637699586,58.37262020453917,55.26268092702716,Sp1614-0250
32.70346138011317,None,-55.70438483816094,62.70346138011317,-46.857694615909864,66.92000369560493,62.70346138011317,Sp1615+0546
443.84952110060954,None,-25.638538286101,74.38495211006095,-20.719109650162853,81.23281528164144,74.38495211006095,Sp1615+3558
33.97460268458467,None,-54.037365525249506,63.97460268458467,-45.63475614393301,68.58146031897373,63.97460268458467,Sp1616+0725
-0.5,None,-64.48395999050543,6.883748133949865,-57.812491044923014,8.018734984873927,6.883748133949865,Sp1616-5331
27.974033200113162,None,-60.45497717384573,57.97403320011316,-51.34341320058503,62.20540812512753,57.97403320011316,Sp1619+0050
23.330529940061894,None,-65.42813901000035,53.33052994006189,-55.355990938737726,57.16267553543098,53.33052994006189,Sp1620-0416
23.527202922635773,None,-65.04813746366885,53.52720292263577,-55.27181988047363,57.52337255855518,53.52720292263577,Sp1621-0356
-0.5,None,-79.78237622928054,22.40614083819512,-66.40846212207988,24.370317165333034,22.40614083819512,Sp1621-3711
-0.5,None,-46.25580248995105,-10.991710161973904,-44.20393558462754,-10.229447353238854,-10.991710161973904,Sp1621-7151
34.76225568696162,None,-11.977409120502656,64.76225568696162,-8.843076355492629,68.61580703135499,64.76225568696162,Sp1622+4934
22.16641453035119,None,-66.06067813333513,52.16641453035119,-56.59003523614425,56.39351297549519,52.16641453035119,Sp1623-0508
10.442951737759799,None,-78.13538541644246,40.4429517377598,-64.46247459235511,43.57812000573799,40.4429517377598,Sp1623-1758
10.520084188657776,None,-77.64808936193535,40.520084188657776,-64.7638823325716,43.8858346028907,40.520084188657776,Sp1625-1742
41.57461941733763,None,-40.067316602060885,71.57461941733763,-34.96792099954865,82.51708749835664,71.57461941733763,Sp1626+2113
42.878294120980854,None,-36.10007762255156,72.87829412098085,-31.443235783888003,86.2098472933144,72.87829412098085,Sp1626+2512
20.57989827151868,None,-67.39333912480116,50.57989827151868,-58.03681513085441,54.91421640288249,50.57989827151868,Sp1626-0639
-0.5,None,-78.31391774502201,21.097468784796458,-67.21881064308106,23.4148303692371,21.097468784796458,Sp1626-3812
6.760532109842941,None,19.390992194442223,36.76053210984294,20.131416847249906,37.2551251589599,36.76053210984294,Sp1627+8105
4.086505296653648,None,-82.30576704666777,34.08650529665365,-67.73601137728744,37.184892515872846,34.08650529665365,Sp1627-2425
32.386786884510784,None,-53.38190837365927,62.386786884510784,-47.094088683056974,69.19431549793327,62.386786884510784,Sp1628+0737
6.740959447763096,None,-79.86699980138684,36.740959447763096,-67.3464857424954,40.30401615052976,36.740959447763096,Sp1630-2120
42.28734324205362,None,-28.78729034589602,72.28734324205362,-25.2514810025127,85.75902032641906,72.28734324205362,Sp1631+3227
41.39830932738808,None,-26.1309667550946,71.39830932738808,-22.957153440040692,83.22765709132092,71.39830932738808,Sp1632+3505
19.895432986940435,None,-66.73070473108847,49.895432986940435,-59.131612389834096,55.11781905598493,49.895432986940435,Sp1632-0631
-0.5,None,-49.73477500476916,-7.738673112459627,-47.89751157848957,-6.48587002519635,-7.738673112459627,Sp1633-6808_1
-0.5,None,-49.734405083526426,-7.739144746117749,-47.89793318852595,-6.486004875705508,-7.739144746117749,Sp1633-6808_2
-0.5,None,-42.155501521487096,-15.069625372682916,-41.098053630563186,-14.228394842567882,-15.069625372682916,Sp1633-7553
25.359232653610064,None,-59.57324441698027,55.359232653610064,-54.25090358306856,62.274409968227125,55.359232653610064,Sp1637+0037
40.45862776269608,None,-25.494631859599565,70.45862776269608,-22.78909166650602,82.74876748205608,70.45862776269608,Sp1637+3535
-0.5,None,-78.99755548104994,23.528426241371708,-70.57508315414368,26.90653120253812,23.528426241371708,Sp1639-3444
-0.5,None,-78.71599433661055,23.33201327020229,-70.80827447694061,26.794990583333256,23.33201327020229,Sp1640-3451
-0.5,None,-77.1683303016347,21.26552767788154,-70.59136710910109,24.72709258670568,21.26552767788154,Sp1642-3654
39.40153039222672,None,-30.589767369731415,69.40153039222672,-28.578931268591916,87.34829503591958,69.40153039222672,Sp1645+3004
22.758068436643306,None,-60.64649921177908,52.758068436643306,-56.83894366105223,60.362801963990606,52.758068436643306,Sp1645-0112
12.46414902995042,None,-71.40179318183779,42.46414902995042,-66.09402738730307,48.26569849601225,42.46414902995042,Sp1645-1319
39.16534073146215,None,-30.33339038572143,69.16534073146215,-28.463372544201288,87.02965186145015,69.16534073146215,Sp1646+3016
38.7921315035252,None,-26.125809699615516,68.7921315035252,-24.408211955282635,83.38323769934355,68.7921315035252,Sp1646+3434
31.628724022261927,None,-10.699371256336908,61.62872402226193,-9.431867912187741,67.9353275156956,61.62872402226193,Sp1646+5019
36.57882728525718,None,-19.5407514890373,66.57882728525718,-18.089898333055114,76.8696907051338,66.57882728525718,Sp1647+4117
23.13683695145206,None,-59.448423722661,53.13683695145206,-56.38317817933079,61.2984101601841,53.13683695145206,Sp1648-0012
-2.114185335766706,None,-78.82398159390858,27.885814664233294,-73.09585293656534,32.36417544274651,27.885814664233294,Sp1648-2913
26.851738812259285,None,-54.75922128822856,56.851738812259285,-52.17161786123377,66.20494114414602,56.851738812259285,Sp1649+0444
38.493809386504935,None,-32.06687158310079,68.49380938650494,-30.448035741338348,87.15678801970716,68.49380938650494,Sp1649+2822
-0.5,None,-56.56609432175737,-1.1363573486028538,-55.49272981148681,1.1714657490469447,-1.1363573486028538,Sp1650-6026
22.551210701199324,None,-58.77000155795854,52.551210701199324,-56.829554457625505,61.36453842894544,52.551210701199324,Sp1653+0000
21.980530320267356,None,1.4516341380056765,51.980530320267356,1.9634766345114065,55.70237054402695,51.980530320267356,Sp1653+6231
36.424850121682354,None,-22.62811229466612,66.42485012168235,-21.8741616801703,79.78148813846738,66.42485012168235,Sp1654+3747
-0.5,None,-74.48513917301794,19.081099930477166,-72.11155282879443,23.20794289097953,19.081099930477166,Sp1654-3818
15.40736457719445,None,-65.90371320204288,45.40736457719445,-64.16134298061459,52.962279146026326,45.40736457719445,Sp1655-0823
10.22331517710041,None,-70.5477144161653,40.22331517710041,-68.778775096159,46.993376424508135,40.22331517710041,Sp1656-1422
4.643057358383437,None,-74.66937898957501,34.64305735838344,-72.63301874773677,40.63327547428255,34.64305735838344,Sp1656-2046
29.575130315315853,None,-48.253423008001235,59.57513031531585,-47.491408784292105,71.85202424638902,59.57513031531585,Sp1657+1054
14.138125311296776,None,-66.75475024316981,44.138125311296776,-65.39549165770212,51.65134749715561,44.138125311296776,Sp1657-0940
29.638659745171886,None,-9.564588005751844,59.638659745171886,-9.28475301757372,66.89215576629788,59.638659745171886,Sp1658+5103
15.307025986333798,None,9.27748342086044,45.3070259863338,9.482410057374453,47.782361434417325,45.3070259863338,Sp1658+7027
35.9870810158631,None,-24.834282359832606,65.9870810158631,-24.589246762904963,81.45509632821165,65.9870810158631,Sp1659+3515
7.573653839986392,None,-71.65487758392108,37.57365383998639,-71.16056784764521,44.368761209073384,37.57365383998639,Sp1700-1654
-0.5,None,-74.535612799291,33.0243078050354,-74.0630584148772,39.191674932390335,33.0243078050354,Sp1700-2207
3.7123894771120263,None,-73.99499393176639,33.712389477112026,-73.79487200944499,40.037717862424095,33.712389477112026,Sp1701-2115
-0.5,None,-60.162921139553475,2.608875155176077,-60.36180489616097,5.7574235752764915,2.608875155176077,Sp1702-5542
-0.5,None,-61.910302432042876,46.461317004321614,-62.97117157408381,55.62468053490099,46.461317004321614,Sp1705-0516
-0.5,None,-65.07872033357218,43.35628196347976,-66.25127042024167,51.820720993915295,43.35628196347976,Sp1705-0909
-0.5,None,-60.800371824186726,3.3407653482520034,-61.47309616422923,6.717742240659346,3.3407653482520034,Sp1705-5441
-0.5,None,-67.974827120413,39.82942272170728,-69.68650211974843,47.750493872121844,39.82942272170728,Sp1706-1314
-0.5,None,-16.946628947108184,62.40837804976129,-17.4439122393118,74.01350603901726,62.40837804976129,Sp1707+4301
-0.5,None,3.8882695375672762,49.35901059327939,3.6496319195520903,53.353127077451916,49.35901059327939,Sp1707+6439
-0.5,None,-62.26616139487842,45.671187043822854,-63.76936203590424,54.86463015781836,45.671187043822854,Sp1707-0558
-0.5,None,-69.4497100241194,13.664615824002732,-71.29000968597082,18.227262191657157,13.664615824002732,Sp1708-4302
-0.5,None,-44.73265305033393,-12.85860077568524,-45.217104530036956,-10.953969064915796,-12.85860077568524,Sp1709-7226
-0.5,None,-31.144457941198404,63.7595065709341,-32.20840043722227,82.42226651152242,63.7595065709341,Sp1710+2758
-0.5,None,-19.157194054191553,62.52008877246679,-20.09731355470223,75.83099032953837,62.52008877246679,Sp1711+4028
-0.5,None,-59.47441191031325,46.939896736624256,-62.030091744579465,57.10837881894579,46.939896736624256,Sp1712-0323
-0.5,None,-73.41618595106806,26.790353328869948,-78.34459149497889,33.26226061419245,26.790353328869948,Sp1712-2742
-0.5,None,-45.563651072105365,57.140825387726906,-47.621694471649995,71.60677810329501,57.140825387726906,Sp1713+1211
-0.5,None,-70.48738058226151,16.041485783009982,-74.25573685584449,21.232481547127392,16.041485783009982,Sp1713-3952
-0.5,None,-50.343391636563894,53.733840402692216,-52.80332889872308,66.62378569227455,53.733840402692216,Sp1714+0648
-0.5,None,-28.601467893360283,63.044343826625074,-30.142165443221383,81.32980868258007,63.044343826625074,Sp1714+3019
-0.5,None,-67.85393294993237,37.04067216236294,-72.51328333813136,45.38691014768033,37.04067216236294,Sp1715-1515
-0.5,None,-70.40137563736585,16.23325913146018,-74.75758394429461,21.56576731643154,16.23325913146018,Sp1715-3928
-0.5,None,-58.732042512800724,46.298629662975706,-62.38348338510603,56.931087615620505,46.298629662975706,Sp1716-0315
-0.5,None,0.9194074136619521,50.9929861850726,0.019945188090024595,56.40724117677619,50.9929861850726,Sp1717+6112
-0.5,None,4.932702370837011,48.077606993500225,4.200822668268073,52.354237641542795,48.077606993500225,Sp1717+6526
-0.5,None,-33.08684709312484,-23.940038700597775,-33.35807732037024,-23.24886929635575,-23.940038700597775,Sp1717-8449
-0.5,None,7.447295518614832,46.08819049434872,6.7390059778834805,49.80726854836527,46.08819049434872,Sp1718+6802
-0.5,None,-68.77504985189937,14.111901073303807,-73.71986136138585,19.43494632535006,14.111901073303807,Sp1718-4131
-0.5,None,-65.68240799622292,9.626379086625786,-69.52857087683739,14.410436562947277,9.626379086625786,Sp1718-4637
-0.5,None,-64.9688498369988,8.732103994285158,-68.71441383683973,13.435229764853206,8.732103994285158,Sp1719-4736
-0.5,None,-14.5836901481706,59.59020916553798,-16.215947480170733,71.35630173466626,59.59020916553798,Sp1720+4446
-0.5,None,-69.97008545673214,30.75358172849078,-78.12820332530272,38.6495258695575,30.75358172849078,Sp1721-2149
-0.5,None,-21.346370489419765,60.98582030516779,-23.55460874100904,76.59255088387603,60.98582030516779,Sp1723+3724
-0.5,None,-58.06169631258259,43.92215192995553,-64.2206839859889,55.22701274939512,43.92215192995553,Sp1726-0415
-0.5,None,-70.34413452966308,25.252211119032317,-81.40071599462095,32.72906090601842,25.252211119032317,Sp1726-2737
-0.5,None,-55.38275334124325,45.85004694502381,-61.4409849783005,57.95869347027891,45.85004694502381,Sp1727-0111
-0.5,None,-47.09448204955857,52.22207845491445,-51.95037967420665,66.81590724707823,52.22207845491445,Sp1728+0839
-0.5,None,14.582898014756404,40.071370825080315,13.77568493667239,42.574117463166594,40.071370825080315,Sp1728+7518
-0.5,None,-20.244406775998034,59.61639885964911,-23.08235476325278,75.15704343087282,59.61639885964911,Sp1729+3805
-0.5,None,1.6572583352994392,49.77263146283876,0.124960774034888,55.66841735397845,49.77263146283876,Sp1729+6131
-0.5,None,-40.028712409765795,55.636547791125295,-44.59790497927147,72.5513558817078,55.636547791125295,Sp1731+1619
-0.5,None,-30.019985901565484,59.0667070802379,-33.75093426976696,77.7284245505694,59.0667070802379,Sp1731+2721
-0.5,None,-27.439170853622503,59.23559761521795,-31.089971277217437,77.59290125714067,59.23559761521795,Sp1732+3004
-0.5,None,-30.886815438557996,58.52202669674739,-34.8920798099616,77.19990655164474,58.52202669674739,Sp1733+2615
-0.5,None,-25.817910302891857,59.134813789627735,-29.473246166679854,77.12893407303525,59.134813789627735,Sp1733+3144
-0.5,None,-65.16161414496871,33.0759951649723,-76.46135831296597,42.64863880062516,33.0759951649723,Sp1733-1654
-0.5,None,-60.11934663018165,39.2371991077036,-69.17641097121248,50.271570577821755,39.2371991077036,Sp1734-0849
-0.5,None,-62.065006528450084,36.88655271033193,-72.03430501999912,47.388128140318365,36.88655271033193,Sp1734-1151
-0.5,None,-68.59424237823542,24.674123063841108,-83.0198478434254,32.73807939568358,24.674123063841108,Sp1734-2711
-0.5,None,-53.1217376273825,45.4245421480136,-60.6089239779103,58.464997589501294,45.4245421480136,Sp1735+0012
-0.5,None,-30.384058900458015,58.10529199190398,-34.642198158036415,76.78290479249526,58.10529199190398,Sp1735+2634
-0.5,None,-68.49821019556403,24.10430001638568,-83.27896593674143,32.14083153819719,24.10430001638568,Sp1735-2745
-0.5,None,-63.64804071593952,8.54437677646976,-71.19392659553299,14.250591170726857,8.54437677646976,Sp1735-4611
-0.5,None,-68.01772504923896,18.387328581002134,-81.32339697571327,25.616992258693365,18.387328581002134,Sp1736-3425
-0.5,None,-11.358768896080655,55.97789081475132,-14.343664386691465,67.74064391179806,55.97789081475132,Sp1737+4705
-0.5,None,-31.47780103579476,56.80780954099882,-36.42101702949369,75.45716086707826,56.80780954099882,Sp1739+2454
-0.5,None,-3.4115076396002553,52.04290244351623,-5.97897709199557,60.49283127900576,52.04290244351623,Sp1739+5532
-0.5,None,-44.46453298314366,50.01004777400182,-51.59274165237232,65.77299659979313,50.01004777400182,Sp1741+0940
-0.5,None,-36.623022751424266,53.78689968156448,-42.86018812710953,71.66872435156013,53.78689968156448,Sp1743+1832
-0.5,None,-34.09955149481878,54.86764049128554,-39.97150876226175,73.22265553895953,54.86764049128554,Sp1743+2127
-0.5,None,-0.27490029548441475,49.95630495623463,-2.8468622878217995,57.45550346052322,49.95630495623463,Sp1743+5844
-0.5,None,24.141504487257407,31.929245372470156,23.767818302106814,32.69579773939761,31.929245372470156,Sp1743+8526
-0.5,None,-54.504692356319495,-2.613050345036052,-59.51441980272402,1.9305080869862297,-2.613050345036052,Sp1744-5834
-0.5,None,-62.59529941581077,31.471892882307728,-77.50511511695102,41.94327180821578,31.471892882307728,Sp1745-1640
-0.5,None,-27.063132631130227,56.083149637443874,-32.461258121650395,74.5686624656423,56.083149637443874,Sp1746+2903
-0.5,None,-19.49655922055169,56.49586550715638,-24.017824186040468,72.74107544719824,56.49586550715638,Sp1746+3731
-0.5,None,-7.614646825523931,53.40068254295301,-11.019573664310439,64.13334611185861,53.40068254295301,Sp1746+5034
-0.5,None,-55.87424055997065,39.296935020355086,-67.10983726802851,51.83046996640928,39.296935020355086,Sp1746-0551
-0.5,None,-66.17090541590109,19.01161119830884,-84.34455391700621,27.147218487590273,19.01161119830884,Sp1746-3214
-0.5,None,-32.314925268267764,53.87108064827818,-38.87920350181711,72.42410433745087,53.87108064827818,Sp1749+2241
-0.5,None,-12.940741112448626,54.655261321690546,-17.21758837130129,68.19201665708296,54.655261321690546,Sp1750+4424
-0.5,None,-20.18472889513935,55.37459170932411,-25.440703527582347,72.19781123584175,55.37459170932411,Sp1751+3610
-0.5,None,-64.80766885377574,20.145555294115063,-86.85427910521467,29.008774612587874,20.145555294115063,Sp1752-2949
-0.5,None,-61.84917021782842,8.119484213816667,-73.31978416755564,14.83282585293536,8.119484213816667,Sp1752-4446
-0.5,None,-39.656292895846455,-17.95774814602459,-41.5742074927066,-15.707020690594819,-17.95774814602459,Sp1752-7642
-0.5,None,-63.548495261059465,25.303484078198608,-84.19947990910971,35.207434173274585,25.303484078198608,Sp1753-2312
-0.5,None,-48.21095094122136,-9.36056943781778,-52.26315831881633,-5.5066609110374465,-9.36056943781778,Sp1753-6559
-0.5,None,5.189117347787576,45.88002941626307,2.4571093878681785,52.07902465965844,45.88002941626307,Sp1754+6408
-0.5,None,0.07157350000933421,48.77789103217748,-3.27058318776574,56.938608871108585,48.77789103217748,Sp1755+5824
-0.5,None,-51.13201864407529,40.616082979492646,-63.02625130571411,54.662006560932454,40.616082979492646,Sp1755-0126
-0.5,None,-61.977220698104745,26.71378958551812,-82.14056701057686,37.2408102027589,26.71378958551812,Sp1756-2042
-0.5,None,-63.82063672675888,21.847623589872534,-87.59787760647771,31.310789209006668,21.847623589872534,Sp1756-2707
-0.5,None,-64.0655325656052,19.90850754038098,-87.61456113362725,29.010833125513532,19.90850754038098,Sp1756-2933
-0.5,None,-60.98148631248764,7.280413946109827,-72.9045360225813,14.117010357630164,7.280413946109827,Sp1756-4518
-0.5,None,-40.60421138636264,47.7521201887345,-49.94310962156644,64.70938692144253,47.7521201887345,Sp1757+1142
-0.5,None,11.19355125118634,41.782939357489994,9.008045677607829,46.13534734999297,41.782939357489994,Sp1757+7042
-0.5,None,-58.14780772810418,32.35476429296181,-74.48453005537355,44.297476227646776,32.35476429296181,Sp1757-1253
-0.5,None,-61.18824770978922,7.943138853051157,-73.90825818429474,14.980067613143445,7.943138853051157,Sp1757-4419
-0.5,None,-23.34440882038778,53.97185369323992,-29.718231990180854,71.96590232386762,53.97185369323992,Sp1758+3157
-0.5,None,-63.447681858843794,20.77917127493269,-88.4139858524086,30.235228399208378,20.77917127493269,Sp1758-2804
-0.5,None,-63.448526812615405,19.929540070934685,-88.35565109590101,29.262255498329726,19.929540070934685,Sp1758-2904
-0.5,None,-47.41350030028632,42.26161740768818,-59.0803871431235,57.408790484891554,42.26161740768818,Sp1759+0235
-0.5,None,-59.233570755862,29.694173133849187,-77.62309854094255,41.24240635626879,29.694173133849187,Sp1800-1559
-0.5,None,14.90778552572108,38.98873029920872,13.006756585438417,42.38484751159449,38.98873029920872,Sp1801+7442
-0.5,None,-62.89185144502214,20.13978047593314,-89.02780726194605,29.70551545736931,20.13978047593314,Sp1801-2825
-0.5,None,-57.91497126809239,30.644330780884072,-75.88619898572617,42.63688963320115,30.644330780884072,Sp1802-1412
-0.5,None,-58.39414236215856,29.211505413828952,-77.52445356705708,41.01208759977772,29.211505413828952,Sp1803-1550
-0.5,None,-62.67369246989158,18.250156923067948,-87.71395325799949,27.59704486383186,18.250156923067948,Sp1803-3031
-0.5,None,-58.38355538244108,28.717934930488592,-77.9742713496055,40.50388547528683,28.717934930488592,Sp1804-1616
-0.5,None,-62.44803066903383,17.331815452804392,-86.79984451633655,26.59892280290627,17.331815452804392,Sp1804-3129
-0.5,None,-62.302433121065924,16.835277158040373,-86.29533651369157,26.063615207569832,16.835277158040373,Sp1804-3200
-0.5,None,-57.237744665780895,29.90530080126172,-76.0768971047629,42.09147199963498,29.90530080126172,Sp1805-1422
-0.5,None,-61.84519043629023,19.838200942849273,-89.67560897822614,29.7347739408287,19.838200942849273,Sp1805-2758
-0.5,None,-24.619243438414912,51.769482184829315,-32.3015723713187,70.16186795607416,51.769482184829315,Sp1806+2923
-0.5,None,-6.412498287221199,50.34158159282251,-11.443254923044083,62.11144320088384,50.34158159282251,Sp1807+5015
-0.5,None,-52.40491038949106,35.14912082287497,-68.12584554206518,48.88698049481622,35.14912082287497,Sp1807-0625
-0.5,None,-60.87819988269533,21.841303974252614,-86.65651767524527,32.32347279312672,21.841303974252614,Sp1807-2459
-0.5,None,-19.31270348905123,52.07169409010758,-26.31298282588909,69.27631717500014,52.07169409010758,Sp1808+3523
-0.5,None,-61.08772799620956,19.613025702535335,-89.01571233431812,29.74496193406401,19.613025702535335,Sp1808-2739
-0.5,None,-29.740269096386612,49.735329450532774,-38.70011770541954,68.39105308632963,49.735329450532774,Sp1809+2259
-0.5,None,-43.19370508297096,41.46477630882559,-56.13573282191804,57.77446341089785,41.46477630882559,Sp1812+0531
-0.5,None,-27.127541546940666,49.68614270834035,-36.07378857577669,68.34463255542623,49.68614270834035,Sp1812+2536
-0.5,None,-59.61446942532397,20.33380510255598,-86.79297286994004,31.06618556451527,20.33380510255598,Sp1813-2542
-0.5,None,-55.947785287817936,27.515901089258087,-77.12944869402435,40.003220952767556,27.515901089258087,Sp1814-1536
-0.5,None,-57.97074188459868,24.111509023740947,-81.86270940826356,35.755663695158816,24.111509023740947,Sp1814-2025
-0.5,None,-58.07905498585997,5.3216503459044535,-72.8483200427285,12.983211840397855,5.3216503459044535,Sp1814-4522
-0.5,None,-58.432354955211764,22.3235793221627,-83.87823758810744,33.66295431093377,22.3235793221627,Sp1815-2237
-0.5,None,-38.79005604142853,42.89563288176325,-51.30602498750416,60.22537727729354,42.89563288176325,Sp1817+1017
-0.5,None,-13.305775273262162,49.752867930363834,-20.591446547363446,65.34681625145157,49.752867930363834,Sp1819+4101
-0.5,None,8.099893246467214,42.6413338369336,4.3520855377659435,49.07549303573181,42.6413338369336,Sp1819+6600
-0.5,None,-58.545744945754386,8.42557295856966,-77.43083795901768,17.067983713964104,8.42557295856966,Sp1819-4032
-0.5,None,-51.399801401337896,-4.881024178588519,-60.28943036719137,1.0474394746830784,-4.881024178588519,Sp1819-5754
-0.5,None,-35.08657547351032,43.79134233668879,-47.292640100425544,61.798310178271294,43.79134233668879,Sp1821+1414
-0.5,None,-49.377283476012934,-7.399445985440332,-57.160572417703875,-1.919747982905909,-7.399445985440332,Sp1821-6101
-0.5,None,-14.412332567685619,49.23089237171797,-22.218977287497186,65.39661533191665,49.23089237171797,Sp1822+3921
-0.5,None,-13.406212006636,49.16996169486154,-21.04907942007449,64.96994076387813,49.16996169486154,Sp1822+4032
-0.5,None,14.473828489375625,38.563477827221384,11.61739231349147,42.85645429811965,38.563477827221384,Sp1824+7316
-0.5,None,-48.05058787911152,32.65926505298825,-66.26227117420765,47.581571498394666,32.65926505298825,Sp1824-0500
-0.5,None,-48.52680894569807,32.3951737061636,-66.87587724925409,47.1835954291952,32.3951737061636,Sp1824-0536
-0.5,None,-58.25304133348686,11.91321813094149,-82.1687490411111,21.666742348729,11.91321813094149,Sp1824-3503
-0.5,None,-58.22645198131613,11.703854040545515,-81.93157143279939,21.418086493573163,11.703854040545515,Sp1824-3519
-0.5,None,-4.01472929950374,47.29605660641779,-10.21181624984942,59.219463209884196,47.29605660641779,Sp1825+5122
-0.5,None,-54.91240400938318,23.308213220524557,-79.49838173881403,35.831301673326756,23.308213220524557,Sp1825-1853
-0.5,None,-21.61894915685933,47.762694947460695,-31.256186204818253,65.98866210954102,47.762694947460695,Sp1826+3014
-0.5,None,-51.90449678180242,27.12444986963341,-73.73245506332343,40.775412796992704,27.12444986963341,Sp1827-1251
-0.5,None,-42.45724988955022,36.04220785445178,-58.893468913138186,52.432197039119515,36.04220785445178,Sp1829+0215
-0.5,None,-38.43212855091496,39.03107655417295,-53.27104512266614,56.3420793315787,39.03107655417295,Sp1829+0757
-0.5,None,-24.616123625811163,46.122919592055375,-35.384145613331995,64.72690914240752,46.122919592055375,Sp1829+2600
-0.5,None,-52.37052404428361,25.59714180197525,-75.2765527324437,39.02720340949328,25.59714180197525,Sp1829-1439
-0.5,None,-53.91424324970666,22.70220313221424,-78.8777280953756,35.47313830375342,22.70220313221424,Sp1830-1842
-0.5,None,-46.29849705834194,-10.814319758991468,-53.46868493632626,-5.643521928244219,-10.814319758991468,Sp1831-6435
-0.5,None,-26.893209017334964,44.19453952100686,-38.82992328839733,62.87268398728586,44.19453952100686,Sp1833+2225
-0.5,None,-56.13018866321636,11.304515096647757,-81.64884512937738,21.747329232272392,11.304515096647757,Sp1834-3353
-0.5,None,-39.65700862955661,36.02574474005246,-56.22369498828555,53.00986006589668,36.02574474005246,Sp1835+0440
-0.5,None,-18.204737975450808,46.214790450447055,-28.289144071694075,63.9775062526209,46.214790450447055,Sp1835+3259
-0.5,None,-55.63829882738859,10.073662226621174,-80.45539155075015,20.42711441329096,10.073662226621174,Sp1836-3507
-0.5,None,-31.223604547059598,40.96344285071924,-45.0508082840681,59.36773171610131,40.96344285071924,Sp1837+1558
-0.5,None,-53.49019657092437,0.781365258066561,-69.4280988766473,9.018481552444317,0.781365258066561,Sp1837-4755
-0.5,None,-20.2052895273658,44.85298895951769,-31.265899824405682,63.07937602908115,44.85298895951769,Sp1839+2952
-0.5,None,-8.493031047791849,45.9579894689998,-16.876734846060792,60.7037983271433,45.9579894689998,Sp1839+4424
-0.5,None,-24.206062610137568,43.00708870501087,-36.61595678282293,61.64974229609723,43.00708870501087,Sp1841+2421
-0.5,None,-53.92281437660496,3.3044851236118986,-72.94380693116439,12.392301016458983,3.3044851236118986,Sp1841-4347
-0.5,None,10.862036753437879,39.84010011330397,6.40665032979597,46.250896495836315,39.84010011330397,Sp1842+6751
-0.5,None,-41.73618793281955,32.052665767919564,-60.6088489972864,48.46559223326646,32.052665767919564,Sp1842-0014
-0.5,None,-54.38972480873768,6.492780858999924,-76.78331303665422,16.4220763342716,6.492780858999924,Sp1842-3905
-0.5,None,-51.67054512936531,-2.1301359702938973,-66.0525149184367,5.719971202771786,-2.1301359702938973,Sp1842-5114
-0.5,None,-33.51302373637341,37.782000132988884,-49.11980006313032,55.84127447260452,37.782000132988884,Sp1843+1132
-0.5,None,-22.04745413045264,43.3372120888192,-34.10216343395424,61.84358101396295,43.3372120888192,Sp1843+2651
-0.5,None,-11.101689370074187,45.29872713263223,-20.473275162248513,61.24659534087488,45.29872713263223,Sp1843+4040
-0.5,None,-43.11856497628908,30.239417961072597,-63.060634504504044,46.273337188159296,30.239417961072597,Sp1843-0255
-0.5,None,-36.21860308946591,35.31208098330796,-53.22196589353242,52.892871227621036,35.31208098330796,Sp1845+0711
-0.5,None,-12.305882706011195,44.851936383043714,-22.173201307411645,61.29984352800072,44.851936383043714,Sp1845+3853
-0.5,None,-52.74421586018341,15.469208645187898,-80.7684157187516,27.79689329467926,15.469208645187898,Sp1845-2535
-0.5,None,-45.48660297940079,-11.379891467072897,-53.78030161198163,-5.725969771994425,-11.379891467072897,Sp1845-6357
-0.5,None,-53.661524186677866,10.33435117657877,-80.16073507951545,21.487630689106435,10.33435117657877,Sp1846-3250
-0.5,None,-53.402579606669384,9.054217012322695,-79.15894037099982,20.02944709932347,9.054217012322695,Sp1847-3419
-0.5,None,-42.410415637705384,-15.002079026843154,-48.89759995626331,-10.233380562603667,-15.002079026843154,Sp1848-6855
-0.5,None,-33.78837518061797,-23.691328924696858,-35.91219974080225,-21.772098071442837,-23.691328924696858,Sp1848-8214
-0.5,None,-51.272552763658084,15.727326023319229,-79.13797760676307,28.5414784605679,15.727326023319229,Sp1849-2359
-0.5,None,-20.976084522390742,41.4981759413294,-33.89437735436766,59.98470503960316,41.4981759413294,Sp1851+2641
-0.5,None,4.801171249709273,41.72413420815309,-1.6163661366985438,51.26504934618924,41.72413420815309,Sp1851+5935
-0.5,None,-0.3602789708483328,42.93757534333717,-8.110356617763156,54.91913101897143,42.93757534333717,Sp1852+5257
-0.5,None,-41.44895804060245,28.33446791404251,-62.44859075809394,44.64035262532163,28.33446791404251,Sp1852-0305
-0.5,None,-47.9268659389539,-7.382805917553038,-59.97892355579684,-0.2142625655492058,-7.382805917553038,Sp1852-5708
-0.5,None,-51.99586748984475,3.4877104253901967,-73.80420151331303,13.558181046561812,3.4877104253901967,Sp1853-4107
-0.5,None,24.232345055637243,31.363506709226627,22.914293266363075,32.82374911996823,31.363506709226627,Sp1854+8429
-0.5,None,-47.71769172105547,-7.530070322701062,-59.939530335525404,-0.2903706174177551,-7.530070322701062,Sp1854-5704
-0.5,None,-41.68574669960931,-15.708034118297654,-48.418543338993395,-10.83658108640934,-15.708034118297654,Sp1855-6914
-0.5,None,8.628542404347614,39.89048811238159,2.79078680107713,47.98108021155167,39.89048811238159,Sp1856+6356
-0.5,None,-43.561578715510116,24.470793392926144,-66.77762270038085,40.09502165621386,24.470793392926144,Sp1856-0822
-0.5,None,-30.722166024488427,34.908134355328926,-47.771032630337864,53.19805446430628,34.908134355328926,Sp1857+1200
-0.5,None,-49.43558982717107,13.981172717853607,-77.43530833263794,27.114455779556447,13.981172717853607,Sp1858-2420
-0.5,None,-30.610911547293405,34.4839665689258,-47.87418783011354,52.77226052124158,34.4839665689258,Sp1859+1146
-0.5,None,-38.331962626390784,-19.348928206107388,-43.20033744930749,-15.555078495758417,-19.348928206107388,Sp1859-7435
-0.5,None,-20.704088815184605,38.30157742997002,-35.24492859702242,56.87205436826658,38.30157742997002,Sp1903+2437
-0.5,None,-13.53632557754342,40.746049508408696,-25.851570932042257,58.18971729665229,40.746049508408696,Sp1903+3422
-0.5,None,-12.823804771175972,40.942738530419085,-24.913997268642554,58.20242675975395,40.942738530419085,Sp1903+3521
-0.5,None,-49.926934010584745,1.1294344031014083,-71.47740438380025,11.372996606162472,1.1294344031014083,Sp1904-4229
-0.5,None,-25.487975715630323,35.63051704930903,-41.82410856954155,54.27819952429083,35.63051704930903,Sp1905+1740
-0.5,None,-49.2354033630205,-1.775060936770818,-68.18864406891421,7.7287950985630705,-1.775060936770818,Sp1905-4644
-0.5,None,-8.693186693062504,40.819158665394106,-20.051742554083443,56.991514881776254,40.819158665394106,Sp1906+4011
-0.5,None,-39.80523229155694,24.26844544275171,-62.83594632173803,40.68578409822977,24.26844544275171,Sp1906-0515
-0.5,None,-45.752188516981406,-9.610304564810146,-58.03763264804293,-2.2838213413598556,-9.610304564810146,Sp1906-5828
-0.5,None,-33.6962534743573,29.338805421073115,-53.76625153459254,47.066213067533646,29.338805421073115,Sp1907+0443
-0.5,None,-21.323480557660677,36.56363084206449,-36.80830891430581,55.19981098202356,36.56363084206449,Sp1908+2238
-0.5,None,-25.47510206889681,34.101007590142856,-42.57630838962248,52.730246179492376,34.101007590142856,Sp1909+1629
-0.5,None,-45.67979030132287,15.121256426673604,-73.10277431593069,29.440795351757405,15.121256426673604,Sp1909-1937
-0.5,None,-26.347590321454337,33.41108693062418,-43.86345962197091,51.99147409259775,33.41108693062418,Sp1910+1504
-0.5,None,-25.037693681983576,34.242665597047655,-42.031247490767704,52.88815756635505,34.242665597047655,Sp1910+1702
-0.5,None,4.073734745128285,39.84748901138165,-4.0266448061007605,50.86136449596412,39.84748901138165,Sp1910+5634
-0.5,None,-36.824447427793025,24.119846350354145,-59.67268371007285,41.091026572201955,24.119846350354145,Sp1913-0241
-0.5,None,12.97148414946846,36.96054110685885,7.282818707234007,43.91049755340369,36.96054110685885,Sp1914+6808
-0.5,None,-47.35828524399706,7.612399323854133,-74.88966280174176,20.394463708517083,7.612399323854133,Sp1914-3008
-0.5,None,-34.27476684841581,25.46473988659746,-56.27139353424522,42.92846577687099,25.46473988659746,Sp1916+0051
-0.5,None,-31.561651555422184,27.471571599318,-52.38312230372244,45.40377101695538,27.471571599318,Sp1916+0509
-0.5,None,-46.80668575001618,7.040063840788716,-74.28908300001882,19.896134304415202,7.040063840788716,Sp1917-3019
-0.5,None,-46.49172651208484,6.0822343151412355,-73.73858095262113,18.86399034053812,6.0822343151412355,Sp1919-3115
-0.5,None,-18.078715924926104,34.49587018199117,-34.216733391414905,53.01323540962167,34.49587018199117,Sp1921+2425
-0.5,None,-45.66345597573785,6.947140289515475,-73.34393746980228,20.145960933140966,6.947140289515475,Sp1921-2915
-0.5,None,-27.69280540299333,27.98311187675538,-47.93414726150997,46.337770308793516,27.98311187675538,Sp1923+0917
-0.5,None,-45.87519213596812,4.19192428486075,-72.55914612246407,16.80798430420334,4.19192428486075,Sp1923-3308
-0.5,None,-20.48448266352775,32.2569526670764,-37.988807573866964,50.92219703796624,32.2569526670764,Sp1924+2004
-0.5,None,-18.228758953999094,33.40048504986526,-34.918001132892606,51.9601942311934,33.40048504986526,Sp1924+2322
-0.5,None,18.77408933742296,33.98485800379114,14.609735349260923,38.52599571588958,33.98485800379114,Sp1924+7533
-0.5,None,-45.15480609390652,-7.506031608057156,-62.17341120997501,1.6766156108761068,-7.506031608057156,Sp1924-5154
-0.5,None,-28.801171650743488,26.571601191951764,-49.79533271750695,44.777156000145254,26.571601191951764,Sp1925+0700
-0.5,None,-27.11463705023748,27.727526531376423,-47.41936991514003,46.12146433010042,27.727526531376423,Sp1925+0938
-0.5,None,-45.89987994892203,-2.380503672889086,-67.9966912890149,8.529171185210526,-2.380503672889086,Sp1926-4310
-0.5,None,-16.26782886214921,33.58151632877217,-32.616836686842426,51.99438145975072,33.58151632877217,Sp1927+2537
-0.5,None,-45.22133072376858,-5.85334098573839,-64.32048208134741,4.08082312822247,-5.85334098573839,Sp1927-4833
-0.5,None,-24.41031567809844,28.582952366709275,-44.05449891683871,47.167401018213276,28.582952366709275,Sp1928+1301
-0.5,None,-17.455133936937848,32.73349209366766,-34.36812746631822,51.26615777742817,32.73349209366766,Sp1928+2339
-0.5,None,-10.162225222720604,35.52623996346412,-24.605253607985983,52.924116918873096,35.52623996346412,Sp1928+3403
-0.5,None,-45.377606642822165,-3.233887870904321,-67.15142920969824,7.627104722189171,-3.233887870904321,Sp1928-4356
-0.5,None,-45.24891797396121,-5.028956137697954,-65.27874399628193,5.2337216137810625,-5.028956137697954,Sp1928-4700
-0.5,None,-25.43430276955114,27.428310646990873,-45.70964064607692,45.932329433383366,27.428310646990873,Sp1929+1101
-0.5,None,-34.697649157614876,19.534358734684787,-59.30843871837803,36.59637105403902,19.534358734684787,Sp1929-0458
-0.5,None,-39.32764438273764,13.561922486299395,-66.46686537578906,29.259352413777474,13.561922486299395,Sp1930-1521
-0.5,None,-25.193057067946686,26.39673708668379,-45.90622381456224,44.89026542312983,26.39673708668379,Sp1933+1022
-0.5,None,-19.143670398377946,30.184832998444765,-37.46655037416878,48.841596512341425,30.184832998444765,Sp1933+1944
-0.5,None,-17.76715322880403,30.953549121741425,-35.56270890085888,49.549975833525515,30.953549121741425,Sp1933+2150
-0.5,None,-35.513702054068574,17.041978271552164,-61.14513299516574,33.79340283704529,17.041978271552164,Sp1933-0810
-0.5,None,-42.477233402401566,4.724792556093222,-70.16897519781271,18.509257116808943,4.724792556093222,Sp1935-2846
-0.5,None,-33.182301243073674,18.0916156636353,-58.17117232573358,35.31103900002334,18.0916156636353,Sp1936-0455
-0.5,None,-37.330544893235505,13.044880451070895,-64.38882095900529,29.121833209955504,13.044880451070895,Sp1937-1359
-0.5,None,-2.283824631572607,35.24570450627943,-15.21579279089199,50.63795438426894,35.24570450627943,Sp1938+4321
-0.5,None,-43.538467840728394,-3.9626695457565324,-66.28939704645806,7.476932063464965,-3.9626695457565324,Sp1939-4239
-0.5,None,-41.740661856317395,-12.754140994107459,-56.19007848298926,-4.3614570442682385,-12.754140994107459,Sp1939-5750
-0.5,None,-22.47077416232061,25.85908251291124,-43.123666006014865,44.477092732870055,25.85908251291124,Sp1940+1237
-0.5,None,-38.708550539667286,-18.146907339417687,-48.179930100160256,-11.942376925385897,-18.146907339417687,Sp1941-6733
-0.5,None,-17.786761331812478,27.937896596530656,-36.965613039453864,46.58709527483008,27.937896596530656,Sp1942+1913
-0.5,None,-42.8620768626739,-3.666155987781802,-66.37545076101549,8.14640685871207,-3.666155987781802,Sp1942-4115
-0.5,None,-40.407637411396145,-15.097812588621517,-53.08900810947261,-7.412111368623462,-15.097812588621517,Sp1943-6125
-0.5,None,-27.978829163052144,19.89842721185373,-51.70179816121964,37.92029575755111,19.89842721185373,Sp1944+0147
-0.5,None,-17.075347415716962,27.924446417797412,-36.16948409639715,46.551933527639704,27.924446417797412,Sp1944+1957
-0.5,None,6.1373992385670535,34.92739048144079,-4.439789262759562,47.07402163146755,34.92739048144079,Sp1945+5428
-0.5,None,-39.68412062955228,4.610637841956009,-67.6521957906497,19.161907240223044,4.610637841956009,Sp1945-2557
-0.5,None,-42.25630804061085,-8.533421946688266,-61.78205344986796,1.849615378670585,-8.533421946688266,Sp1945-4904
-0.5,None,-17.34872346626433,27.07742823366145,-36.85417224306817,45.7259281377915,27.07742823366145,Sp1946+1856
-0.5,None,-34.21888770979964,12.294527903605355,-61.137646196678546,28.91747080820177,12.294527903605355,Sp1946-1145
-0.5,None,-17.833090765048617,25.703613143820856,-37.998839624255574,44.374942311361444,25.703613143820856,Sp1949+1713
-0.5,None,-13.012332523814624,28.452720610311324,-31.312293923798745,46.81452579368555,28.452720610311324,Sp1949+2445
-0.5,None,-12.969904211554363,28.244769752911225,-31.357929836040363,46.612551217796415,28.244769752911225,Sp1950+2436
-0.5,None,-6.285154424290589,30.619124434382528,-22.461226890972604,47.851170814692715,30.619124434382528,Sp1953+3414
-0.5,None,0.44236804827434206,32.70960650139098,-13.187863433314282,47.81920728742983,32.70960650139098,Sp1953+4424_1
-0.5,None,0.4442704561889546,32.7079140345836,-13.186395031544526,47.817301359027546,32.7079140345836,Sp1953+4424_2
-0.5,None,-16.34828253568327,24.88852032802081,-36.67162900182153,43.53860066314177,24.88852032802081,Sp1954+1801
-0.5,None,3.779455717113114,33.26801049001995,-8.602915361609499,47.02432364729414,33.26801049001995,Sp1954+4923
-0.5,None,-20.569125388300787,21.760643020257454,-42.705826646783706,40.38231342547251,21.760643020257454,Sp1955+1052
-0.5,None,-32.98292122475973,9.707818930024981,-60.357903651207266,26.34091935885444,9.707818930024981,Sp1955-1316
-0.5,None,-36.25022288188318,-21.068623936796087,-44.28723124267402,-15.60901178793921,-21.068623936796087,Sp1955-7126
-0.5,None,-25.872530985716793,16.746290937441497,-50.50047975619454,34.85091863341883,16.746290937441497,Sp1956+0052
-0.5,None,-18.230155374516432,23.060936271360678,-39.55535834861805,41.739574887944265,23.060936271360678,Sp1956+1426
-0.5,None,-34.67418066117521,7.036009115437166,-62.584394711118236,23.081020888297616,7.036009115437166,Sp1956-1754
-0.5,None,-11.965210346380264,26.503656235377633,-30.983935975107016,44.8650228164393,26.503656235377633,Sp1957+2408
-0.5,None,-12.731838362672988,25.475150344839786,-32.310540669623904,43.939096964335036,25.475150344839786,Sp1959+2223
-0.5,None,-7.309067741891532,28.33276745205096,-24.758133427269314,45.997312435389894,28.33276745205096,Sp2000+3057
-0.5,None,-21.53096468938578,18.413696867113487,-45.0584635159993,36.92264812270679,18.413696867113487,Sp2001+0647
-0.5,None,-27.73143338442135,12.278690063417217,-53.95698795717195,29.933052783029996,12.278690063417217,Sp2002-0521
-0.5,None,-39.294840345982244,-8.59453635806486,-61.595326944264905,3.202515045554881,-8.59453635806486,Sp2002-4433
-0.5,None,-39.208583303054645,-13.594020256628816,-56.39272517524517,-3.874696260948705,-13.594020256628816,Sp2002-5425
-0.5,None,-31.32052120127561,7.2260155118703935,-58.98495770066961,23.945630806323926,7.2260155118703935,Sp2004-1416
-0.5,None,-28.607716188710278,9.706171444604898,-55.56613020714374,27.069958183303708,9.706171444604898,Sp2006-0852
-0.5,None,-19.864047814761697,16.415254408203186,-43.89644842970122,34.96397864281106,16.415254408203186,Sp2010+0634
-0.5,None,-15.930642162677072,18.7120539056178,-38.65759139786971,37.391536421532855,18.7120539056178,Sp2012+1246
-0.5,None,-13.829112265702449,20.301979846413115,-35.68005158238976,38.94593925760878,20.301979846413115,Sp2012+1627
-0.5,None,-37.167638899184944,-16.340181808289746,-53.49161975815492,-6.835104765042225,-16.340181808289746,Sp2015-5645
-0.5,None,-12.570641426765361,19.824530822535422,-34.43615746396625,38.436003320551364,19.824530822535422,Sp2016+1719
-0.5,None,-27.179204937601842,6.545823935124688,-54.62683282211219,23.8957984021372,6.545823935124688,Sp2016-1045
-0.5,None,-21.838393956791073,11.591139131802164,-47.604012083292396,29.853872555368795,11.591139131802164,Sp2018-0007
-0.5,None,-25.077570124469865,8.058148715870749,-52.05051998664283,25.799749963780826,8.058148715870749,Sp2018-0701
-0.5,None,-36.45588157481945,-17.552582844882515,-52.09426012272958,-8.30682189764182,-17.552582844882515,Sp2019-5816
-0.5,None,-0.8911850566942134,25.90658467830291,-18.276232223092215,42.64924684258788,25.90658467830291,Sp2020+3603
-0.5,None,-8.713643263679849,20.722672856178402,-29.68198193123866,39.07516635335244,20.722672856178402,Sp2021+2216
-0.5,None,-35.20450937572181,-9.238800036110998,-59.688554147984554,4.00605098627363,-9.238800036110998,Sp2022-3944
-0.5,None,-35.488503451837325,-11.04623577156824,-58.66552154978278,1.59019845062031,-11.04623577156824,Sp2023-4305
-0.5,None,-24.230208515512295,5.734262167048121,-51.572703780411835,23.43851626532938,5.734262167048121,Sp2025-0835
-0.5,None,-17.524389559712592,11.997061001086603,-42.68425576851605,30.556815169865978,11.997061001086603,Sp2026+0439
-0.5,None,-32.10814904197485,-4.992782394906642,-59.316973448191035,10.078450599045375,-4.992782394906642,Sp2026-2943
-0.5,None,-5.597175274017249,20.996956754183103,-25.977967028069912,39.021415268807175,20.996956754183103,Sp2027+2555
-0.5,None,-19.6628205681596,9.337987710430877,-45.78875922110326,27.688533140871762,9.337987710430877,Sp2028-0010
-0.5,None,12.950506301229698,29.182229462251513,1.2484245773671483,40.41726381071791,29.182229462251513,Sp2029+5750
-0.5,None,-13.205883546741852,13.79288428636269,-37.29319317573557,32.472769272535366,13.79288428636269,Sp2031+1052
-0.5,None,4.419604388549006,25.383822908842927,-12.062001139625268,40.89959959984312,25.383822908842927,Sp2032+4155
-0.5,None,-33.75018771403167,-23.113428576811724,-43.8493653011784,-16.525767145464382,-23.113428576811724,Sp2032-6918
-0.5,None,-3.0826807991230134,20.686360517991886,-23.182215566318906,38.40669485466114,20.686360517991886,Sp2033+2823
-0.5,None,-1.4286952349799704,21.775336881219644,-20.781529407825346,39.132357713562214,21.775336881219644,Sp2033+3119
-0.5,None,-13.835593707240209,11.994715927453571,-38.56205792968886,30.664632253034863,11.994715927453571,Sp2034+0827
-0.5,None,7.733098431639972,26.315234416228275,-7.416588591056882,40.59955387337572,26.315234416228275,Sp2034+4708
-0.5,None,-30.64541377216301,-7.407756742916906,-57.50663005937988,7.650392232011266,-7.407756742916906,Sp2035-3110
-0.5,None,-33.393549286107884,-13.356568526624935,-56.32707562822649,-0.5634229440594006,-13.356568526624935,Sp2035-4349
-0.5,None,-21.91113146607335,3.2870088704590525,-49.459900065479495,21.12535767773233,3.2870088704590525,Sp2036-0847
-0.5,None,-23.09554228619148,1.8072498983594398,-50.90639637806784,19.39698708671619,1.8072498983594398,Sp2037-1137
-0.5,None,-32.17921450331039,-12.327620625449603,-56.44739458444458,1.2199428509387926,-12.327620625449603,Sp2038-4020
-0.5,None,-33.87038412282172,-17.44092797815771,-52.93979101399391,-6.4146512572645875,-17.44092797815771,Sp2038-5223
-0.5,None,-29.29857303064087,-7.348936661222222,-56.4492476522811,8.071758187739453,-7.348936661222222,Sp2039-2926
-0.5,None,0.9020156240566067,20.23544141963773,-18.69105106380875,37.352369070189035,20.23544141963773,Sp2042+3225
-0.5,None,-18.83629366887544,3.826316327734485,-46.05929089508827,22.016833796266102,3.826316327734485,Sp2042-0500
-0.5,None,-20.491322338870056,2.2955198734173,-48.07834944168965,20.238876880902513,2.2955198734173,Sp2042-0821
-0.5,None,-8.12137982919348,12.899887983143685,-31.85132251575777,31.479494683046,12.899887983143685,Sp2044+1517
-0.5,None,-33.084904072168904,-22.390200216275336,-46.51794155021205,-14.013467466360446,-22.390200216275336,Sp2045-6332
-0.5,None,-8.04484936223141,11.883297978273694,-32.09089636056075,30.48200959711384,11.883297978273694,Sp2047+1421
-0.5,None,-19.24012776101659,1.2719014816416827,-46.87780804577487,19.293370830205458,1.2719014816416827,Sp2047-0808
-0.5,None,1.9339324113880387,18.952733859427116,-18.01482279516664,36.03055318301747,18.952733859427116,Sp2049+3216
-0.5,None,2.6916447750720267,19.407362194813327,-16.924384702066657,36.28674810345871,19.407362194813327,Sp2049+3336
-0.5,None,-22.673776036349043,-3.6315883816820294,-50.7550658472656,13.588370761330493,-3.6315883816820294,Sp2049-1716
-0.5,None,-23.780879752076682,-4.6996581837478795,-51.8195789137403,12.233566770758287,-4.6996581837478795,Sp2049-1944
-0.5,None,-11.688315228621262,6.504902046786783,-37.66718252932099,25.16428992061374,6.504902046786783,Sp2052+0510
-0.5,None,21.568671507599486,28.209927690417196,13.622163615236353,35.01101886734439,28.209927690417196,Sp2052+7104
-0.5,None,-24.53083689727782,-6.96052175460166,-52.35048159679302,9.587587882190633,-6.96052175460166,Sp2052-2318
-0.5,None,-31.125620164863193,-17.76939208839414,-52.37851152572392,-5.458629912593949,-17.76939208839414,Sp2052-4758
-0.5,None,-32.20974207312144,-23.497371283146006,-45.26665193915828,-15.273308063118241,-23.497371283146006,Sp2052-6431
-0.5,None,-12.514476153190373,5.27174622675879,-38.86603611952583,23.894379828236975,5.27174622675879,Sp2053+0303
-0.5,None,3.2270920747103187,18.543891120254223,-16.656422489499622,35.427972278280066,18.543891120254223,Sp2053+3319
-0.5,None,-31.800896957785024,-20.164963663267834,-50.190932707343585,-9.251466982087685,-20.164963663267834,Sp2053-5409
-0.5,None,-14.49993791597328,1.5360264626208686,-41.754416599050074,19.97122411133894,1.5360264626208686,Sp2057-0252
-0.5,None,-26.015472347871356,-12.779642392676347,-52.34987243306036,2.591434215334735,-12.779642392676347,Sp2100-3236
-0.5,None,-10.897296208534485,3.687746846234656,-37.433530673200146,22.332542891369364,3.687746846234656,Sp2101+0307
-0.5,None,-7.991889228965308,4.89145196074425,-33.967529641214405,23.569952584272105,4.89145196074425,Sp2104+0722
-0.5,None,4.008985602885411,15.497043346164526,-16.980916738856003,32.59728587400272,15.497043346164526,Sp2104+3100
-0.5,None,-16.681063016865423,-3.5395464088524493,-44.64850704894662,14.481925237370794,-3.5395464088524493,Sp2104-1037
-0.5,None,12.828593486258619,21.594291747664005,-3.429464135831219,35.38177540207246,21.594291747664005,Sp2105+4816
-0.5,None,-18.833090427137545,-6.980817032073423,-46.90020177425697,10.53663444460935,-6.980817032073423,Sp2106-1650
-0.5,None,-27.188017161453363,-17.23809155708567,-51.21102106022267,-3.166461162198971,-17.23809155708567,Sp2106-4044
-0.5,None,-12.503839959500093,-0.6966522528974549,-39.947051447849304,17.788456256676604,-0.6966522528974549,Sp2107-0307
-0.5,None,-25.030156242675762,-14.695830908741456,-50.98515477396886,0.5986242690549065,-14.695830908741456,Sp2107-3357
-0.5,None,-28.11188784372616,-19.37320803209054,-50.31526122901128,-6.269989477517933,-19.37320803209054,Sp2107-4544
-0.5,None,-29.4886861687432,-23.02344731116057,-47.30495736422724,-12.170791448377619,-23.02344731116057,Sp2110-5540
-0.5,None,27.013897506381277,28.208588845938863,24.42670984296089,30.196899406843215,28.208588845938863,Sp2112+8427
-0.5,None,-7.331823216225172,0.6433612162897466,-34.14332270611318,19.319970613818292,0.6433612162897466,Sp2116+0341
-0.5,None,2.048516527363621,9.517229605123928,-21.404226883185352,27.434436577078397,9.517229605123928,Sp2116+2238
-0.5,None,8.173022890753057,14.356127269204388,-12.524877183412073,30.797767351797916,14.356127269204388,Sp2117+3428
-0.5,None,-26.148680110708263,-20.89860056741178,-48.56404269754937,-7.460163445306028,-20.89860056741178,Sp2118-4505
-0.5,None,-3.114149879922453,2.858078440110649,-29.05608572747671,21.455646119488463,2.858078440110649,Sp2120+1021
-0.5,None,-24.765283178676526,-20.06074394621863,-48.435902892762485,-5.855450214238312,-20.06074394621863,Sp2120-4130
-0.5,None,5.615090125235963,8.62172868720259,-17.620273110314876,26.145290812707294,8.62172868720259,Sp2126+2531
-0.5,None,-20.487459856371892,-17.476311737684583,-46.72776234825102,-1.4788244587203114,-17.476311737684583,Sp2126-3143
-0.5,None,-29.034261175986607,-28.61635060440174,-33.406546009726,-25.576279475852434,-28.61635060440174,Sp2126-8140
-0.5,None,1.5618224745782183,4.441972965690905,-23.463132871599456,22.702117048918993,4.441972965690905,Sp2127+1652
-0.5,None,19.077561363873325,21.006194907871834,4.486611072546948,32.60726984762724,21.006194907871834,Sp2127+5553
-0.5,None,-23.816052553551593,-21.463229589307772,-47.18551200616438,-7.285670142281766,-21.463229589307772,Sp2127-4215
-0.5,None,-29.12522051203414,-28.40732828632924,-36.99405062526013,-23.10922942211168,-28.40732828632924,Sp2127-7508
-0.5,None,-28.491871236180156,-27.299745975108465,-41.664695713264905,-18.827389893799648,-27.299745975108465,Sp2128-6510
-0.5,None,-10.012595390581028,-8.43715024725188,-38.04143931946597,9.939312683860383,-8.43715024725188,Sp2130-0845
-0.5,None,0.9926379439952288,1.9529819493392633,-24.728434187688354,20.362334128216148,1.9529819493392633,Sp2132+1341
-0.5,None,5.822700936546993,6.375797856468944,-18.102064487795655,24.056370052469283,6.375797856468944,Sp2133+2321
-0.5,None,6.4495294273862225,6.413625215536589,-17.377376021326757,24.007200811399173,6.4495294273862225,Sp2134+2404
-0.5,None,13.053117410441281,13.13633873605149,-7.198058007872575,28.65604353158175,13.13633873605149,Sp2134+3838
-0.5,None,-18.24161771239457,-18.922423218205868,-44.57567776216162,-2.6169169415088107,-18.24161771239457,Sp2135-3040
-0.5,None,-18.83897187261337,-19.244960602559487,-44.93723511900398,-3.1293933233683053,-18.83897187261337,Sp2135-3153
-0.5,None,2.6026299124856727,1.4500506349102191,-23.06566768241304,19.763224856422074,2.6026299124856727,Sp2137+1450
-0.5,None,-7.047930156533597,-8.33968165058652,-34.984384721255424,10.214577607418919,-7.047930156533597,Sp2137-0527
-0.5,None,-27.792466875104108,-28.545028366305235,-39.88256395771201,-20.662849016512098,-27.792466875104108,Sp2137-6723
-0.5,None,-28.11644312606962,-28.79070313548982,-38.701808463999605,-21.814507338874833,-28.11644312606962,Sp2137-7014
-0.5,None,-9.131831838928973,-30.96370450736124,-33.91538965621025,-14.393714457509127,-9.131831838928973,Sp2230-3358
-0.5,None,-17.933209465827254,-33.99559669482498,-36.360226670804025,-21.66561260665641,-17.933209465827254,Sp2230-5344
-0.5,None,11.904798165497695,-13.026964379218498,-15.583952858965331,5.185509737988286,11.904798165497695,Sp2232+0909
-0.5,None,22.29261064656424,0.4770403763316482,-1.1155154491487163,15.841757033912646,22.29261064656424,Sp2233+3359
-0.5,None,22.89992147512428,1.4966264815519965,-0.05693196811452187,16.558977275761787,22.89992147512428,Sp2233+3547
-0.5,None,18.69449411389086,-5.269348095280647,-6.846339049224194,11.524678367373703,18.69449411389086,Sp2234+2359
-0.5,None,-5.343054600853941,-29.694729763832836,-31.427230961125197,-12.200933420657481,-5.343054600853941,Sp2234-2720
-0.5,None,10.462969916108747,-16.340689435097797,-17.404387218886896,2.1067500420447143,10.462969916108747,Sp2235+0418
-0.5,None,16.858775740186992,-8.562698988483033,-9.581277259357531,8.8123634815541,16.858775740186992,Sp2235+1840
-0.5,None,24.723858303146443,2.9309738956347977,2.627185126259284,17.280861401223554,24.723858303146443,Sp2237+3922
-0.5,None,26.083742075554323,5.424592681718929,5.305693061353045,18.883871737586695,26.083742075554323,Sp2238+4353
-0.5,None,25.59153624806019,2.9604458983219053,3.6741310508069303,17.06977532251021,25.59153624806019,Sp2240+4018
-0.5,None,-11.660370427656886,-34.638886912854744,-33.829545047269015,-19.583225658024954,-11.660370427656886,Sp2240-4253
-0.5,None,-6.680958460533797,-32.87767005221986,-31.488475967149455,-16.036826950529314,-6.680958460533797,Sp2241-3258
-0.5,None,-18.676331988271066,-35.59225220455511,-34.619500875882714,-24.79084492322718,-18.676331988271066,Sp2241-5915
-0.5,None,-19.531984610105845,-35.41911773485505,-34.54648796087551,-25.26243844906771,-19.531984610105845,Sp2241-6119
-0.5,None,-24.411809228879775,-33.15709792080872,-32.63193224206513,-27.66598962628053,-24.411809228879775,Sp2241-7500
-0.5,None,21.16840904269078,-5.8978384831674155,-4.255061834783892,10.52553596146912,21.16840904269078,Sp2242+2542
-0.5,None,-18.632734429663724,-35.74779221880932,-34.43644264343331,-25.02774174873109,-18.632734429663724,Sp2243-5932
-0.5,None,-5.004145326952902,-32.933463475481695,-30.232694741940325,-15.749498615848717,-5.004145326952902,Sp2244-3045
-0.5,None,29.920917802976025,12.365114996817274,14.003420216574941,22.450278607725615,29.920917802976025,Sp2245+5750
-0.5,None,19.78395597497337,-10.030682474835833,-6.68866755578239,7.0365064894591685,19.78395597497337,Sp2247+1955
-0.5,None,-24.896290306032554,-32.79282341547869,-31.750261945394485,-28.235338245259403,-24.896290306032554,Sp2247-7733
-0.5,None,24.69955395673883,-3.2467908706967727,0.4520285101914291,12.120423007982737,24.69955395673883,Sp2249+3205
-0.5,None,-16.096020930368365,-36.95757070091734,-33.43188229474296,-25.06442325218379,-16.096020930368365,Sp2250-5543
-0.5,None,-16.58947693137725,-36.83398073627641,-33.53687017696804,-25.224399413395773,-16.58947693137725,Sp2250-5640
-0.5,None,3.201099257974522,-30.072215267112185,-24.004538978841822,-11.622220388616395,3.201099257974522,Sp2252-1730
-0.5,None,-12.153327396623306,-37.35051924700046,-32.37570591043272,-23.361450650749763,-12.153327396623306,Sp2253-4801
-0.5,None,-2.060896840706775,-34.44954636262036,-27.512873538259267,-16.904670517431143,-2.060896840706775,Sp2254-2840
-0.5,None,-16.203430602393684,-37.49830390913656,-32.85063660538295,-26.032574581434513,-16.203430602393684,Sp2255-5713
-0.5,None,13.24350633845814,-22.764433169608353,-14.83389869095609,-4.281533778953725,13.24350633845814,Sp2256+0031
-0.5,None,31.427142380412647,17.66743199376131,20.3448470308211,24.54945669598704,31.427142380412647,Sp2256+6854
-0.5,None,-7.788001046355295,-37.37778840230477,-30.330568005196138,-21.67493906763414,-7.788001046355295,Sp2257-4030
-0.5,None,-10.779301597984114,-38.077977377168104,-31.38399911716547,-23.716925008679343,-10.779301597984114,Sp2257-4638
-0.5,None,14.058852142725133,-22.85477241724505,-14.014417206404785,-4.417562966581835,14.058852142725133,Sp2258+0113
-0.5,None,30.41742150349329,23.595159480898392,25.139214288271326,26.907917970904645,30.41742150349329,Sp2259+8013
-0.5,None,-14.379710605794545,-38.24187247132585,-32.13669380697259,-25.91422193445749,-14.379710605794545,Sp2259-5420
-0.5,None,23.667728156541127,-12.415681509239729,-2.935511670303597,4.239675992910055,23.667728156541127,Sp2303+2100
-0.5,None,12.604257954688428,-27.682600604736276,-15.375395291769463,-9.059367640167912,12.604257954688428,Sp2306-0502
-0.5,None,-11.246398269541634,-39.63542748822363,-30.43731542958183,-26.10952261402277,-11.246398269541634,Sp2306-5008
-0.5,None,1.1244647103014187,-36.904926777969486,-24.303639918224167,-19.095945744308295,1.1244647103014187,Sp2308-2722
-0.5,None,6.617435815090804,-34.237334855969856,-20.25906231943433,-15.718238483504061,6.617435815090804,Sp2310-1759
-0.5,None,32.94819485327969,16.824091881353027,22.106813695794408,23.2551555668078,32.94819485327969,Sp2314+6939
-0.5,None,13.887837354924354,-30.421579317972622,-13.965712502968985,-11.794783768485328,13.887837354924354,Sp2315-0627
-0.5,None,5.885696571571293,-37.02309152384628,-20.345991892006133,-18.668381430805503,5.885696571571293,Sp2316-2141
-0.5,None,33.7847480369484,13.298717224112776,20.344364737212093,21.135193140812593,33.7847480369484,Sp2317+6423
-0.5,None,16.171313288957172,-28.79165449642707,-11.839503608210356,-10.3008847341128,16.171313288957172,Sp2317-0236
-0.5,None,32.07300627677414,20.841242065229793,24.90558999994589,25.11277361045484,32.07300627677414,Sp2319+7645
-0.5,None,11.28418127854867,-34.78950020662731,-15.950720836897862,-16.116134859476542,11.28418127854867,Sp2321-1326
-0.5,None,1.429423272097174,-41.005883739182075,-22.786516864408387,-23.577449188036365,1.429423272097174,Sp2322-3133
-0.5,None,-13.335050079325722,-41.228265447841274,-29.021426982824593,-30.09260320456951,-13.335050079325722,Sp2324-5817
-0.5,None,34.34371111868106,-1.9537185327962916,12.18353370256694,10.626621379505373,34.34371111868106,Sp2325+4251
-0.5,None,10.183791741744134,-37.89065608050282,-16.432535781009978,-19.29183649497318,10.183791741744134,Sp2327-1741
-0.5,None,31.37370374421437,-13.162465133494594,5.280214208846209,2.074541070214513,31.37370374421437,Sp2329+2704
-0.5,None,35.42491434480761,0.024284223877683628,14.380314035276438,11.791937155507513,35.42491434480761,Sp2329+4626
-0.5,None,11.526967090577337,-37.79632833348197,-15.254095921153851,-19.149269682451177,11.526967090577337,Sp2329-1607
-0.5,None,-10.495010912824432,-42.67489012881523,-27.711228088002237,-30.247859908564077,-10.495010912824432,Sp2329-5408
-0.5,None,-6.656422969004372,-43.58435572947704,-26.180622703509936,-29.302493363033033,-6.656422969004372,Sp2330-4736
-0.5,None,27.834221983268847,-20.888008457415907,0.24744551800217934,-4.163749180538179,27.834221983268847,Sp2331+1552
-0.5,None,18.328530992001095,-32.48720242181007,-9.536931000849279,-14.016786110598465,18.328530992001095,Sp2331-0406
-0.5,None,5.103728594595992,-41.97861010535339,-19.696053625664124,-24.0375642747353,5.103728594595992,Sp2331-2749
-0.5,None,33.36123577935318,19.021731021357464,25.20989295502461,23.691807967348172,33.36123577935318,Sp2333+7456
-0.5,None,9.179965734792662,-40.65370710380243,-16.722218753188855,-22.198015013672297,9.179965734792662,Sp2333-2133
-0.5,None,29.966124921518198,-19.082663709954705,2.70558804939056,-2.899234346711423,29.966124921518198,Sp2334+1933
-0.5,None,20.107094162336942,-32.459558297214336,-7.8146227083034505,-14.110110832996344,20.107094162336942,Sp2335-0223
-0.5,None,29.953435287809896,-20.006140834983597,2.5689902391805557,-3.7311679811327303,29.953435287809896,Sp2336+1835
-0.5,None,31.27081611775755,-17.894318557731694,4.2658977500020185,-2.083458858472147,31.27081611775755,Sp2336+2153
-0.5,None,36.59857787613783,-2.626876027265206,14.627306708266351,9.399670532315639,36.59857787613783,Sp2337+4405
-0.5,None,16.70511777216159,-36.54761069171551,-10.69077863881561,-17.914029485528715,16.70511777216159,Sp2337-0933
-0.5,None,36.110883159709225,11.255454435342596,22.28470766644942,18.842598053335706,36.110883159709225,Sp2338+6352
-0.5,None,15.241129671017593,-38.37709856385933,-11.793528918741716,-19.698002561264275,15.241129671017593,Sp2338-1246
-0.5,None,10.758063711516028,-41.39336316131103,-15.20780365356349,-22.8599533220793,10.758063711516028,Sp2338-2029
-0.5,None,-5.455334260881501,-44.952461761085246,-24.822902792353833,-30.60618870047134,-5.455334260881501,Sp2338-4726
-0.5,None,35.58555468848766,-9.230287628656939,11.00374112441303,4.409881556258257,35.58555468848766,Sp2339+3507
-0.5,None,6.4893849481229156,-44.87608890361188,-17.721380808263106,-26.98704722399591,6.4893849481229156,Sp2343-2906
-0.5,None,29.637311262845852,-25.045981179335122,1.751007122660552,-8.277858475729836,29.637311262845852,Sp2344+1312
-0.5,None,19.215710853598306,-37.04587420671716,-8.271722345225799,-18.504610276319813,19.215710853598306,Sp2344-0733
-0.5,None,36.08470709953193,13.557630200994964,24.285058163991387,19.95223270286096,36.08470709953193,Sp2345+6758
-0.5,None,29.344627066778312,-26.54803807682498,1.365124409888474,-9.61677089829948,29.344627066778312,Sp2346+1129
-0.5,None,35.27109412136957,-16.168895696336296,8.872500960938321,-1.4173686789805138,35.27109412136957,Sp2347+2702
-0.5,None,20.497185764150068,-37.38862935622021,-7.0214090491330765,-18.91011398201194,20.497185764150068,Sp2347-0638
-0.5,None,5.81809324433199,-46.390196478202604,-17.697848272514804,-28.771346415757144,5.81809324433199,Sp2348-3134
-0.5,None,16.853254556643137,-41.176461867408136,-9.86861245906319,-22.49954588086002,16.853254556643137,Sp2349-1344
-0.5,None,28.667213327346715,-29.44235965856302,0.5908835727238115,-12.203687195863179,28.667213327346715,Sp2350+0806
-0.5,None,36.91069900979238,-14.51022893154607,11.030282044954351,-0.37649769096227886,36.91069900979238,Sp2351+3010
-0.5,None,13.60931088757134,-44.370536267560695,-12.083012533426716,-25.77045988197477,13.60931088757134,Sp2352-2009
-0.5,None,20.682987346230988,-39.665837294270645,-6.569490209792139,-21.13838654638095,20.682987346230988,Sp2353-0833
-0.5,None,37.29547261855636,-16.0143130107109,11.101540676672974,-1.7606947924350347,37.29547261855636,Sp2354+2849
-0.5,None,14.80246710629278,-44.3961513161908,-11.050033377248202,-25.752006641405764,14.80246710629278,Sp2354-1852
-0.5,None,5.680284320267423,-47.81775923283813,-17.258767424850994,-30.404275974394427,5.680284320267423,Sp2354-3316
-0.5,None,-13.21545644911487,-43.12165861296131,-26.260342408783714,-33.824345160401286,-13.21545644911487,Sp2354-6312
-0.5,None,-9.897990071105001,-45.17678711233262,-25.01294426118558,-34.095807012360424,-9.897990071105001,Sp2355-5800
-0.5,None,5.265753305911821,-48.36279607939897,-17.322831357501258,-31.11841535986698,5.265753305911821,Sp2356-3426
-0.5,None,2.784365444127631,-48.72130415584251,-18.726515073445448,-32.205292226118345,2.784365444127631,Sp2356-3827
-0.5,None,39.84498003478312,-7.97088630204208,16.343430704758312,4.224239358463243,39.84498003478312,Sp2357+4011
-0.5,None,39.439867953619675,4.986555575996798,22.501440643058114,13.658158146302446,39.439867953619675,Sp2357+5727
-0.5,None,-12.560089781867314,-43.747470219026475,-25.69397390190441,-34.3379882281797,-12.560089781867314,Sp2358-6245
-0.5,None,36.72290866345327,-20.411978608979467,9.649502066881645,-5.465644390861042,36.72290866345327,Sp2359+2338
-0.5,None,14.955833450201723,-45.93816948268353,-10.560387049795168,-27.31533369515058,14.955833450201723,Sp2359-2007
-0.5,None,8.866012647496968,-48.279201371220594,-14.79724981737269,-30.336696321447196,8.866012647496968,Sp2359-2932
