priority,set or rise,alt set start,alt rise start,alt set end,alt rise end,max_alt,Sp_ID
-0.5,None,21.297422637757748,-44.087740619675024,-4.783415426208233,-26.372017074596272,21.297422637757748,Sp0000-1245
-0.5,None,37.77765498386435,-25.858160415375757,9.930600594886977,-10.865230755743129,37.77765498386435,Sp0001+1535
-0.5,None,30.376868144148872,-36.05624327948702,2.820821759937759,-19.39496607750085,30.376868144148872,Sp0002+0115
-0.5,None,44.57524497024013,7.438314770883284,27.791357107215187,15.154810938126992,44.57524497024013,Sp0004+5843
-0.5,None,19.15421523566612,-47.209794887979434,-6.1156390674031,-29.382173574505778,19.15421523566612,Sp0004-1709
-0.5,None,16.491807430847988,-48.82017769356619,-8.11229044247401,-30.980037128034272,16.491807430847988,Sp0004-2058
-0.5,None,2.4563873255250654,-52.99429369150283,-17.60193638677557,-37.24774738463547,2.4563873255250654,Sp0004-4044
-0.5,None,31.57057153939009,-35.92042422021906,3.9778328844697106,-19.42413186040285,31.57057153939009,Sp0005+0217
-0.5,None,15.99907957184365,-49.449009012604265,-8.3837983882373,-31.621818669081208,15.99907957184365,Sp0005-2157
-0.5,None,33.21873067007534,-34.56874004108029,5.499060091041088,-18.36330760096283,33.21873067007534,Sp0006+0439
-0.5,None,25.859483885783956,-42.46288955209944,-0.7679974508453781,-25.101260431149388,25.859483885783956,Sp0006-0732
-0.5,None,14.105260719470055,-50.82568375257857,-9.636671643350581,-33.08851022003234,14.105260719470055,Sp0007-2458
-0.5,None,44.588205141478724,-16.63358139374932,17.94626812654158,-3.8538658631032616,44.588205141478724,Sp0008+2911
-0.5,None,46.70657529548163,-0.5159850452111346,25.72439478526675,8.881370685222064,46.70657529548163,Sp0008+4918
-0.5,None,45.93936725219898,4.01613209964388,27.348959969784882,12.371938404636232,45.93936725219898,Sp0008+5453
-0.5,None,26.414738346964324,-43.359799693384296,-0.0975285042059958,-26.026342371474257,26.414738346964324,Sp0010-0746
-0.5,None,17.7005002820094,-49.7647977502473,-6.812231799081529,-31.91700360814234,17.7005002820094,Sp0010-2031
-0.5,None,45.39650373778526,7.210760802887277,28.82068979481329,14.647257243982358,45.39650373778526,Sp0011+5908
-0.5,None,8.52539945423475,-53.76399660433787,-13.137725229652036,-36.753285629722136,8.52539945423475,Sp0011-3334
-0.5,None,46.96515653956411,1.3272370609043243,27.06994111535661,10.122413295042737,46.96515653956411,Sp0012+5159
-0.5,None,47.43046458250808,-8.322577730054054,23.227847144421485,2.538306498074381,47.43046458250808,Sp0013+4012
-0.5,None,28.859407114578854,-42.290163805488476,2.073824719478304,-25.23949999156605,28.859407114578854,Sp0013-0457
-0.5,None,16.89375487599551,-51.43408182295482,-7.083060191275714,-33.60360257635668,16.89375487599551,Sp0013-2235
-0.5,None,9.555871597764286,-54.2691761273227,-12.183109984112328,-37.135637131225266,9.555871597764286,Sp0014-3245
-0.5,None,-2.144394481406723,-53.897984560130816,-19.450344655959146,-40.171017725584335,-2.144394481406723,Sp0014-4844
-0.5,None,47.34920532091612,-12.638875013482048,21.80505447575493,-1.0585821893605327,47.34920532091612,Sp0015+3516
-0.5,None,47.978682718617456,-6.566489735249852,24.509798235492116,3.8014365700573896,47.978682718617456,Sp0015+4239
-0.5,None,3.956486467379731,-55.3847059761277,-15.552120080114964,-39.63324982861923,3.956486467379731,Sp0017-4054
-0.5,None,-13.039865101811836,-48.491870002228886,-24.931794938271615,-39.90660488185875,-13.039865101811836,Sp0018-6356
-0.5,None,33.34296375859651,-39.73264149116261,6.082005292566953,-23.35033124878067,33.34296375859651,Sp0019+0030
-0.5,None,35.985092615008796,-36.74978490209199,8.379447014959792,-20.890736516638345,35.985092615008796,Sp0019+0450
-0.5,None,48.044225354893335,0.8737083014730379,28.219286035006498,9.399110879681585,48.044225354893335,Sp0019+5213
-0.5,None,6.882216438079056,-55.86835467891231,-13.46505694181656,-39.40763383364671,6.882216438079056,Sp0019-3724
-0.5,None,47.91491629361271,-14.985145595905008,21.82500652517875,-3.2271092467267164,47.91491629361271,Sp0020+3305
-0.5,None,18.444484661186408,-52.59759909636018,-5.4207419020031935,-34.75111047837684,18.444484661186408,Sp0020-2155
-0.5,None,3.054915424723647,-55.96200471584863,-15.783200572573344,-40.62782030909442,3.054915424723647,Sp0021-4244
-0.5,None,-12.778186467932553,-48.78699765830459,-24.625520933568183,-40.21240818398786,-12.778186467932553,Sp0021-6351
-0.5,None,40.5097975196407,-31.898205315361515,12.609996536289852,-17.06940892437351,40.5097975196407,Sp0022+1203
-0.5,None,32.81040431261228,-42.37001398324569,5.900090574909076,-25.825194938582552,32.81040431261228,Sp0024-0158
-0.5,None,15.261562169613496,-55.25852890897442,-7.34543178777902,-37.559342690793905,15.261562169613496,Sp0024-2708
-0.5,None,48.40750778298302,2.22017794210484,29.552966013008472,10.178651052930231,48.40750778298302,Sp0025+5422
-0.5,None,38.43000024342107,-36.75329972277906,10.789357098023746,-21.317141696108376,38.43000024342107,Sp0026+0632
-0.5,None,-5.249238912828373,-53.85193452989532,-20.250902992675204,-42.05543115981904,-5.249238912828373,Sp0026-5428
-0.5,None,46.352750511566875,-24.685844511818136,18.690881674986887,-11.546010177295829,46.352750511566875,Sp0027+2219
-0.5,None,-4.86065388159592,-54.09291284412843,-19.99463343125893,-42.147915897774865,-4.86065388159592,Sp0027-5401
-0.5,None,46.62710839710625,-24.345426258144574,18.99901531678102,-11.295539258598831,46.62710839710625,Sp0028+2249
-0.5,None,42.40595785941338,-32.3167265307584,14.508183011347434,-17.8421631010613,42.40595785941338,Sp0029+1255
-0.5,None,47.04208063197845,-24.681304552972975,19.392122946492904,-11.699613951863435,47.04208063197845,Sp0030+2244
-0.5,None,39.66184467404283,-37.40542715860813,12.057820033738656,-22.17104237171034,39.66184467404283,Sp0031+0649
-0.5,None,7.41241762317104,-58.17133548109877,-12.101272980374546,-41.90815775326092,7.41241762317104,Sp0031-3840
-0.5,None,36.99773759629911,-40.75578855819981,9.776279619155154,-24.92397539044402,36.99773759629911,Sp0032+0219
-0.5,None,49.55749135075116,-19.396438141510576,22.658603812684415,-7.519913127517447,49.55749135075116,Sp0032+2927
-0.5,None,25.281650768490078,-52.25423578770613,0.6356210795513454,-34.63728670744446,25.281650768490078,Sp0033-1521
-0.5,None,51.55791099830734,-10.080086015245028,27.291507465621056,-0.10707904265025396,51.55791099830734,Sp0034+4050
-0.5,None,50.12252903589127,-20.35798715322421,23.084550554148745,-8.518702732999945,50.12252903589127,Sp0035+2848
-0.5,None,46.502849759163915,-29.048222868543167,18.607971921031925,-15.633220696102308,46.502849759163915,Sp0036+1821
-0.5,None,22.021788530714606,-55.43895600388466,-1.4962648685372535,-37.61750332590955,22.021788530714606,Sp0036-2031
-0.5,None,52.12927157352294,-11.816412998850222,27.325538350921317,-1.6969284096697546,52.12927157352294,Sp0037+3910
-0.5,None,45.47025823672414,-33.60957678455355,17.596784227598793,-19.719137769049983,45.47025823672414,Sp0041+1341
-0.5,None,-5.410740644847074,-54.8511872692076,-19.23681347879787,-43.92718009928466,-5.410740644847074,Sp0041-5621
-0.5,None,32.66646045423611,-49.23963924656249,6.942706002819359,-32.494001705563775,32.66646045423611,Sp0042-0712
-0.5,None,50.466587420848256,-24.98230780769027,22.846882850901302,-12.79001374942618,50.466587420848256,Sp0043+2426
-0.5,None,50.467091579677344,2.359324069021705,32.54920510618442,9.40273547476879,50.467091579677344,Sp0044+5610
-0.5,None,11.246075346050063,-61.10059059548223,-8.270306906806072,-44.29696434080152,11.246075346050063,Sp0045-3604
-0.5,None,40.1025048628909,-42.74083297433058,13.085939744826263,-27.422642660119838,40.1025048628909,Sp0046+0252
-0.5,None,12.445948432866288,-61.22333189114142,-7.381522098463814,-44.18732746171712,12.445948432866288,Sp0046-3442
-0.5,None,34.30956349903953,-50.09615642527846,8.70688904311315,-33.5826524583878,34.30956349903953,Sp0049-0635
-0.5,None,27.835446179906747,-55.863900170962616,3.90621146300574,-38.39595535196447,27.835446179906747,Sp0050-1538
-0.5,None,24.35806715533244,-58.0859687823426,1.3358233493380334,-40.326626386757255,24.35806715533244,Sp0050-2008
-0.5,None,49.88195978450999,-30.753717840137323,21.965057361031395,-18.021314321929896,49.88195978450999,Sp0051+1844
-0.5,None,22.43008666846921,-59.49903442891221,0.045503027499815066,-41.66100184146095,22.43008666846921,Sp0051-2251
-0.5,None,22.421529459090213,-59.56325332957574,0.05766341332143145,-41.724748070157204,22.421529459090213,Sp0051-2254
-0.5,None,46.16113209146629,11.742428024329095,34.329543938794934,16.537516640445347,46.16113209146629,Sp0052+6724
-0.5,None,19.30130179151621,-61.26347432959312,-2.056572434390013,-43.46602104526373,19.30130179151621,Sp0052-2705
-0.5,None,-9.167096540580097,-52.68321755383506,-20.687234457978604,-44.03840356312541,-9.167096540580097,Sp0052-6201
-0.5,None,53.79966042719858,-4.007769285681492,32.84509447101444,3.797667544505648,53.79966042719858,Sp0053+4942
-0.5,None,53.74738670902521,-3.7415245486264768,32.93618794685599,4.0054640877916885,53.74738670902521,Sp0053+5001
-0.5,None,11.778036254809782,-62.585437371204264,-7.266009494431895,-45.8385489410308,11.778036254809782,Sp0053-3631
-0.5,None,16.568443456306827,-62.56145962271578,-3.792997731005125,-45.00415296468812,16.568443456306827,Sp0055-3052
-0.5,None,-3.0736112129380886,-57.257863563451394,-16.84432877897954,-46.041428606403855,-3.0736112129380886,Sp0055-5450
-0.5,None,54.897578443060524,-5.388833613326154,33.453889554671804,2.404339138302932,54.897578443060524,Sp0058+4835
-0.5,None,35.72195904253652,-51.94888193415148,10.486185623784774,-35.64244088158157,35.72195904253652,Sp0058-0651
-0.5,None,51.93709697878992,2.4761852152930337,34.82263352693918,8.804896185738295,51.93709697878992,Sp0059+5726
-0.5,None,54.051731931870854,-1.7383098066301281,34.65080554789268,5.250336537605758,54.051731931870854,Sp0102+5254
-0.5,None,11.952651950639519,-64.42125299565922,-6.3203427411788855,-47.88162619178339,11.952651950639519,Sp0102-3737
-0.5,None,-9.625986313179606,-52.619678995711176,-20.334500906295357,-44.700323868880055,-9.625986313179606,Sp0102-6322
-0.5,None,55.33265943282023,-25.53073003291612,27.73518633765121,-14.530239006011875,55.33265943282023,Sp0103+2626
-0.5,None,56.375118727478345,-8.795910434371391,33.478863657227684,-0.6369770223340374,56.375118727478345,Sp0103+4509
-0.5,None,40.86598407803106,-48.2317322101605,14.76698277037758,-32.975611889252285,40.86598407803106,Sp0103-0044
-0.5,None,-1.596895475752651,-58.79285551430589,-15.31549348190027,-47.39299528393968,-1.596895475752651,Sp0103-5351
-0.5,None,50.83858417379289,-35.64189004699452,23.038950419395192,-22.92617166146293,50.83858417379289,Sp0104+1457
-0.5,None,-6.151087099675082,-55.60996022217289,-17.961820257353256,-46.41093846270311,-6.151087099675082,Sp0106-5933
-0.5,None,55.54211314859632,-27.551671636034282,27.770973996124162,-16.447546711038417,55.54211314859632,Sp0107+2435
-0.5,None,46.76502026472528,-43.405524174291706,19.805738383343268,-29.540899280637984,46.76502026472528,Sp0109+0625
-0.5,None,57.47513001376478,-23.128972611870203,30.23440958344457,-12.93060701164824,57.47513001376478,Sp0109+2949
-0.5,None,39.90478581698912,-51.58328166234343,14.530268590758164,-36.104189147879325,39.90478581698912,Sp0109-0343
-0.5,None,2.229182658889304,-61.67915016496657,-12.378138381032903,-48.947354242673505,2.229182658889304,Sp0109-4954
-0.5,None,1.2844102553074925,-61.092976532497985,-13.011723684671045,-48.764547394628195,1.2844102553074925,Sp0109-5100
-0.5,None,3.116804885306994,-62.4402521770779,-11.584094432697757,-49.476195247416335,3.116804885306994,Sp0111-4908
-0.5,None,32.601447595228876,-59.595713677942356,9.441874358719373,-42.67781601743876,32.601447595228876,Sp0113-1408
-0.5,None,-10.089213867846507,-52.54376062749155,-19.75983052063003,-45.56670246727481,-10.089213867846507,Sp0116-6455
-0.5,None,54.894903907288025,-34.574875146804025,27.037033512762495,-22.940634123835746,54.894903907288025,Sp0117+1752
-0.5,None,34.17385503267549,-59.36929063252611,10.903089741641255,-42.72259283850234,34.17385503267549,Sp0117-1247
-0.5,None,38.710660504196554,-56.357610955785255,14.549133514395644,-40.634323246204204,38.710660504196554,Sp0120-0741
-0.5,None,7.681733477471867,-65.88695402873236,-7.729459579242161,-51.5261642358124,7.681733477471867,Sp0121-4447
-0.5,None,9.77106175254346,-67.19190279525574,-6.047027251454098,-52.144844653051976,9.77106175254346,Sp0123-4240
-0.5,None,47.91586954076824,11.313933018993078,37.255437239216164,15.175098543152524,47.91586954076824,Sp0124+6819
-0.5,None,36.371079736200635,25.428534501722005,33.518593251221894,26.67341796649614,36.371079736200635,Sp0124+8334
-0.5,None,17.42637841032083,-69.00261417359118,-0.5834038083348146,-51.71462945121145,17.42637841032083,Sp0124-3355
-0.5,None,60.57915413917755,-25.49005227094557,33.06378037097175,-15.926887232745404,60.57915413917755,Sp0125+2847
-0.5,None,54.93810918712143,-38.77129568191892,27.408824835554938,-27.079245297256637,54.93810918712143,Sp0126+1419
-0.5,None,19.69137121166057,-69.5409108599466,1.3103107034926023,-51.93708392818238,19.69137121166057,Sp0127-3140
-0.5,None,47.37630194085302,-49.582454625352575,21.637984367349556,-35.94161014270277,47.37630194085302,Sp0128+0211
-0.5,None,57.31610807693551,-36.41584392962105,29.576568909484113,-25.41068586946005,57.31610807693551,Sp0130+1721
-0.5,None,44.514303631216045,-53.567351237160636,19.70605022747009,-39.256690295804425,44.514303631216045,Sp0130-0211
-0.5,None,8.502497137120054,-67.38333926561673,-6.398060594764168,-53.188062700001076,8.502497137120054,Sp0130-4445
-0.5,None,61.470908893182596,-28.856917131481392,33.64256739888086,-19.292136034108047,61.470908893182596,Sp0132+2552
-0.5,None,39.2515989778514,-59.33149106022275,15.971292222972728,-43.79216478102775,39.2515989778514,Sp0132-0910
-0.5,None,19.287254289580805,-71.04103280723918,1.6276179456136182,-53.574841163237295,19.287254289580805,Sp0134-3255
-0.5,None,55.400867656107444,-41.754056980034065,28.291757897929667,-30.226078240215227,55.400867656107444,Sp0135+1205
-0.5,None,-16.53087115454422,-46.51612173967375,-22.745970093049753,-42.713197739913944,-16.53087115454422,Sp0138-7320
-0.5,None,32.8414322016655,-66.6692587332631,11.934152661970858,-49.78171395518287,32.8414322016655,Sp0139-1757
-0.5,None,59.92000149908412,-36.79887530516733,32.23473196200536,-26.55379525694721,59.92000149908412,Sp0141+1804
-0.5,None,27.60295392299792,-70.51678848035867,8.319621195007295,-52.8309802993163,27.60295392299792,Sp0141-2417
-0.5,None,60.56855442206951,-5.53434806718987,41.050118030939466,0.026975353087454846,60.56855442206951,Sp0144+5121
-0.5,None,42.568833428054184,-59.711045722735264,19.562042274848867,-45.134079194516126,42.568833428054184,Sp0144-0716
-0.5,None,22.921739844104714,-73.89386466937256,5.583225714934534,-56.112043138788344,22.921739844104714,Sp0148-3024
-0.5,None,-5.997157755176745,-56.84428616711568,-15.253421580779916,-50.02003978494395,-5.997157755176745,Sp0148-6209
-0.5,None,52.673037518540404,6.710862140411007,40.68669066202115,10.372450004863294,52.673037518540404,Sp0151+6423
-0.5,None,48.8129482223606,-55.13989454187649,24.76587498157652,-42.300239484442315,48.8129482223606,Sp0151-0051
-0.5,None,-8.043117310252429,-54.91312336837757,-16.531880486731268,-48.95057170419168,-8.043117310252429,Sp0151-6430
-0.5,None,65.72720388791379,-13.930594598744221,42.162221277893764,-7.78527927918504,65.72720388791379,Sp0154+4305
-0.5,None,57.48335586743832,-45.717245348355576,31.312675747407123,-35.071264896470474,57.48335586743832,Sp0155+0950
-0.5,None,53.09061094282046,-51.72301636337744,28.331910265495505,-40.09188412082237,53.09061094282046,Sp0156+0331
-0.5,None,51.005363153710725,9.03985371716007,40.58705479895972,12.233199658831985,51.005363153710725,Sp0157+6656
-0.5,None,63.381387844611424,-38.15875951290106,35.93023357067044,-29.031179892695626,63.381387844611424,Sp0158+1807
-0.5,None,45.89098252203498,-60.6431620919435,23.571407991548853,-47.35348611062122,45.89098252203498,Sp0200-0554
-0.5,None,59.089217271238454,-45.85277465816322,33.0965941947315,-35.806788039608016,59.089217271238454,Sp0202+1020
-0.5,None,48.00090232858545,12.773101118143158,39.81059325015772,15.347571629851847,48.00090232858545,Sp0202+7053
-0.5,None,18.635212135344595,-76.64004716119021,3.831802318097621,-60.04314458625408,18.635212135344595,Sp0204-3632
-0.5,None,15.643613808750102,-75.27909740648147,1.5859107513882207,-59.89722215523122,15.643613808750102,Sp0204-3945
-0.5,None,61.351337149306424,-43.666535947186254,34.94866669123738,-34.22894661201662,61.351337149306424,Sp0205+1251
-0.5,None,45.59457668786686,-62.02589589338047,23.816026673173653,-48.8241119314253,45.59457668786686,Sp0205-0653
-0.5,None,62.533285688649286,-42.82118101613294,36.00673094147235,-33.735432439966175,62.533285688649286,Sp0207+1355
-0.5,None,25.04576910384531,-77.90590738225167,8.951682654418184,-60.063503581038326,25.04576910384531,Sp0207-2955
-0.5,None,18.0776463712256,-76.87751553983091,3.6665936080962567,-60.608183503401314,18.0776463712256,Sp0207-3721
-0.5,None,68.96847294989789,-31.484305964759432,41.048300610452806,-24.06276853222058,68.96847294989789,Sp0208+2542
-0.5,None,64.52099043351947,-7.964204215682594,44.82441276354069,-3.2514499595002766,64.52099043351947,Sp0208+4949
-0.5,None,4.098545749360982,-66.72971713831697,-6.544537050192258,-57.418514339402456,4.098545749360982,Sp0210-5228
-0.5,None,39.55801304567284,-69.3228893676286,20.080665532882566,-54.64045625849898,39.55801304567284,Sp0211-1427
-0.5,None,60.99888208685532,-46.423454895348414,35.423086550753325,-37.21245608148,60.99888208685532,Sp0212+1032
-0.5,None,69.36843823141929,-32.820404514539845,41.48400252392245,-25.52119502835333,69.36843823141929,Sp0212+2433
-0.5,None,43.14868667309803,-66.14632738771208,22.819665500650657,-52.573457571936956,43.14868667309803,Sp0212-1036
-0.5,None,68.15438834212743,-13.11137741801698,45.76029745804444,-8.123854633103278,68.15438834212743,Sp0213+4444
-0.5,None,40.476936678973935,-69.01726711761023,21.01511642607206,-54.708812572546854,40.476936678973935,Sp0213-1343
-0.5,None,49.26189387711427,-60.30461043463794,27.41825166318587,-48.49296566866053,49.26189387711427,Sp0214-0357
-0.5,None,24.922779196486996,-79.58575257583279,9.558381371057402,-61.76297440027297,24.922779196486996,Sp0215-3040
-0.5,None,63.844908509695976,-43.72121445553229,37.73319138530907,-35.26581384965743,63.844908509695976,Sp0216+1335
-0.5,None,33.10709534255017,-75.95977772235815,15.844489808329559,-59.44301126409027,33.10709534255017,Sp0216-2200
-0.5,None,72.01015760586377,-22.38229297081396,45.47849021676605,-16.63726089529636,72.01015760586377,Sp0217+3526
-0.5,None,47.745217301182294,-62.91145729261695,26.86468877712123,-50.973001584479356,47.745217301182294,Sp0218-0617
-0.5,None,24.327880991576396,-80.36218601181625,9.4243949210983,-62.6083755623465,24.327880991576396,Sp0218-3133
-0.5,None,58.693539832577294,1.0674288892506907,45.08207864636763,4.344344775597926,58.693539832577294,Sp0219+5912
-0.5,None,35.57737181758765,-74.69288836673269,18.013739350132646,-59.037002107405975,35.57737181758765,Sp0219-1938
-0.5,None,73.07939008728266,-27.362888588653828,45.39947757168299,-21.408232366084462,73.07939008728266,Sp0222+3033
-0.5,None,28.426816511505052,-80.35212965984523,12.9618264162603,-62.71631068889512,28.426816511505052,Sp0222-2732
-0.5,None,19.5460886568713,-79.78663608799323,6.118745220697837,-63.629541378797754,19.5460886568713,Sp0222-3651
-0.5,None,56.36910276326157,4.103925566432525,44.80196835847407,6.8913312553258965,56.36910276326157,Sp0225+6229
-0.5,None,66.27076065005645,-7.745700647705364,47.863103255265756,-4.0017018304460095,66.27076065005645,Sp0227+5034
-0.5,None,39.25060845470885,-72.96858119830702,21.578236615952495,-58.93030438527436,39.25060845470885,Sp0227-1624
-0.5,None,-7.017414243766158,-56.011938306279404,-13.912276493435252,-51.681664250711044,-7.017414243766158,Sp0227-6447
-0.5,None,57.20043369178767,-54.511630060283906,34.52934820180839,-45.398493536687326,57.20043369178767,Sp0228+0310
-0.5,None,68.10134014695463,-41.32570561259047,41.78235571741418,-34.26644273007318,68.10134014695463,Sp0228+1639
-0.5,None,-5.647072671444156,-57.38796368680356,-12.795176373660357,-52.78577045131615,-5.647072671444156,Sp0228-6325
-0.5,None,67.50487436109081,-9.227979379517802,48.26720858012811,-5.4263239409944255,67.50487436109081,Sp0229+4906
-0.5,None,68.49555017209663,-41.248893882174194,42.2135450951832,-34.34710013757378,68.49555017209663,Sp0230+1648
-0.5,None,45.657234007186,-67.27935996915933,26.698786360742673,-55.55572431624392,45.657234007186,Sp0230-0953
-0.5,None,34.48541960329471,-78.26327722785804,18.53935224036907,-62.7091438624695,34.48541960329471,Sp0232-2152
-0.5,None,72.49020366167204,-36.07318417352658,45.12783803355639,-30.034280910511097,72.49020366167204,Sp0233+2209
-0.5,None,75.51973313189123,-26.718642684278798,47.93645863673539,-21.592674893009992,75.51973313189123,Sp0233+3134
-0.5,None,58.890845109989215,1.69650820865457,46.562913524855986,4.362983875927708,58.890845109989215,Sp0234+6012
-0.5,None,56.22912215408789,4.7039397829208145,45.57098482234148,7.101137468718873,56.22912215408789,Sp0235+6314
-0.5,None,22.581391240465873,-83.51685126968654,9.818122279958445,-66.69042093836111,22.581391240465873,Sp0237-3434
-0.5,None,39.09060819664349,-75.27590287775168,22.847146647498764,-62.074837523638045,39.09060819664349,Sp0239-1735
-0.5,None,62.4112883033041,-50.85240019351257,39.47593592690511,-43.59622276743315,62.4112883033041,Sp0240+0727
-0.5,None,64.0953592646294,-3.8288281118683654,49.03430483045234,-1.0126813689673742,64.0953592646294,Sp0241+5444
-0.5,None,16.187128881360955,-78.98636081355956,5.220892584158315,-66.62399781795799,16.187128881360955,Sp0242-4124
-0.5,None,5.349977087502742,-68.39696280587991,-3.3504073807980936,-61.472689497642804,5.349977087502742,Sp0242-5232
-0.5,None,69.90727714136457,-10.64499444720188,50.689744129446076,-7.4329875315443745,69.90727714136457,Sp0243+4755
-0.5,None,21.742429714121187,-83.92580343797529,9.817817250444884,-68.09403243678655,21.742429714121187,Sp0244-3548
-0.5,None,70.7683029673043,-42.118523339903575,45.465906527842755,-36.544417415733484,70.7683029673043,Sp0246+1625
-0.5,None,51.58377110440314,-63.38936407490194,32.839510307901584,-54.61876413249253,51.58377110440314,Sp0246-0459
-0.5,None,78.28291481937282,-29.746054988958978,50.36339000576385,-25.405715739037706,78.28291481937282,Sp0247+2850
-0.5,None,73.26668262869725,-39.309836417505494,47.180532492149624,-34.19495748122898,73.26668262869725,Sp0248+1916
-0.5,None,40.387428626116616,-75.17723745955303,24.85220937835512,-63.38173670883419,40.387428626116616,Sp0248-1651
-0.5,None,35.67376246406605,-80.02847591734933,21.36940314928544,-66.32915628846229,35.67376246406605,Sp0249-2147
-0.5,None,26.158523927791148,-86.93733471006624,13.819081408779681,-69.13336125083268,26.158523927791148,Sp0249-3131
-0.5,None,48.86693400780218,-66.64456721807515,31.352269052488005,-57.64021116672091,48.86693400780218,Sp0250-0808
-0.5,None,57.449951619022066,-57.786678209016905,37.58956966103503,-50.67870203848335,57.449951619022066,Sp0251+0047
-0.5,None,53.03041330007733,-62.44030332890914,34.50802312915157,-54.509983635182905,53.03041330007733,Sp0251-0352
-0.5,None,57.69074698127908,-57.66613190522408,37.9165865951312,-50.72250581521014,57.69074698127908,Sp0252+0056
-0.5,None,68.88420929515713,-8.42739358563362,51.85719864349666,-5.851639670355266,68.88420929515713,Sp0252+5014
-0.5,None,72.05622435036419,-41.76498639351649,47.04466401845499,-36.808407100322846,72.05622435036419,Sp0253+1652
-0.5,None,78.90668296091931,-31.43527430995759,51.08451197471355,-27.375052835301194,78.90668296091931,Sp0253+2713
-0.5,None,34.0729665109473,-82.00739018112935,20.500911955930047,-67.87487788632345,34.0729665109473,Sp0253-2336
-0.5,None,-21.324842656575385,-41.28266962201151,-23.84377129176539,-40.334324864005325,-21.324842656575385,Sp0253-7959
-0.5,None,38.044896183698064,-78.10228827870469,23.672297994081593,-66.01140108296465,38.044896183698064,Sp0254-1934
-0.5,None,11.160558385543236,-74.18032796447001,2.2308643524199954,-66.31799928200154,11.160558385543236,Sp0255-4700
-0.5,None,76.73568214000507,-17.507209242705684,53.899831250677416,-14.672031189633072,76.73568214000507,Sp0257+4111
-0.5,None,66.86667719177683,-5.8132516773113325,51.89820560963254,-3.6152465636932147,66.86667719177683,Sp0257+5253
-0.5,None,26.909820982673835,-88.6558103640841,15.219769855785675,-70.80688191983934,26.909820982673835,Sp0257-3105
-0.5,None,77.69085666585504,-35.792987705116396,51.02459841556503,-31.916682025602302,77.69085666585504,Sp0259+2254
-0.5,None,13.913542617826408,-76.90098921917546,4.842294314946365,-68.39002187516718,13.913542617826408,Sp0259-4421
-0.5,None,74.69586723066806,-14.42651961151336,54.24667651728339,-11.942690119716277,74.69586723066806,Sp0301+4416
-0.5,None,18.43915257825005,-81.42760473865245,8.769870193355635,-70.7182337210686,18.43915257825005,Sp0302-3950
-0.5,None,33.59367264394789,-83.30214613831555,21.331288300811302,-70.57766398058469,33.59367264394789,Sp0304-2435
-0.5,None,31.46552775507041,-85.48367805927082,19.78080614657474,-71.71106017412612,31.46552775507041,Sp0306-2647
-0.5,None,21.573275943438613,-84.45844145707251,11.717997511149058,-72.33957278784669,21.573275943438613,Sp0306-3647
-0.5,None,63.16743884559486,-1.3802467159161258,51.58766945733982,0.18021708166834377,63.16743884559486,Sp0307+5719
-0.5,None,44.32552535138394,-72.57086306292663,30.390972637172954,-65.12698515642707,44.32552535138394,Sp0309-1354
-0.5,None,21.4769255826471,-84.19140952281383,11.917363857169272,-72.88471988572675,21.4769255826471,Sp0309-3658
-0.5,None,60.518600049275975,-56.10704505594071,42.320382015472966,-51.50722799482563,60.518600049275975,Sp0310+0234
-0.5,None,65.23025588639966,-51.23782002656033,45.41517589759026,-47.11247225022538,65.23025588639966,Sp0310+0726
-0.5,None,30.459788288926042,-86.37083086953746,19.411859071725132,-72.94573932655713,30.459788288926042,Sp0310-2756
-0.5,None,59.157623118746045,-57.556845647805225,41.56473678431872,-52.94766436161704,59.157623118746045,Sp0311+0106
-0.5,None,25.821137813764853,-87.80438616886504,15.753312227827054,-73.92175201003464,25.821137813764853,Sp0311-3239
-0.5,None,73.71504249515804,-42.59674231571897,51.05655782065142,-39.53255194835756,73.71504249515804,Sp0314+1603
-0.5,None,83.70888626683657,-29.982617211988178,55.91341279809552,-27.595679308570446,83.70888626683657,Sp0314+2840
-0.5,None,12.232212580234082,-74.7407747465356,4.645861359964007,-69.35520026140108,12.232212580234082,Sp0314-4623
-0.5,None,39.69799371931312,22.681985158626144,37.71799855735113,23.018123694356014,39.69799371931312,Sp0315+8122
-0.5,None,29.766747042044724,-86.24293727355932,19.53276618982721,-74.55278631979003,29.766747042044724,Sp0316-2848
-0.5,None,71.88575100912796,-9.82291134974249,56.470314979040985,-8.534728569370772,71.88575100912796,Sp0319+4848
-0.5,None,21.606504885099817,-83.37831729284918,12.965872319218757,-74.80098400833207,21.606504885099817,Sp0319-3703
-0.5,None,76.96524150719165,-39.63521591968485,53.880751634311096,-37.376999100035704,76.96524150719165,Sp0320+1854
-0.5,None,53.751609946562354,-63.20026167378341,39.02999441147945,-59.224132023852924,53.751609946562354,Sp0320-0446
-0.5,None,3.412096276978003,-65.74837851268201,-2.3773835551164577,-63.21097499154374,3.412096276978003,Sp0320-5520
-0.5,None,81.37510043206116,-19.79747296241611,58.50286273586096,-18.300762564069622,81.37510043206116,Sp0321+3847
-0.5,None,15.671616374026343,-77.54422330253422,8.32452593324199,-72.7293002078375,15.671616374026343,Sp0323-4304
-0.5,None,4.6146678962918095,-66.8045765412659,-1.1020961435173782,-64.48229784151226,4.6146678962918095,Sp0324-5410
-0.5,None,-18.6251913124013,-43.76801325821957,-20.920843087216085,-43.24596652469133,-18.6251913124013,Sp0324-7727
-0.5,None,72.70303210874037,-44.20419446980377,52.43932652722226,-42.177917874981944,72.70303210874037,Sp0325+1412
-0.5,None,52.827771132880905,-64.04867136604729,39.09858011346059,-60.790716712630235,52.827771132880905,Sp0325-0551
-0.5,None,-23.150132262318827,-39.2529894841041,-24.67322601631594,-38.937312533641,-23.150132262318827,Sp0325-8159
-0.5,None,77.76084746145932,-39.08610549768257,55.27941863401213,-37.3757854221573,77.76084746145932,Sp0326+1919
-0.5,None,34.01804548366777,-81.788821905784,24.08382789999644,-75.01160458568698,34.01804548366777,Sp0326-2443
-0.5,None,16.179747132926323,-77.79745892246146,8.995206049878082,-73.42229222928816,16.179747132926323,Sp0326-4236
-0.5,None,70.1514750841335,-46.80124582532453,51.5102027097183,-44.990137799293706,70.1514750841335,Sp0328+1129
-0.5,None,86.83748349212296,-25.362760162531302,59.84861445347871,-24.22594567086019,86.83748349212296,Sp0329+3304
-0.5,None,87.77365235433633,-26.608530158452805,60.06434430806044,-25.575219150729527,87.77365235433633,Sp0330+3146
-0.5,None,66.8324066652673,-4.277254624181167,55.93800875763044,-3.6459477432029157,66.8324066652673,Sp0330+5413
-0.5,None,58.337594935218895,-58.490029881679874,43.935585680936704,-56.377296852075965,58.337594935218895,Sp0330-0025
-0.5,None,10.232199055581408,-71.98319514579185,4.145036563145245,-69.55831734638205,10.232199055581408,Sp0330-4835
-0.5,None,28.10556296692743,-84.00592358469612,19.691872808327076,-78.03418428253548,28.10556296692743,Sp0331-3042
-0.5,None,35.51828467456274,-79.83566963190484,26.022527652648257,-75.38348762349929,35.51828467456274,Sp0332-2317
-0.5,None,83.33889245788568,-20.668338053929325,61.11274894348681,-19.987828596260165,83.33889245788568,Sp0334+3740
-0.5,None,37.32299300404563,-78.08303316563332,27.79392818743936,-74.64654621153181,37.32299300404563,Sp0334-2130
-0.5,None,8.949777307069844,-70.53081680502893,3.335580087023881,-68.87391991903671,8.949777307069844,Sp0334-4953
-0.5,None,65.79803304694725,-50.984339129769346,50.02539013302524,-49.84290133152499,65.79803304694725,Sp0335+0658
-0.5,None,50.348658041146706,-66.01964972186961,38.62498789764236,-64.25607354763075,50.348658041146706,Sp0335-0829
-0.5,None,14.334961700759193,-75.32837492003007,8.192188423377399,-73.35489412050899,14.334961700759193,Sp0335-4430
-0.5,None,4.262781496961204,-65.87986659417805,-0.4858562571813903,-65.08052644960404,4.262781496961204,Sp0338-5435
-0.5,None,83.81496991105449,-33.09264524538957,60.324196077250484,-32.65806036601143,83.81496991105449,Sp0339+2457
-0.5,None,23.426985163466306,-81.43196586105667,16.473404893150192,-79.20047392065987,23.426985163466306,Sp0339-3525
-0.5,None,22.037311800231624,-80.62526859140878,15.31913968592914,-78.77722160359288,22.037311800231624,Sp0340-3649
-0.5,None,73.43998197980817,-10.554669097374584,60.26486153489655,-10.388220582073236,73.43998197980817,Sp0341+4741
-0.5,None,74.64076709424789,-11.731725784042538,60.77379560463961,-11.587133925421039,74.64076709424789,Sp0342+4629
-0.5,None,60.04010791855405,-56.1322635562936,47.42341401563842,-55.98010021092407,60.04010791855405,Sp0344+0111
-0.5,None,84.43468236722914,-32.16015416712872,61.80567831195446,-32.21420099137706,84.51267208371985,Sp0345+2540
-0.5,None,58.519632791147096,4.289494755286038,52.770725862702456,4.209519222241334,58.535940257336875,Sp0346+6236
-0.5,None,56.52784693979288,-59.33305771335432,45.10007419905462,-59.47547002755339,56.546248633440754,Sp0346-0218
-0.5,None,40.60271656607173,-73.67667211486749,32.17706113064985,-74.11145004852801,40.62107939257935,Sp0347-1814
-0.5,None,70.22898908996396,-45.96568144193323,55.25156496166328,-46.287951890448404,70.29580857179326,Sp0348+1126
-0.5,None,-9.757445579708968,-52.113710884176726,-12.37929522735351,-52.22888906248853,-9.749967031064237,Sp0348-6836
-0.5,None,57.89101760127646,-57.59693055061473,46.96507450776526,-58.43778778227847,57.96834262435906,Sp0351-0052
-0.5,None,40.940238209448324,-72.76033855683097,33.04119920297144,-74.32803579195587,40.99421780253789,Sp0351-1751
-0.5,None,60.91791438110487,-54.60273002653485,49.49555027845526,-55.542752159289556,61.02759857332736,Sp0352+0210
-0.5,None,-1.1003228490753016,-60.209486710398515,-4.382798796292044,-60.746067628062846,-1.0745590950191435,Sp0352-5955
-0.5,None,24.097456791264012,-79.04306011990461,18.437375605159737,-82.09113273571312,24.155738855231107,Sp0353-3441
-0.5,None,81.61758585669448,-34.1200467167616,62.712412439287334,-34.892838532216125,82.13039232130211,Sp0354+2316
-0.5,None,82.48430969019583,-33.10967538037013,63.25142161544595,-33.93165115040132,83.12938261001442,Sp0354+2416
-0.5,None,86.32620274082221,-24.074519110878178,65.07412794496896,-24.71476150111564,87.58026515418241,Sp0354+3333
-0.5,None,44.11757793055481,-69.70326527085281,36.168941577668555,-71.74497082967484,44.22476718400825,Sp0354-1437
-0.5,None,61.27647508536506,-53.88556022419922,50.43007246288946,-55.2990148462434,61.484805205181196,Sp0355+0237
-0.5,None,73.19192349293343,-42.409735878105195,58.62563366036856,-43.45353602393574,73.51253537937014,Sp0355+1439
-0.5,None,79.84798709598194,-16.893524654847937,64.90835845127636,-17.607489394004958,80.34683949656143,Sp0356+4047
-0.5,None,73.9223409867159,-41.49600072082969,59.45926349918049,-42.69828740301072,74.3362659581296,Sp0357+1529
-0.5,None,79.4771904014121,-16.529847097939797,64.97467720762664,-17.287925086410308,80.00002982983308,Sp0357+4107
-0.5,None,45.84412106188995,-67.74976456589812,38.126531433291966,-70.35996925892026,46.01603719646762,Sp0357-1249
-0.5,None,84.43455732477443,-30.073619537382243,65.0586137535573,-31.178858638369825,85.98410923095648,Sp0358+2710
-0.5,None,86.07082073601283,-27.280163631817153,65.63677329654482,-28.301992052173905,88.73024856011067,Sp0358+3003
-0.5,None,39.415972476138045,-72.47194712307409,32.87102982621539,-76.51306360401199,39.61679293993483,Sp0400-1913
-0.5,None,84.96084660437621,-28.319297307454033,66.06383781574955,-29.60660864074298,87.6846126987088,Sp0401+2849
-0.5,None,77.0418818217664,-14.098495126834749,64.9561224871599,-15.041790360560373,77.68052700426396,Sp0401+4327
-0.5,None,83.11822339814508,-30.717435205410915,65.70728621823223,-32.18925915663507,85.1113609419704,Sp0403+2616
-0.5,None,78.65973018373487,-15.917873367573321,66.14765314383648,-17.09229568181726,79.67016771548957,Sp0404+4127
-0.5,None,42.563192261991645,-68.87620281753162,36.60596475630535,-73.95117604979976,42.96748917843451,Sp0407-1552
-0.5,None,65.72577938156539,-48.05799934670188,56.276654244532125,-50.768145127344056,66.56184323523662,Sp0408+0742
-0.5,None,43.54146612045824,-67.86251678278049,37.67976561356144,-73.03861381331969,44.00352831754844,Sp0408-1450
-0.5,None,52.15512360373741,-60.47856484227434,45.37976860779889,-64.49106965283751,52.757825874455314,Sp0409-0605
-0.5,None,70.67916214500299,-42.81798361421238,60.49435711265359,-45.4987463825207,71.91277285188748,Sp0410+1304
-0.5,None,43.31980262935926,-67.64864481139871,37.78800170094644,-73.29986735415892,43.85256719635176,Sp0410-1459
-0.5,None,80.93272440163645,-19.623817881580997,68.90803256287909,-21.521400062312356,83.99047927567929,Sp0413+3709
-0.5,None,31.26073347678647,-74.16981861683264,27.181734528941206,-84.87421412040311,31.76597375119225,Sp0413-2704
-0.5,None,70.24619520938832,-42.19942366061732,61.65308194508356,-45.493926563512,72.025819583833,Sp0416+1310
-0.5,None,-1.0302786087880806,-59.19652785364412,-2.9385139746370585,-61.58946141140115,-0.7534481680614502,Sp0416-5935
-0.5,None,73.23623923828325,-38.96554648516333,64.00731806415709,-42.113440837751455,75.415263152827,Sp0417+1634
-0.5,None,49.8845809496496,-61.02836153514329,44.7635688813546,-66.64221079902156,50.83978906281874,Sp0417-0800
-0.5,None,36.63149282341781,-70.76588894358078,32.67423058695016,-80.01197315768172,37.350757829506996,Sp0417-2129
-0.5,None,76.1954954054157,-14.10583412050505,68.47380462721675,-16.168439125352933,78.58649415795905,Sp0419+4233
-0.5,None,42.92676401908948,-66.09882363092112,38.82402552342028,-73.64914772266867,43.857473938498494,Sp0420-1458
-0.5,None,-11.493702042470053,-49.73334690679121,-12.653453159183204,-51.133400537482885,-11.262789097127357,Sp0420-7005
-0.5,None,-4.586273351828458,-55.8764061903508,-6.032157039878697,-58.129875044154765,-4.2632705591751945,Sp0421-6306
-0.5,None,22.056580707646805,-72.97131090103636,19.489896883918934,-85.03585800140954,22.736350266664047,Sp0422-3606
-0.5,None,53.176053463659166,-57.03602388297247,48.80316559499338,-62.97286890054118,54.60470262692062,Sp0423-0414
-0.5,None,77.94303461040866,-31.357882165644284,69.48723276906203,-34.71180856225762,82.85219177543468,Sp0424+2402
-0.5,None,60.46545154644755,-49.93377026726994,55.83230264731777,-55.13962950797172,62.440484239918234,Sp0426+0336
-0.5,None,65.37422306884277,-45.0438305053419,60.29031474443112,-49.76583454570438,67.81797356896328,Sp0427+0859
-0.5,None,63.82518585097395,-46.21236213027392,59.35282135487908,-51.27182247909664,66.31518701073455,Sp0428+0728
-0.5,None,26.415595803038617,-71.73949506792601,24.405267793170502,-89.54683694859416,27.4365282446904,Sp0429-3123
-0.5,None,13.96188867844134,-68.90457625692616,12.35531223973868,-77.14547010154743,14.738787261092446,Sp0429-4405
-0.5,None,-8.403862665289564,-52.22983117706265,-9.292724885096057,-54.41585867742368,-7.994356932713484,Sp0429-6649
-0.5,None,48.289648691819075,-59.73420309666833,45.51767344381689,-67.55326603184965,50.018263205313886,Sp0430-0849
-0.5,None,59.368963900433165,3.636491990648723,57.7364812418,1.8586631976630943,60.55430948943022,Sp0431+6035
-0.5,None,50.2247949315108,-57.77077656277626,47.651859691976156,-65.38388236286744,52.1643182882264,Sp0432-0639
-0.5,None,62.944109268078364,-0.0722341305141628,61.170694823550996,-2.143226497936651,64.56404675586614,Sp0433+5635
-0.5,None,25.449899854725157,-70.81065181338658,23.989045861201358,-88.30716776403969,26.655301993009136,Sp0433-3210
-0.5,None,75.36920710152505,-31.52559536313096,71.07604660662804,-35.80758147181207,81.74227973035437,Sp0435+2254
-0.5,None,42.774274199045806,-62.97959095055984,40.96008825301879,-72.90132835470084,44.586901520503936,Sp0435-1414
-0.5,None,40.9722673333422,-64.21507645528517,39.223367780705665,-74.75968811914848,42.717243779514455,Sp0435-1606
-0.5,None,69.94367001679318,-7.856846869086317,67.81151002955312,-10.550624688610538,72.99250710655419,Sp0436+4810
-0.5,None,66.62301530298278,-4.079771024954351,64.8697476692608,-6.524734432458677,68.96304912119498,Sp0436+5211
-0.5,None,33.601746291688386,-67.99976765315293,32.28932363719109,-82.09962442849687,35.19356351758695,Sp0436-2338
-0.5,None,70.01212587039602,-37.17318543742217,67.75163426516387,-42.39673543525478,75.07695173464494,Sp0439+1615
-0.5,None,33.241494721187195,-67.66817714081743,32.21001166372974,-82.195582921986,34.94261641659515,Sp0439-2353
-0.5,None,24.76886419494547,-69.65187276557808,23.942994313202686,-87.06900045834749,26.229260484248453,Sp0439-3235
-0.5,None,-2.9958134051890797,-56.326115582203194,-3.468651831406978,-60.09626712415651,-2.254669862075315,Sp0439-6105
-0.5,None,50.70114237667044,-55.66939083341393,49.513478993569386,-64.07137041680778,53.323857640731205,Sp0440-0530
-0.5,None,42.59155136740157,-61.55925301188442,41.83487200002243,-72.36592682057156,44.890126342440944,Sp0442-1356
-0.5,None,25.130140024697894,-68.87154866743388,24.693940905691708,-86.54835180282895,26.79342925261185,Sp0443-3202
-0.5,None,20.314085129143766,-68.41779020615193,20.069192182505937,-83.28136603108602,21.89854396396867,Sp0444-3655
-0.5,None,63.79256939642213,-42.35812836188843,63.483730008079995,-48.87679127911079,68.46662052231656,Sp0445+0938
-0.5,None,49.76543813047899,-55.336984016154524,49.478452260237866,-64.45356780063047,52.77913132959983,Sp0445-0602
-0.5,None,26.162498326531946,-68.1432677577997,26.04086703415495,-85.99315074612109,28.019511303809587,Sp0445-3048
-0.5,None,20.483354583863292,-68.26681053789987,20.330899051365932,-83.36078344227334,22.11903647436957,Sp0445-3642
-0.5,None,4.330293117606682,-61.27256172072764,4.217804535143081,-67.63721282713554,5.466616963240877,Sp0445-5321
-0.5,None,68.48348304194067,-6.743126478775939,68.51213050004087,-9.885599151443916,72.40734947031156,Sp0446+4844
-0.5,None,67.49809534819155,-37.76254252418357,67.81117087831015,-43.88372814580823,73.42941271462885,Sp0447+1436
-0.5,None,75.2281159082277,-25.440175908129504,75.79798362814903,-30.227526946983712,87.1185235599566,Sp0447+2819
-0.5,None,10.786399464895089,-64.75214714718096,10.870821179646635,-74.1281529781006,12.223446877020095,Sp0448-4636
-0.5,None,65.96648322998156,-3.8927522053681143,66.51382462841067,-6.962989056963479,69.52205728155461,Sp0449+5138
-0.5,None,52.677576067226546,-51.94552952158479,53.1549088167412,-60.76827743477678,56.35452019789473,Sp0449-0228
-0.5,None,57.420195380576466,-47.14195970466609,58.456919919195286,-55.1899169173725,61.91776902974933,Sp0451+0305
-0.5,None,22.75859879942447,-67.30071446162539,23.19592890230863,-84.28324005200953,24.787726632239643,Sp0451-3402
-0.5,None,-0.6743265746013143,-57.334980228011645,-0.4071162648068464,-62.615209950123244,0.5096546991200523,Sp0451-5818
-0.5,None,70.57794191716444,-31.83217273060185,73.13406324523784,-37.80273272418683,79.36791633316902,Sp0453+2033
-0.5,None,37.99017263523878,-61.78018656488419,38.95930666630173,-75.36642445831234,40.95400626351385,Sp0453-1751
-0.5,None,7.4856652491562325,-62.335038744588246,8.020289039109265,-70.82534093446408,9.063396529588603,Sp0454-4945
-0.5,None,56.59257629921468,-46.81372554442675,58.57852519910951,-55.35461477349855,61.563608315009034,Sp0455+0244
-0.5,None,64.42101609594452,-2.394878604091648,65.99914755594902,-5.651177844048314,68.29405473487454,Sp0455+5252
-0.5,None,29.163337642201057,-65.27214920713857,30.23054607805893,-82.53304130363496,31.79187308865918,Sp0455-2701
-0.5,None,45.50385543956998,-56.055572714290925,47.101967431054625,-67.29747255065634,49.274072118078514,Sp0456-0932
-0.5,None,73.33283881469502,-17.300280029462055,77.52860380477927,-22.016622134010376,84.8027023648949,Sp0457+3622
-0.5,None,22.422748608213407,-65.4420858456161,23.835164219743827,-82.65844553984952,25.00398333287204,Sp0459-3348
-0.5,None,56.636694869289705,-45.475072085597986,59.76283803594515,-54.356506802397284,62.325753155666106,Sp0500+0330
-0.5,None,57.580368937544606,-44.447577730596436,60.904963088790154,-53.169098804098674,63.517888144066994,Sp0500+0442
-0.5,None,28.49675473348168,-63.523251543166474,30.581441460072774,-81.0171255122889,31.725436682556047,Sp0503-2705
-0.5,None,60.06867442537316,-40.58078751651224,64.95535681076274,-49.10439854771262,67.42478595766907,Sp0505+0836
-0.5,None,6.706637140098141,-60.45874136286998,8.23260792936234,-69.90226041847691,8.872702814637867,Sp0506-4956
-0.5,None,71.29869210700342,-18.94819786883637,80.66546961083259,-24.68065661736947,87.82970890753805,Sp0508+3319
-0.5,None,37.626042576537024,-58.11784886380164,40.903152389237015,-72.73252501144904,42.027165706328844,Sp0508-1647
-0.5,None,70.13495213003475,-24.143640678866614,80.09985846498832,-30.620690802628555,86.0542449394036,Sp0510+2714
-0.5,None,10.109071190214992,-61.34749027146429,12.140788255928415,-72.90655714306342,12.714875655504725,Sp0511-4606
-0.5,None,9.881670502843274,-61.169376077163065,11.961368591381481,-72.67539668748564,12.514667244606402,Sp0511-4618
-0.5,None,28.53377289767138,-61.39901293819036,31.747785026033416,-78.90071457857574,32.52679332370855,Sp0512-2617
-0.5,None,25.29050771312944,-62.404878621148065,28.23370830097026,-80.25484286058322,28.98321366604428,Sp0512-2949
-0.5,None,57.746699236258976,4.52085322227594,61.34260948585946,0.9961820278198729,61.99056855209267,Sp0515+5911
-0.5,None,53.62831526373352,9.121006508105328,56.28898108679145,6.132221560255907,56.76336063966428,Sp0515+6424
-0.5,None,59.50565087593026,2.382574997909315,63.80467671270054,-1.4455484224625603,64.50850989880915,Sp0516+5640
-0.5,None,26.249551403687413,-60.80842648041583,29.978248025555693,-78.61474886520936,30.543591486298972,Sp0517-2816
-0.5,None,21.15380424103551,-61.77636747262265,24.47579384687479,-79.0939221949177,24.994983867303223,Sp0517-3349
-0.5,None,67.52918597420191,-25.48444153379325,80.09165162912413,-32.82577710600899,83.4102989739463,Sp0518+2435
-0.5,None,43.213158431998394,19.82578908256205,44.59325816442273,18.023235784743896,44.732483925355574,Sp0520+7626
-0.5,None,54.81112698912891,-40.59175373209369,63.22668032666239,-51.10718074262018,64.12466960225316,Sp0522+0518
-0.5,None,68.46795775897006,-15.660349375369227,82.40216186911404,-21.949183388219787,85.59449390997335,Sp0522+3534
-0.5,None,58.12436449266036,3.8026283039074094,62.81194023605266,-0.1018885960015247,63.28038874006643,Sp0522+5754
-0.5,None,50.661599398852005,-44.72475536503721,57.96351430371899,-56.19973325507998,58.76320149393557,Sp0522-0002
-0.5,None,64.99799472516108,-6.1185521834438354,73.86581215575748,-11.313228178171556,74.79484220471149,Sp0523+4623
-0.5,None,38.51584094298619,-53.62973462583453,44.23795331470459,-68.49165943119,44.759518828135114,Sp0523-1403
-0.5,None,0.04480966596907296,-55.23666401864949,2.46691008769192,-63.25219007477547,2.691451464898253,Sp0523-5607
-0.5,None,-19.278022982756564,-41.57021601494853,-18.270460456594865,-43.80397113484613,-18.168725601487022,Sp0523-7658
-0.5,None,64.57735902058897,-27.621911913655463,78.21650529994184,-35.88889738161918,79.85491053847238,Sp0525+2102
-0.5,None,5.10764408991153,-57.306667666537116,8.168013431362798,-67.82736742576421,8.36693975547374,Sp0526-5026
-0.5,None,52.14125829943102,-41.471387660621005,61.21935346964283,-52.83413982409775,61.769239146484004,Sp0528+0258
-0.5,None,63.88817076830896,-5.004548282610006,73.38358898907461,-10.340212303449386,73.98014824807782,Sp0528+4712
-0.5,None,32.50895648414586,-55.359428969689745,38.47506949738736,-72.01557323255949,38.75606096956078,Sp0529-2002
-0.5,None,60.25112393345328,-31.77752274770111,73.13013591256002,-41.266765991116294,73.86857129942771,Sp0530+1503
-0.5,None,53.7837069206131,8.617938094731231,58.116476784529596,4.983632557664622,58.296645088577215,Sp0530+6253
-0.5,None,51.08696029853291,-41.44377934848386,60.660067113054524,-53.17829366957021,61.07177793282345,Sp0531+0215
-0.5,None,52.41210153138541,-39.68688517369409,62.74249948697539,-51.145657926568425,63.1179743741223,Sp0532+0418
-0.5,None,-23.968052975473633,-37.548725610636886,-23.194215986782122,-38.93486328995592,-23.155316712039237,Sp0532-8157
-0.5,None,51.61680784689057,-40.267924125532396,61.84995649460662,-51.94010977070394,62.19062494933972,Sp0533+0323
-0.5,None,66.02290476449633,-12.701748766525462,82.47110889563434,-19.372772555180383,83.49999187916345,Sp0533+3740
-0.5,None,61.2594312017875,-1.3813287463090518,70.01144481955886,-6.5360415692943725,70.276690885435,Sp0533+5054
-0.5,None,36.173317409085456,-51.95191155949282,43.42181987585171,-67.71440953997435,43.60219091962229,Sp0534-1511
-0.5,None,40.960431561374136,-48.65095333474919,49.084414884140344,-63.130979696845635,49.28021854340147,Sp0535-0931
-0.5,None,41.72772673931595,-47.48833591036582,50.374599132908514,-61.81032846188913,50.53510800422048,Sp0537-0816
-0.5,None,64.33912611839457,-9.557031889330396,80.22172472704393,-16.19184105697913,80.54300295974399,Sp0539+4038
-0.5,None,62.234078020397,-4.029220890934711,73.80444338249723,-9.866992886581842,73.97392111397504,Sp0539+4712
-0.5,None,59.403937144377466,0.7955433435314296,68.1866731936991,-4.372855025080264,68.2890936637885,Sp0539+5253
-0.5,None,47.240097766754566,-42.256383684808554,57.686026303021634,-55.206193436816655,57.817694155752264,Sp0539-0059
-0.5,None,7.324409611853781,-56.44163538913942,11.60540637995291,-68.9892709883543,11.666508262354371,Sp0539-4708
-0.5,None,52.063269919657806,-35.93995735053795,65.405133141168,-47.79245868510535,65.4636260452018,Sp0544+0639
-0.5,None,38.38258225510432,-47.83272779706359,47.60363527281998,-63.153458895612545,47.646903439875274,Sp0544-1109
-0.5,None,36.664254268590746,-48.880802333678254,45.6009389898198,-64.63759311134196,45.639369768690244,Sp0544-1309
-0.5,None,26.98149331408494,-54.10081817076411,34.21372190154501,-71.77273984451061,34.24843124858061,Sp0544-2433
-0.5,None,56.72774827048598,3.643954267971453,66.00841206857734,-1.692023263473721,66.00922902737429,Sp0551+5511
-0.5,None,45.91405512110284,-39.28907176522028,58.76002308572688,-52.828062453902774,58.76026569202951,Sp0552-0002
-0.5,None,-9.383788573177306,-47.640245304030614,-6.078868647600034,-53.89041662847081,-6.077814396594328,Sp0552-6452
-0.5,None,-15.30646952681589,-43.78996791173111,-12.770413806417489,-48.03836503600903,-12.769392754730507,Sp0553-7133
-0.5,None,55.934026495117145,-27.161989131754293,74.92255712647153,-38.095874918353275,74.92140502393609,Sp0555+1608
-0.5,None,-0.0023608274435321605,-51.98861151698021,4.743068726166744,-62.294171886846044,4.743925184386166,Sp0555-5402
-0.5,None,50.94737044650139,-33.02091112128279,66.82086312173001,-45.324708906121955,66.83065014482419,Sp0556+0802
-0.5,None,55.61149070468113,-27.354129250005688,74.53750230641037,-38.38250620842629,74.54979881856276,Sp0556+1546
-0.5,None,13.46735090289624,-54.110139828253644,20.238638049747447,-70.31797955155828,20.243861740411962,Sp0556-3832
-0.5,None,45.632252561756104,-37.7459009044558,59.566053486055736,-51.42431235156069,59.59403002628458,Sp0557+0048
-0.5,None,56.06559895003513,-26.110582138257787,75.88658398830042,-37.0004947242533,75.9327242721259,Sp0557+1708
-0.5,None,51.97054565912536,-29.817973683160783,69.93526482536217,-41.883388883069,70.04089770663003,Sp0601+1115
-0.5,None,60.17179185599512,-8.19757299517078,81.73004898416447,-16.17054780232451,81.99892620955896,Sp0602+3910
-0.5,None,37.202327642219025,-42.98788142511891,49.45996438690947,-58.74251252005855,49.533755702832636,Sp0602-0915
-0.5,None,36.7232321246746,-43.60647534394899,48.69288969357924,-59.466302039305475,48.753284348602406,Sp0602-1001
-0.5,None,-24.093734722923575,-37.09895661400041,-22.67495646736056,-38.96655552017652,-22.668731805175366,Sp0603-8127
-0.5,None,56.86969475992127,-21.047808774294687,80.67937497415578,-31.561210930184995,81.11462889579845,Sp0604+2219
-0.5,None,58.96578100567138,-15.825833865932582,86.52785798394468,-25.33962163739161,87.89549455096355,Sp0604+2906
-0.5,None,59.73521936336242,-12.550605520121827,86.58601472296074,-21.43264527791256,87.81765689536397,Sp0604+3322
-0.5,None,25.203376075731935,-49.352273819332375,34.998287625597264,-67.11016470162447,35.08151440428249,Sp0605-2342
-0.5,None,57.03955043571941,-18.95518078429245,82.45313167413282,-29.30150283522518,83.27608063393659,Sp0607+2429
-0.5,None,58.11049537926921,-2.3384388715990028,75.03706810892811,-9.615263513344384,75.35524975106179,Sp0607+4550
-0.5,None,50.2518996594389,-29.013273161941218,69.14396234277329,-41.558257073817764,69.47791581003192,Sp0608+1041
-0.5,None,12.93436877219559,-51.52861308143328,21.011813811362117,-68.02516523840973,21.12379842970523,Sp0609-3739
-0.5,None,16.0961366917728,-50.82041586394173,24.870377167166414,-68.10213813826174,25.011103043803228,Sp0610-3346
-0.5,None,58.17471211632698,-11.517514967447294,85.22389440962641,-20.769146017169042,87.78019702397216,Sp0611+3325
-0.5,None,46.99657903283588,15.462244671276979,52.78314708789247,11.419507719131326,52.898626560350756,Sp0611+6818
-0.5,None,1.2797402415040453,-50.38202141014881,7.527794461876851,-62.35177834227577,7.630765149551519,Sp0611-5109
-0.5,None,57.874888248533104,-7.231384068073702,81.30847921815877,-15.858454154074083,82.6372546931562,Sp0614+3833
-0.5,None,56.94541832452399,-1.7356078805207646,74.9087700589071,-9.351891601646255,75.58684804878067,Sp0614+4536
-0.5,None,26.74970664111928,-46.082413445761055,38.197379293102465,-63.66724043808669,38.462474785129096,Sp0614-2019
-0.5,None,41.185171169958316,-35.48029281218674,57.28986361135363,-50.34414652057518,57.76571531627696,Sp0615-0100
-0.5,None,55.54688090157606,1.67557521459198,70.85293249461856,-5.405675990011069,71.43671185981668,Sp0616+4946
-0.5,None,52.551426156341854,7.596200437108564,63.35924551986805,1.6887492493165053,63.712516120193165,Sp0616+5729
-0.5,None,5.282897683637031,-50.34943062558705,12.648056495294142,-64.35958912685099,12.828405854248269,Sp0616-4557
-0.5,None,-0.8034935074976214,-48.817451264199555,5.750589542327332,-60.357481141119735,5.95453513677411,Sp0619-5249
-0.5,None,50.382765912803926,-22.998724973386675,73.2743312542024,-35.39437434933343,74.70225614018078,Sp0621+1555
-0.5,None,29.08647504725494,-42.29365693047094,42.4156866341006,-59.544070173538415,42.969184147698265,Sp0622-1548
-0.5,None,24.115411338000037,-45.096219909910594,36.10533452280695,-62.865318357075196,36.58219354594326,Sp0622-2211
-0.5,None,54.33854752901472,-15.098177503955679,81.69822181204692,-25.933469667247923,85.26207556208257,Sp0623+2631
-0.5,None,53.90149605824092,3.8107734952550802,68.7507516551804,-3.2613821642935186,69.59447567335877,Sp0623+5137
-0.5,None,-14.176149504279767,-43.1619160042206,-10.01377546136797,-49.06676416121375,-9.859724468103936,Sp0623-6838
-0.5,None,54.58764236546474,-13.665953891234071,82.37025530414981,-24.291230902535947,87.0044732521133,Sp0624+2815
-0.5,None,47.0849161186914,14.937024423917533,54.409847695016765,10.241683179387623,54.77294005295276,Sp0624+6626
-0.5,None,4.937545734090669,-48.86887925678245,13.066621096313849,-63.20311988359626,13.412202735821882,Sp0624-4521
-0.5,None,32.640521669918876,-39.12337107812496,47.46164818283171,-55.78081308289866,48.19843499803254,Sp0625-1034
-0.5,None,40.409823735816694,-32.33442770999176,58.40752265499756,-47.35700733102651,59.46880266431516,Sp0626+0041
-0.5,None,55.258518520463745,-8.375930538879333,81.79768453877932,-18.112746337257263,86.30607261501491,Sp0626+3454
-0.5,None,51.48487826166787,8.09895423721469,63.59692962138108,1.7235942470697316,64.3538956660735,Sp0627+5651
-0.5,None,25.746725691117195,-42.00481239517212,39.29307052254445,-59.613160436532766,40.10022257951754,Sp0630-1840
-0.5,None,-20.99710956441598,-38.81454622701035,-18.09509048905511,-42.33146393083991,-17.943497360116194,Sp0630-7643
-0.5,None,36.07982978843566,26.89881082137248,37.997298722802235,25.279952756979146,38.13479576931892,Sp0632+8305
-0.5,None,31.794471248467655,-37.44631190438417,47.529656663921244,-54.2136007295452,48.61783174792085,Sp0632-1009
-0.5,None,0.25884241343233677,-47.25139247011463,8.124443508399798,-60.037777554751756,8.598180179514365,Sp0632-5010
-0.5,None,51.16991549794619,-14.98247754386678,78.26411054570306,-26.701908741009095,83.0017320302556,Sp0634+2413
-0.5,None,35.5373431848626,-33.379320932227415,53.24361630275235,-49.4194232100602,54.71696083409321,Sp0635-0403
-0.5,None,20.20240791992962,-41.86350680244584,33.713249088577946,-59.71315723982692,34.89996415540113,Sp0640-2352
-0.5,None,4.816523168928518,-45.89665248772845,14.566048805537552,-60.97859283942052,15.395290662932577,Sp0641-4322
-0.5,None,-14.053057202941327,-42.09467753565642,-8.794858333710666,-48.94977738163943,-8.351854963280887,Sp0642-6707
45.28505641051069,None,46.17359999867278,-18.867281053601733,71.24968919501613,-32.14073777410459,75.28505641051069,Sp0643+1631
26.375498577568727,None,35.16955293468821,-30.762209891722957,54.230860469268144,-46.81079100745165,56.37549857756873,Sp0643-0223
-0.5,None,23.652329792446498,-39.19782794172401,38.56887814952095,-56.91175979843933,40.0392859672158,Sp0643-1843
19.11045261718207,None,42.4558252612387,20.15403231418334,48.48380724766298,16.075112997389915,49.11045261718207,Sp0644+7206
-0.5,None,15.950700955695114,-42.664978035584994,28.81955498443065,-60.350835005538805,30.070138124682106,Sp0644-2841
-0.5,None,-27.155940492982914,-34.363815574535316,-25.727262187436768,-35.82786958850348,-25.610844443407604,Sp0644-8422
6.9309606605866705,None,20.798998582442547,-39.75511076819423,35.35722744551321,-57.59124002360699,36.93096066058667,Sp0646-2150
-0.5,None,-13.293363279525723,-41.97601776592997,-7.451519309893041,-49.48755106632844,-6.855226288810735,Sp0648-6537
44.0525058758859,None,50.29380974154653,3.806871665006045,70.2490945851131,-5.035070244739779,74.0525058758859,Sp0652+4710
12.526495123148187,None,23.90595370443759,-36.03359033237753,40.34724895806499,-53.6774404916491,42.52649512314819,Sp0652-1614
3.1834782063101272,None,17.14158756339485,-39.94914175464797,31.408625111914777,-57.757572348545246,33.18347820631013,Sp0652-2534
7.9269575746044225,None,35.40153416826399,27.591444897999704,37.61131464690198,25.84268354014749,37.92695757460442,Sp0655+8318
50.94697242306293,None,45.829246476284624,-12.80628886762716,73.09304269736721,-25.74855561192507,80.94697242306293,Sp0656+2211
22.54439962255649,None,43.36095221108769,18.65220962300091,51.384989208276025,13.643952733774672,52.54439962255649,Sp0656+6841
46.050580503375784,None,42.96514525026456,-15.362021060739842,69.21553447015893,-29.181570087038338,76.05058050337578,Sp0659+1717
48.109526456221374,None,43.97061795364286,-14.105449439723003,70.71249877439283,-27.602496795608157,78.10952645622137,Sp0659+1920
59.27768597079687,None,47.835866088599055,-5.5044674135350125,75.36685681821592,-17.12117526873769,89.27768597079687,Sp0700+3157
-0.5,None,-10.887656792606075,-41.488365936901275,-3.380544355171365,-50.90063646402136,-2.286191700744934,Sp0702-6102
35.940875403952575,None,37.18700040539518,-21.154442324147645,60.79377491564327,-36.503086673969726,65.94087540395257,Sp0703+0711
44.68751017033655,None,48.48347560656704,4.738914055071931,69.38296119245624,-4.598284852657146,74.68751017033655,Sp0703+4632
0.9558652439705355,None,13.832762197918855,-38.378082028593646,28.582416319107534,-56.04058392865794,30.955865243970536,Sp0703-2748
-0.5,None,10.547795493759411,-39.73199793811794,24.31445239393518,-56.98589090826156,26.491524112860382,Sp0703-3216
-0.5,None,-11.33972303316393,-41.30513536532642,-3.911591543346972,-50.54252507341071,-2.8112663866198777,Sp0703-6134
31.722416759035127,None,34.408788262937826,-23.335974379413237,56.954487293492065,-39.280303196679654,61.72241675903513,Sp0704+0258
59.068043118781745,None,46.80555407583282,-5.832983488559898,74.52841575150524,-17.789322298254113,89.06804311878174,Sp0704+3038
43.51709464056921,None,48.09347363289843,5.7572712448336505,68.35786574807778,-3.440075241385163,73.51709464056921,Sp0705+4742
51.33951516014247,None,43.7924185888158,-10.775460742937616,71.33784071705078,-24.0484730212359,81.33951516014247,Sp0706+2234
52.26113745774208,None,47.77152530444748,0.09163216174723272,72.9278099581544,-10.622303094302337,82.26113745774208,Sp0706+3858
1.0458032940887279,None,13.244491331931593,-37.44955431669565,28.374958701581626,-55.09830239328359,31.045803294088728,Sp0707-2742
-0.5,None,-2.453751978603952,-41.54400597171047,8.009650147108989,-55.1039078406742,9.744314904363168,Sp0707-4900
-0.5,None,-21.05871789313921,-37.456425616597464,-16.524825800144214,-42.252053282754716,-15.761575311179179,Sp0710-7431
47.724046918906936,None,47.164841598573666,3.7495889077274387,70.10227028329166,-6.376260980195484,77.72404691890694,Sp0711+4329
-1.2683409999421755,None,11.044361676183946,-37.47057762000273,25.941725847988387,-54.91839943039141,28.731659000057824,Sp0711-3001
-0.5,None,4.973189231456926,-39.68891089959828,17.984492416431515,-55.935874512326954,20.341017891879716,Sp0711-3824
43.69196456887218,None,46.73431303756128,6.683243629772082,67.43398915559227,-2.815839739044754,73.69196456887218,Sp0713+4732
54.194916065371416,None,46.04790653514371,-0.054341396406625116,72.0668926611444,-11.358396723590007,84.19491606537142,Sp0714+3702
16.996713641658637,None,22.9697844589621,-29.008263443944752,42.55281476471019,-46.57905513713894,46.99671364165864,Sp0715-1145
-0.5,None,-15.287806374305097,-39.225381995853354,-8.30052510017056,-47.16036123004595,-6.989903049974449,Sp0715-6544
22.241942417215633,None,26.203242998774442,-26.137949478053052,47.177871310373455,-43.33896669948294,52.24194241721563,Sp0716-0630
18.668258577813333,None,23.7300950457803,-27.781557448663165,43.878860852856135,-45.263966796775506,48.66825857781333,Sp0717-1004
-0.5,None,-5.083099771756928,-39.7509113864372,5.684383981992396,-52.808945536772185,7.889427690325225,Sp0719-5051
19.971106149785136,None,24.13128081753573,-26.624644749184938,44.78876521486551,-44.04329892508229,49.971106149785136,Sp0720-0846
48.38268503822759,None,39.31962660363708,-9.884436615451278,66.71538570321341,-24.120425139847235,78.38268503822759,Sp0721+1937
54.01022233329857,None,44.62951629148854,1.1886946438265458,70.59415451297782,-10.341915759825717,84.01022233329857,Sp0721+3714
-0.5,None,8.669925231807772,-35.619751141594634,24.155150378379236,-52.89780068422771,27.664498394956876,Sp0721-3105
31.484616096889134,None,30.7717094731352,-19.96563184714414,54.477001025288224,-36.35818866714932,61.484616096889134,Sp0722+0243
33.790111460202006,None,44.118666920858736,14.05001481028177,59.40498493698643,6.1103568432862225,63.790111460202006,Sp0723+5727
14.086111215614523,None,19.58796993068741,-28.693241764818225,39.09682491617599,-46.455097059097085,44.08611121561452,Sp0723-1439
12.47858375504073,None,18.67111151753805,-29.617902300108224,37.725473569677696,-47.42417464206322,42.47858375504073,Sp0723-1616
-0.5,None,6.917775315006228,-35.85465573497911,22.069961917285635,-52.874884258117554,25.587127854915007,Sp0723-3309
-0.5,None,-25.354338931200157,-34.93853789922864,-22.171656083631074,-37.95471993659701,-21.503324654344738,Sp0723-8015
28.211205661951162,None,42.46547998359672,17.703750881753976,54.75946631607813,10.826146884480403,58.21120566195116,Sp0726+6302
15.345801829325126,None,37.932747851963484,24.863053964290966,43.80555474376489,20.93334161805741,45.345801829325126,Sp0729+7554
2.598754281063016,None,10.862462647058967,-32.325053758700534,28.079539155512666,-49.966627576900606,32.598754281063016,Sp0729-2608
-0.5,None,-0.7201736809049682,-37.14790171016483,12.527480967324442,-52.35630753396921,15.777227466109869,Sp0729-4258
44.62656678018536,None,35.74406949167448,-10.47016922879734,62.75799161098356,-25.49323014732359,74.62656678018536,Sp0730+1553
25.086470371755617,None,25.29080131738411,-21.731889963377707,47.96772548526159,-38.8942300014064,55.08647037175562,Sp0730-0339
31.559095249231262,None,28.877306338743114,-17.96794340072279,53.17043234521053,-34.54919131213085,61.55909524923126,Sp0731+0249
56.74415708281231,None,41.921972867505936,1.165133987871094,68.71739398550386,-11.183970266684678,86.74415708281231,Sp0732+3427
33.31645244630085,None,42.88177305074157,15.278721211965278,58.26450289422407,7.203670837970621,63.31645244630085,Sp0732+5755
8.561703589684242,None,14.189433767508904,-29.087183515112766,33.11231102033819,-46.92593683783863,38.56170358968424,Sp0733-2010
-0.5,None,-1.7146041286679217,-36.40036857950595,11.710774540386016,-51.469780777712565,15.238174254358702,Sp0734-4330
29.618655020881235,None,41.86062087899551,17.689825591111127,55.26345910488706,10.321174239691262,59.618655020881235,Sp0735+6137
51.9608465435781,None,37.47754705012384,-4.86082465163089,65.3649314420652,-19.065506547848905,81.9608465435781,Sp0737+2313
3.305985363901428,None,9.983068063805002,-30.35442350571059,27.962462904088362,-47.99726083442452,33.30598536390143,Sp0737-2526
-0.5,None,-6.372793665772635,-36.498849393857014,5.892456650888487,-50.027627492499605,9.29286236083108,Sp0739-4926
43.77048310253626,None,33.386555210119255,-9.198459502982333,60.491443598480025,-24.582186078739188,73.77048310253626,Sp0740+1502
11.328338566795132,None,14.797230665924346,-26.44626227939711,34.85423647036407,-44.29532130063869,41.32833856679513,Sp0740-1724
34.27607601352467,None,28.19211658615634,-14.282315341276286,53.614035059767865,-30.794659331542107,64.27607601352467,Sp0741+0531
46.388037331108634,None,34.33011210504001,-7.442622206705884,61.80802908233357,-22.522140793327626,76.38803733110863,Sp0741+1738
24.74532417970702,None,22.977293399224603,-19.67929008433783,46.23635434335075,-37.00637563178198,54.74532417970702,Sp0741-0359
21.638484135311877,None,20.933244086924304,-21.103069403263923,43.52665639282924,-38.63836568840367,51.63848413531188,Sp0741-0706
0.13386644343401954,None,6.889893253392947,-30.32245215336011,24.530887821320537,-47.70020090195543,30.13386644343402,Sp0743-2836
-0.5,None,-6.365863967409027,-35.29145532889704,6.56713666231004,-49.14377660465949,10.480860521896748,Sp0745-4815
487.3818087945831,None,34.14761011593991,-4.980834867877967,61.91669646010883,-19.901517524961125,78.73818087945831,Sp0746+2000
31.21182647010214,None,25.220904145213183,-14.691122146855088,50.28641050463784,-31.604780800787527,61.21182647010214,Sp0748+0228
29.73377076189803,None,40.03047199789369,19.215682770470085,54.05309405128429,11.467635084625043,59.73377076189803,Sp0750+6131
3.225241596787214,None,7.635285265339189,-27.592211209655705,26.51672766735032,-45.157933431356454,33.225241596787214,Sp0751-2530
449.25326396002686,None,31.271335467928143,-6.089630995269505,58.76416987467949,-21.640116783350265,74.92532639600269,Sp0752+1612
376.33248886944557,None,27.433666761905236,-9.944455185554895,53.93476735692136,-26.348056039696413,67.63324888694456,Sp0753+0854
447.8677843574579,None,30.84154832761548,-5.842999552580404,58.343956656707256,-21.452142421602037,74.78677843574579,Sp0754+1603
4.659502380391906,None,7.818274256883216,-26.14036343765754,27.31096967844792,-43.76887212412249,34.659502380391906,Sp0755-2404
-0.5,None,-0.5370859604513382,-30.26056477474563,16.079119520383117,-46.54210077514045,22.148973222890366,Sp0757-3635
158.6238667895824,None,14.201155276533754,-20.440319381862285,36.472302572055966,-38.27106373620046,45.86238667895824,Sp0758-1252
-0.5,None,-2.66685007289073,-31.079014940360885,13.199524112192394,-46.80413113704424,18.975198887676118,Sp0758-3945
321.23485959628744,None,23.36213307282391,-11.82293224697271,49.08286287275333,-28.83233029429511,62.123485959628745,Sp0759+0323
360.6742364312066,None,39.191974204848094,17.076923674245727,57.011576579536865,7.719674032794979,66.06742364312066,Sp0800+5511
348.6149122971018,None,39.05325027334929,17.796772801552116,56.23295610575941,8.67723109789835,64.86149122971018,Sp0801+5624
320.6288005190259,None,22.724155947061888,-11.263171939088927,48.53875859750155,-28.31964147334806,62.06288005190259,Sp0802+0319
371.83377341681523,None,25.10484220073706,-8.169346384971817,51.81749133347541,-24.800792901618664,67.18337734168152,Sp0803+0827
305.8983831814717,None,21.538025039698766,-11.665853577447272,47.15418079884183,-28.860125734165702,60.589838318147166,Sp0804+0151
322.4540350642172,None,22.424019984209473,-10.765919858263763,48.34004768565926,-27.834569187262943,62.24540350642172,Sp0804+0330
293.70463588412804,None,38.42008473586417,20.774006875419033,52.62840346991915,12.830513218429067,59.370463588412804,Sp0804+6153
330.08440104683416,None,22.472957784796666,-9.988817365929666,48.58188193375099,-27.020434516995053,63.008440104683416,Sp0805+0417
430.47055058920733,None,38.034598289264586,14.143771144314627,59.553294569079114,3.2377412740104736,73.04705505892073,Sp0805+4812
201.43145458370682,None,15.29024120165138,-16.74805246107904,38.901086371481554,-34.506838904536046,50.14314545837068,Sp0805-0835
-0.5,None,1.187497789824781,-27.24965499280563,19.39213555267333,-44.11599258122686,26.761406314405313,Sp0805-3158
0.7117284102863053,None,3.032266791482285,-25.737745088681287,22.115949153554876,-42.949819314641736,30.07117284102863,Sp0806-2839
589.3473623616917,None,34.258817821035706,5.8170829564651525,61.28061571034895,-7.92404342696879,88.93473623616917,Sp0807+3213
-0.5,None,1.4394535028174513,-26.410716343332908,20.032976440440425,-43.377736604689325,27.786105812530053,Sp0807-3056
592.3108543179658,None,34.05477949322546,5.774587894529801,61.120463978169326,-8.023627983138446,89.23108543179657,Sp0808+3157
-0.5,None,-2.85534928924241,-28.258158071625395,14.280914496605424,-44.32200741071883,21.396979374853718,Sp0809-3720
321.3382702387838,None,20.996763849256055,-9.462122016424376,47.11520232757503,-26.626664982106497,62.13382702387838,Sp0810+0324
430.7313485610513,None,26.437907663434498,-3.435243222759507,54.009265898186854,-19.607096115851252,73.07313485610513,Sp0810+1420
-0.5,None,-5.351390284357006,-29.38294360171811,10.811264643270771,-44.732607663324345,17.468216278294147,Sp0810-4115
476.51655071088555,None,28.470080857225906,-0.8609715577086677,56.33715156046065,-16.517373385616654,77.65165507108856,Sp0811+1855
-0.5,None,-0.818603673284112,-26.456325771272304,17.43123860072128,-43.082892072412655,25.318820925935743,Sp0811-3324
39.81685009782659,None,4.354305842727131,-22.89379046881165,24.724822109652266,-40.37903418769899,33.98168500978266,Sp0812-2444
-0.5,None,-12.492667576071833,-31.692818521819902,0.7520626514649392,-44.32339361305222,6.193074456014039,Sp0813-5232
-0.5,None,-2.902976136110244,-26.83515206541867,14.8576817770529,-43.05815031676855,22.679825552835055,Sp0814-3602
199.95152204992627,None,13.206703424764436,-14.706170167013772,37.268225953328255,-32.506608922042815,49.99515220499263,Sp0815-0843
522.7513474920266,None,28.770809656427577,3.204093378637356,56.637866139161375,-12.051180162004693,82.27513474920266,Sp0818+2333
456.9202309559255,None,25.77557244374058,-0.21965648958741316,53.60644259346275,-16.27912297743807,75.69202309559255,Sp0819+1658
238.85166426269416,None,14.610785269015329,-11.884991007203169,39.600952501548996,-29.59001204553749,53.885166426269414,Sp0819-0450
235.25810992143784,None,14.364832051404145,-12.0219719594469,39.29702498532371,-29.740777635726804,53.52581099214378,Sp0819-0511
149.63570746715226,None,9.646924229732887,-16.49404243891411,32.82644581697645,-34.340019691720315,44.96357074671523,Sp0819-1345
457.36106793474266,None,34.877879979183234,15.191269707018288,57.69200911760257,3.3584657604984796,75.73610679347426,Sp0821+4532
393.0669352095805,None,21.895998595898586,-2.8737221746369643,49.29553225839898,-19.64150972237287,69.30669352095805,Sp0823+1034
532.0833936891073,None,28.129418636763873,4.629373597195037,55.930030739810455,-10.615879453013353,83.20833936891073,Sp0823+2428
298.504170042243,None,36.18418167366692,22.594694492350925,51.09460603819394,14.168581478907717,59.8504170042243,Sp0823+6125
499.8171759638791,None,26.478601586291017,3.2002431220094474,54.389336341197634,-12.479757257233778,79.98171759638791,Sp0825+2115
83.7228584756815,None,4.548238203306616,-18.248586538370166,26.630408496857175,-35.90549820009128,38.37228584756815,Sp0825-2021
-19.499786778898418,None,-1.6019464744800833,-22.615509234830384,18.116557631989426,-39.450671676705625,28.050021322110158,Sp0826-3040
462.2914622665465,None,33.82947523788043,15.794667351283389,56.85020050661924,3.7339967560579064,76.22914622665465,Sp0827+4502
-0.5,None,-14.068559675718452,-29.599582688530337,-0.10112104550382577,-42.25389896097176,6.447609768189988,Sp0827-5216
575.6851398115901,None,28.894091483667246,7.8189365066154295,56.24636795967773,-6.932807089931666,87.56851398115901,Sp0828+2853
155.64933487484575,None,8.107784435789853,-14.184019325553011,31.861800383892387,-32.025069090956954,45.56493348748457,Sp0828-1309
136.0588343882588,None,6.988561604025177,-15.139363119283104,30.341741577285227,-32.95341187492234,43.60588343882588,Sp0828-1506
436.5983288197525,None,22.841339627967425,0.5699524714453802,50.63327625330167,-15.876732646376604,73.65983288197525,Sp0829+1456
554.9757974051756,None,27.78842460721172,6.9950568766583885,55.36918040944806,-8.080943182140603,85.49757974051757,Sp0829+2646
260.73572830178944,None,13.773150755684242,-8.658454329540834,39.51284848144725,-26.339973364605846,56.073572830178946,Sp0829-0238
385.1042874034451,None,20.04966422664113,-1.8861865787431364,47.47691422979706,-18.823146797719243,68.51042874034451,Sp0830+0947
278.8001311906473,None,14.592987934314973,-7.558456128289393,40.64910452653057,-25.170651940246888,57.88001311906473,Sp0830-0050
391.4799965396595,None,20.06868579211983,-1.2553390559617479,47.57377056205963,-18.15916798869446,69.14799965396595,Sp0831+1025
31.33182846804715,None,0.37199583281988774,-19.366912944263664,21.581918197506116,-36.64903735894717,33.133182846804715,Sp0831-2535
272.43520710236567,None,13.875829277375129,-7.508487468918833,39.887632577726954,-25.159900846385778,57.24352071023657,Sp0832-0128
271.4140775610032,None,13.730452151151896,-7.468549576870122,39.7398899213745,-25.126824054679716,57.14140775610032,Sp0832-0134
541.4806608399607,None,30.7388748665752,12.860920027568323,56.39995012500984,-0.7445348641653393,84.14806608399607,Sp0833+3706
-0.5,None,-14.976766786686012,-28.570443489419276,-0.6970121294080924,-41.18617692596056,6.428899595144022,Sp0833-5217
-0.5,None,-15.6385590367581,-28.948492040697893,-1.7728808892901808,-41.206981227864354,5.108292211666488,Sp0833-5336
392.07780445143885,None,19.359562981126622,-0.5002844364016792,46.91519952166624,-17.447823458055343,69.20778044514388,Sp0835+1029
203.94956186475582,None,9.372194272962863,-10.251727173878171,34.349847157530846,-28.090843632718414,50.39495618647558,Sp0835-0819
-0.5,None,-4.634161360402424,-21.510029305710663,15.089350856254711,-37.98071084140469,25.877876459346297,Sp0836-3250
-0.5,None,-18.863877186002167,-29.600375061616656,-6.509116612523987,-40.29910876300415,-0.21271223699694372,Sp0838-5856
471.0206498858176,None,22.016523109590345,4.714468718081255,49.935452207043774,-11.577393736899879,77.10206498858176,Sp0840+1824
428.0888866215246,None,32.287485001814424,19.414611698367064,53.87842760161756,7.721528962037618,72.80888866215246,Sp0840+4827
320.9157105301366,None,33.88881713052415,23.745295043784235,50.28645847004612,14.449206360609185,62.09157105301366,Sp0840+5911
550.4969095216096,None,28.913450151964117,13.829794011074455,54.7304152155658,-0.10984989060752956,85.04969095216096,Sp0841+3611
317.8014778455215,None,33.86172103402993,23.91175779004303,50.10003691873382,14.684487233066159,61.78014778455215,Sp0841+5929
391.30004996578265,None,17.57499538632892,1.1628108167738678,45.21893216019401,-15.899982911084336,69.13000499657826,Sp0843+1024
332.9387520249513,None,14.52157437613016,-1.791299494446435,41.64730525052177,-19.245295882918704,63.29387520249513,Sp0844+0434
-68.61342404486095,None,-4.092612754053916,-18.53655833814443,16.85227079668213,-35.34027307859474,29.31386575955139,Sp0844-2924
131.66823719007516,None,2.977070135611038,-11.371425172833801,27.06723694657042,-29.11073329805616,43.16682371900752,Sp0847-1532
83.90764255738965,None,0.1724848442108784,-13.525448722492959,23.335196879983794,-31.045678608397502,38.390764255738965,Sp0848-2019
-0.5,None,-19.174314073739623,-27.711060907650182,-5.737422555884074,-38.960264315098186,1.7802730953114676,Sp0848-5656
-0.5,None,-28.04656763908572,-31.354652181172543,-22.970775535554044,-35.29289650811836,-20.18114203040294,Sp0848-7853
310.482938834325,None,12.305085855505958,-1.9079722711406246,39.2767839073562,-19.51352196224827,61.0482938834325,Sp0849+0220
598.361009948991,None,25.34103785392694,13.309312517916092,52.06063553484415,-1.5663620424157074,89.8361009948991,Sp0850+3126
254.0552233410554,None,9.082901372639451,-4.59734431743222,35.348119685405486,-22.393051612953876,55.40552233410554,Sp0850-0318
93.08984546921515,None,0.3407361945591109,-12.731091889604004,23.766165917547823,-30.29074143544356,39.308984546921515,Sp0850-1924
-0.5,None,-17.286434423025504,-26.14312073398337,-2.327352544337998,-38.607954919869435,6.260711057315254,Sp0850-5227
138.28649055854476,None,32.985013583816055,29.815925958846524,39.58197524172141,25.541446649328286,43.82864905585448,Sp0851+7727
543.9024929811507,None,22.7139574402516,10.798421924221488,50.21163794857687,-4.880189903914135,84.39024929811507,Sp0852+2540
252.17181813645226,None,8.25633719025086,-3.955406327707114,34.58857644525246,-21.765076350536606,55.217181813645226,Sp0853-0329
39.282376248849644,None,-3.3604474453846302,-14.507149074191858,19.091450462173388,-31.664440170640844,33.928237624884964,Sp0853-2446
206.24141875535082,None,5.669278374026664,-6.190905338548405,31.32875899798872,-24.03905916629005,50.62414187553508,Sp0854-0805
35.001725040185576,None,-3.9562615786931534,-14.326774703185379,18.485124385223862,-31.429386222220565,33.50017250401856,Sp0855-2512
341.393678035481,None,31.390852305625316,25.13981602390632,48.98118077540123,15.050177809216587,64.1393678035481,Sp0857+5708
3669.3871860343165,None,13.14866963381843,3.062859513494798,40.7859328934672,-14.33209449812889,66.69387186034317,Sp0858+0758
4046.7292839046636,None,14.794652013659102,5.241222700532195,42.63574958150729,-11.918071188890359,70.46729283904664,Sp0859+1145
275.9257917183601,None,32.10407528530729,27.32051448130692,46.32080267221889,18.8884578053287,57.59257917183601,Sp0859+6341
5053.149605872343,None,19.394206661200112,10.481078966688552,47.13608523289869,-5.783897123903099,80.53149605872343,Sp0900+2150
-0.5,None,-25.760052699270723,-29.28632380988675,-16.565381732634364,-36.47973365715942,-10.9638913922639,Sp0901-6940
2925.8222069050894,None,8.580789097098966,-0.03737227213131232,35.613089102437,-17.78347467543193,59.258222069050895,Sp0902+0033
216.21519814797438,None,32.325990098473554,29.028612281601077,43.327673594829264,22.26218380779076,51.62151981479744,Sp0902+6939
3437.7825753007555,None,10.9565567255455,2.879389219312871,38.48346346980788,-14.679322560681582,64.37782575300756,Sp0903+0540
3490.2498142632808,None,30.196949754281064,25.907954033897976,48.191177628955266,15.503246379168313,64.90249814263281,Sp0905+5623
2251.4005867757114,None,4.163146214198493,-2.6683827749749596,30.44921832415814,-20.51654661539876,52.51400586775711,Sp0906-0611
-0.5,None,-10.2943818538688,-16.1548311670363,10.66426970905797,-32.19929292552091,25.175252241884394,Sp0906-3332
-0.5,None,-10.960161512300866,-16.730484230050102,9.678977147453196,-32.59073461848161,23.885216277068466,Sp0906-3449
-0.5,None,-11.497283564904441,-17.12995989714002,8.90257662241267,-32.84097616381468,22.902727188301412,Sp0906-3548
-0.5,None,-15.218000575748487,-20.185804774793375,3.227840977466943,-34.61017635515314,15.561544409062202,Sp0907-4308
3731.015835922348,None,11.43581319543526,5.400924488932865,39.19528747102267,-12.04507087452955,67.31015835922348,Sp0908+0836
4367.824079898324,None,14.467618155227429,8.756065275659923,42.38598733036717,-8.266874023297653,73.67824079898324,Sp0908+1459
4074.7821706612244,None,28.39665896172252,24.3792858496457,49.053137193671304,12.573954511289438,70.74782170661224,Sp0908+5032
4837.763230335857,None,16.45056735068021,11.333326005641087,44.25181864766758,-5.295958140308946,78.37763230335857,Sp0909+1940
1727.2705701419795,None,31.83879359273494,30.46888867996994,40.53406751526361,24.96720185007831,47.272705701419795,Sp0911+7401
5313.406000253326,None,18.020819228213607,14.224588181432228,45.45097286495048,-1.955630564298124,83.13406000253326,Sp0912+2425
2115.4854781828644,None,1.9972564535698372,-1.913006431693416,28.272387484496726,-19.746111425466562,51.15485478182865,Sp0913-0733
-0.5,None,-25.34311747286427,-27.06384307120664,-14.068348967329026,-35.67899513973168,-6.53815609566214,Sp0914-6514
5035.419265517335,None,16.041104019788747,13.614858039217044,43.678487420655955,-2.9132536909358593,80.35419265517335,Sp0916+2139
1735.3125101897754,None,-0.8135983883087466,-3.0703371590607955,25.014394554588325,-20.813787960917416,47.35312510189775,Sp0916-1121
2897.2066228895214,None,4.673655956483262,3.57213952171635,31.9798034066642,-14.242216465366829,58.972066228895216,Sp0919+0016
5061.2633512142,None,15.520971583918389,14.361342808138232,43.11401086997007,-2.186855719229133,80.612633512142,Sp0919+2154
3099.4407240167675,None,29.022010373618432,28.943429156698908,45.127442724468146,19.305243566453736,60.994407240167675,Sp0921+6017
762.268563654041,None,-6.748150136799652,-7.215771578003199,17.541786905400006,-24.414065456402753,37.62268563654041,Sp0921-2104
1982.6166529715338,None,-0.6339315508414186,-0.6569959571311246,25.69120395428788,-18.444868382144776,49.82616652971534,Sp0922-0852
-0.5,None,-29.852783897526923,-29.98367602009642,-24.954256524914886,-33.498170281623125,-21.47200167130147,Sp0922-8010
5235.485992332423,None,15.564213309453777,15.963597771958074,42.96446142595359,-0.45855844212069513,82.35485992332423,Sp0923+2340
568.8440187682588,None,-8.094942362135123,-7.8432169315255775,15.881109509571335,-24.865525062062183,35.68844018768259,Sp0923-2300
1245.4522049995446,None,-10.416435012886286,-10.007396028582344,12.649766595013467,-26.59045666895688,31.245452204999545,Sp0923-2727
-0.5,None,-26.83195833905613,-26.59444931879235,-15.977148186222069,-34.63094605770578,-8.221007132673527,Sp0924-6655
4578.093199794914,None,11.920368856741435,13.332168523047468,39.750548674571135,-3.728568410992061,75.78093199794914,Sp0925+1704
5883.270430819885,None,17.938194618968204,19.41583773047629,44.4343770301825,3.7152792962559404,88.83270430819886,Sp0925+3007
3813.5808280053384,None,26.535056067733457,27.77547526593839,45.9817570615355,16.273799487221364,68.13580828005338,Sp0926+5309
4876.753690136586,None,22.568977171846843,24.768419448133763,46.015594315514555,10.984401253172676,78.76753690136586,Sp0928+4230
3417.2443777228664,None,4.841889812035195,8.776267115293566,32.62445831082543,-8.960187896675427,64.17244377722866,Sp0931+0528
5673.0757911797655,None,15.963518508368695,19.553683065840282,42.72069754727809,3.505117106411795,86.73075791179765,Sp0931+2802
5465.595200540298,None,19.692973266078077,23.134057065847035,44.74881245966994,8.284525893694516,84.65595200540298,Sp0931+3638
1140.5188539925525,None,-6.876466547953263,-3.2040828114830195,18.42028194314645,-20.5742705910749,41.405188539925526,Sp0931-1717
5569.548036428761,None,15.170504363106454,19.412930825280593,42.057607255862976,3.216493832166997,85.69548036428762,Sp0932+2659
1265.1396805304898,None,-6.750128985950053,-2.0454041074116134,18.821628988557578,-19.47159079207559,42.6513968053049,Sp0933-1602
-0.5,None,-19.778171266622387,-16.274286908077237,-0.5146294674094329,-30.209185440601157,14.807409610768051,Sp0933-4353_1
-0.5,None,-19.781074409617176,-16.271029699351548,-0.5166831772175369,-30.205755382901724,14.807897916435243,Sp0933-4353_2
2534.5093515814556,None,-12.394966991364553,-6.7732946622332095,11.423391822512496,-23.32826300621856,32.534509351581455,Sp0936-2609
-0.5,None,-15.965619955013976,-10.71325276069389,6.14312018165314,-26.31689694235396,24.924286565864865,Sp0936-3346
89.38960262748274,None,-13.521772503598147,-7.3043723596403565,10.011040170385105,-23.654303381831234,30.893896026274827,Sp0938-2748
5842.256998304225,None,15.148948637453232,21.887526192258044,41.51760885291402,5.923419910111176,88.42256998304225,Sp0939+2935
5146.218030870084,None,19.63627909680042,25.73669634840085,43.72429971427998,11.289916574221294,81.46218030870084,Sp0939+3950
5800.9451106270735,None,16.418368912212337,23.663539457679672,42.08811877365134,8.145380417045644,88.00945110627073,Sp0941+3315
52516.04673664785,None,11.663169983312422,20.086528470371185,38.81719123404191,3.411603456432847,82.51604673664785,Sp0942+2351
-0.5,None,-23.901916281392317,-18.090904657865785,-6.471778792556721,-30.413015575492164,7.9022626842953905,Sp0942-5047
26192.186141681304,None,-1.8949967487204276,7.235282384870758,25.51966744543196,-10.601537059977169,56.192186141681304,Sp0943-0229
-0.5,None,-19.265079691753932,-12.010834008986599,1.859690551839132,-26.76638940817428,20.129142742729147,Sp0943-3833
2566.935102030373,None,27.78186601321027,32.344261639128,41.19638393068075,23.98749615627815,55.66935102030373,Sp0944+6537
-0.5,None,-16.233742527310834,-8.20085529223787,6.686105448810536,-24.026512593189267,27.28533204334593,Sp0944-3124
31103.608331739368,None,-0.21554415536522384,10.6689565178734,27.545887147021762,-7.171451112316186,61.103608331739366,Sp0947+0224
5412.520500909561,None,17.001707827400022,26.34148893757126,41.661450110965454,11.315785096231775,84.12520500909561,Sp0947+3710
28359.64871032266,None,-1.5480567085455024,9.142710176456355,26.061936537700277,-8.703980951048067,58.35964871032266,Sp0947-0020
36797.675879561284,None,2.390193313797536,13.944327715658334,30.305657281716027,-3.794704344677925,66.79767587956128,Sp0949+0806
-0.5,None,-28.636191183540298,-22.63094885945446,-15.642320654496954,-31.58026523870167,-4.603746659337977,Sp0951-6317
18776.324117147724,None,-7.529498831027199,5.050575135752448,19.31359598027012,-12.552817018704692,48.77632411714772,Sp0952-0955
951.4863527811492,None,-13.044286988356316,0.8527693004162319,12.64485343226745,-16.117947992139648,39.51486352781149,Sp0956-1910
-0.5,None,-21.35741012002988,-9.718592143668388,0.29681096379816846,-24.333653647238418,20.497792318410312,Sp0956-3811
-0.5,None,-23.143036780638667,-11.95410453769796,-2.6844365071102794,-25.783242076947765,16.117433054867348,Sp0956-4234
55108.424527434865,None,10.156067474880095,24.09291706175445,36.77017802948163,7.505338882051886,85.10842452743486,Sp0957+2627
-0.5,None,-27.14724480413153,-17.366764647614957,-10.25140283992305,-28.765549024454725,4.947668482818531,Sp0958-5344
48735.24469453772,None,6.34737836586558,21.913084653452803,33.69176709666054,4.713487070012859,78.73524469453773,Sp0959+2002
18870.55508654953,None,-9.157979746736277,6.728069892352234,17.837665158085198,-10.824369913905379,48.87055508654953,Sp1000-0949
54608.42593395468,None,8.826806727716587,25.01069193667878,35.42958307972023,8.302298098282836,84.60842593395468,Sp1002+2556
2748.165750250438,None,25.40570103951882,34.1503737865655,39.69484579599118,25.11425765706166,57.48165750250438,Sp1002+6349
27598.181022544737,None,-5.355272931723181,12.130917947768092,22.35899722397719,-5.685355007812581,57.598181022544736,Sp1003-0105
153830.3205525912,None,-11.841379590530186,5.701518967981601,14.84542936683586,-11.616937337114258,45.38303205525912,Sp1004-1318
-0.5,None,-21.089386278873096,-5.737984484256897,1.994717908024333,-20.929245294031467,25.10150604627565,Sp1004-3335
16653.636046577012,None,-11.341847555183563,6.534141797751115,15.503924870980445,-10.857202831292039,46.65363604657701,Sp1005-1202
1180.1057626980557,None,-13.98140294851501,4.054815820279692,12.279893919888265,-12.986447691896087,41.80105762698056,Sp1006-1653
57847.161303651446,None,11.360465441153188,29.147574593212017,36.5006831635435,13.251268222489244,87.84716130365145,Sp1009+3324
48995.61449810237,None,4.139485258534831,24.499654126390457,31.310806463999704,7.210003096503877,78.99561449810237,Sp1011+2019
48546.14789281955,None,15.587635646779963,32.29904038102901,38.26831313573735,17.915827512784833,78.54614789281955,Sp1011+4245
-0.5,None,-21.38976620160547,-2.871002177586212,2.544563762894191,-18.325717672374363,27.8654159222647,Sp1012-3049
55962.07016860392,None,11.555686572838262,30.634236244348322,36.175467725019196,14.959303226833002,85.96207016860392,Sp1013+3520
-0.5,None,-32.06390506492725,-27.326291365579998,-25.999073777262183,-31.25231031208446,-20.022604137579783,Sp1013-7842
56502.011997511785,None,7.1453853503064035,28.627608468012546,33.20784124333443,11.95648851910777,86.50201199751179,Sp1016+2751
35999.36951923914,None,-3.9472780624736727,19.54021600001549,23.948122564392573,1.7036864077374703,65.99936951923914,Sp1017+0719
-477.1051751757618,None,-22.059717083010508,-0.6959157200592342,2.416966171571501,-16.25291183074736,29.522894824824238,Sp1018-2909
1698.1285635044521,None,27.326723711077296,35.10769043845244,36.111169278101954,29.45667968263049,46.98128563504452,Sp1019+7419
1566.892937621752,None,-21.290151548275972,0.5824848517497471,3.6025534758043123,-15.228433265706535,31.566892937621752,Sp1019-2707
40394.37085772232,None,17.843441907989334,35.63119922392292,37.55091948262301,22.89369296146189,70.39437085772232,Sp1021+5055
7953.290632940629,None,-18.919207183080744,4.737778519180022,7.117882493213537,-11.755637817859478,37.95329063294063,Sp1021-2044
30699.68296741557,None,-7.739227798494892,17.750864820756497,20.16618539093463,-0.06803742096110074,60.69968296741557,Sp1022+0200
50067.4216051585,None,13.02732778315581,33.949898787692426,35.92752565194969,19.14052559904027,80.0674216051585,Sp1022+4114
32881.15045293965,None,21.045205936060828,36.438246555791565,37.671004617412976,25.675312514451875,62.88115045293965,Sp1022+5825
33892.229792389466,None,-6.753987332214396,20.151899028429536,21.153760353980065,2.306835576859162,63.892229792389465,Sp1025+0512
45128.859573416434,None,-1.4806280223099364,26.519210638673254,25.837260055158236,8.876898519719587,75.12885957341643,Sp1029+1626
54434.70998775619,None,3.5395419755171886,30.54415347202021,29.699030997359856,13.523956513190493,84.4347099877562,Sp1029+2546
-0.5,None,-31.844123691850307,-13.210266773716999,-14.059438554496499,-24.10019641930723,5.051687935141453,Sp1031-5338
33697.36370238344,None,-8.296601231034016,21.50218006920783,19.598997176963373,3.665680313638701,63.69736370238344,Sp1032+0501
50842.24739084247,None,10.922517924004502,35.70279533785892,33.811688991066376,20.62725733392315,80.84224739084247,Sp1032+4027
-0.5,None,-29.204290192198762,-6.292795833159974,-7.5613179137505915,-19.539980915349215,16.536193181468672,Sp1032-4208
-0.5,None,-31.87881214575707,-12.654959603904466,-13.799628886276471,-23.68724413801734,5.768484400895821,Sp1032-5255
41744.89547167299,None,-4.12792583699837,25.76750166834048,23.415247441748413,7.990768896649809,71.74489547167299,Sp1033+1303
53810.789535692,None,2.1235291137423915,31.47447283927281,28.27584614889097,14.343526396943997,83.810789535692,Sp1035+2507
77086.56787543418,None,-21.90870733577794,7.175242999949982,4.384290318647292,-9.073225026486769,37.70865678754342,Sp1035-2058
-0.5,None,-31.36029961688229,-9.534630338993242,-11.562590156171487,-21.517283324724612,10.40780353568995,Sp1035-4816
48071.19901661649,None,-1.2038389675207388,29.27665535819355,25.715604221261675,11.736694376060989,78.07119901661649,Sp1036+1923
-0.5,None,-27.678015091558013,-1.0038409084085476,-3.941564895043033,-15.418190767930692,23.990699825095604,Sp1036-3441
-0.5,None,-30.691586970186258,-7.134201714327478,-9.672982713401156,-19.820648257677632,14.062191214503658,Sp1036-4437
58707.24627189475,None,4.544480888487698,33.72446880270803,29.762238298729326,17.08061600176471,88.70724627189475,Sp1037+3011
43893.58369878228,None,-4.252473664446509,28.17576396659084,23.043162018386965,10.435344326819358,73.89358369878228,Sp1039+1512
273272.61740799854,None,-13.222055189597102,19.56500851124227,14.67441113577647,1.9143353722626024,57.327261740799855,Sp1039-0121
252893.2831967161,None,-14.872605781709439,18.97636433720222,12.989910300559256,1.4360248317732818,55.28932831967161,Sp1042-0323
4416.702976044611,None,-24.85465422063036,6.481675954299669,1.0906188931857281,-9.258544448431254,34.41670297604461,Sp1042-2416
19471.355421414366,None,-18.00138531640889,15.747418561655621,9.611532570320758,-1.4362736088730557,49.471355421414366,Sp1043-0912
-0.5,None,-34.462361575686394,-16.258975694648917,-19.533023332694825,-25.087800711655415,-2.5245389878625755,Sp1044-6112
268429.839870017,None,-14.719243631726767,20.50534827747032,13.183687059646628,2.9152312027807614,56.8429839870017,Sp1045-0149
2555.980833998504,None,-26.149105551440066,5.773967324843773,-0.457147955803373,-9.683876524225159,32.555980833998504,Sp1045-2607
46624.831459121764,None,11.088344284611924,38.93144365883936,32.41095119963941,24.535429824111606,76.62483145912176,Sp1046+4441
12648.258714315452,None,-22.122138114897325,12.378992956377642,4.980991906508905,-4.180893467979833,42.64825871431545,Sp1046-1602
-0.5,None,-34.47173655886283,-13.450004556675635,-17.689455704241357,-23.276813371056125,1.7096064397664053,Sp1046-5658
15100.88190171114,None,26.33266173767693,36.420764763463616,34.01638105732364,31.468134117037163,45.10088190171114,Sp1047+7613
10417.542494497617,None,-23.26408767212762,11.104074649604222,3.6039238512328113,-5.223572926541552,40.41754249449762,Sp1047-1815
298823.76065046,None,-13.806979317164997,22.892169091469917,14.104100970405506,5.20061808282996,59.882376065046,Sp1048+0111
173475.50306249593,None,-20.153780255131085,15.492285677271925,7.370725441563713,-1.4648385529967638,47.347550306249595,Sp1048-1120
9258.006114287824,None,-23.95094595127741,10.527414536225931,2.7909701951965036,-5.6637387515131525,39.258006114287824,Sp1048-1925
-0.5,None,-31.46494530548939,-2.5533337472553357,-8.781791270801723,-15.853335846059656,18.749801545830845,Sp1048-3956
-0.5,None,-34.22510384928994,-10.752741970228056,-15.79673528798742,-21.48207155527697,5.780670573478791,Sp1048-5254
-0.5,None,-34.39901299168533,-10.917984305441312,-16.112806719949905,-21.539425842714554,5.36714747143249,Sp1049-5319
42185.16405901737,None,12.911936236344138,40.10453276009401,32.67163871300584,26.677995589713113,72.18516405901737,Sp1050+4907
-0.5,None,-33.21927229819707,-5.645997801322283,-12.070879490362401,-17.907511702322857,13.399976536568964,Sp1050-4517
35093.805061016224,None,16.610373936395753,40.29972763953696,33.6999515198172,28.749729985637817,65.09380506101623,Sp1051+5613
-0.5,None,-34.05720587211225,-7.704630622289421,-14.026834049075202,-19.26421652046434,9.984408731454426,Sp1051-4841
-0.5,None,-31.100287489876834,1.7358801033662716,-6.946948559876583,-12.284785216130066,23.925252013630615,Sp1054-3445
-0.5,None,-35.29794988716917,-11.086489791225425,-17.38406409136879,-21.332013348121663,4.159032501592376,Sp1054-5431
36826.575818101745,None,-11.458088397109869,28.112760010356958,16.181464499044306,10.280777171660581,66.82657581810174,Sp1055+0808
-0.5,None,-34.92235658811975,-22.84826025501164,-26.100789558111188,-28.013232130844706,-15.250055466832002,Sp1055-7356
35694.44287058937,None,-12.234757595745316,27.668811175225194,15.461447850141695,9.854573344726647,65.69444287058937,Sp1056+0700
12870.33750921384,None,-24.541307665844442,14.747365771245185,2.7478890006013215,-1.6369207226821454,42.87033750921384,Sp1058-1548
74602.58449668366,None,-27.167224358151046,11.47424717818387,-0.4553550011159308,-4.295305827720741,37.460258449668366,Sp1059-2113
41353.73168061209,None,12.079182027812001,41.700069343794404,31.31896498604649,28.41423702401876,71.35373168061209,Sp1100+4957
26175.22425880314,None,20.198193718163747,40.38537855500402,33.263053209529886,31.615170865301558,56.17522425880314,Sp1101+6508
486617.9601500194,None,-6.232816342512722,35.466269039546525,20.110787537775607,17.792319005603346,78.66179601500194,Sp1104+1959
-0.5,None,-36.81350547974031,-16.239754491573848,-23.00248695970725,-23.9613574021169,-5.520089451189361,Sp1104-6412
477809.54459043214,None,7.596627409021947,42.20431731536428,28.783593675090657,27.395050204303804,77.78095445904322,Sp1105+4331
331480.7174691533,None,-15.68291048640295,28.365133845648508,12.061577641286986,10.656433651124875,63.14807174691533,Sp1106+0428
383238.4812913308,None,13.012889829611295,42.629195399053984,31.014106288430515,30.112000372686754,68.32384812913308,Sp1106+5259
444433.96626400156,None,-9.60267042211076,34.569213404796216,17.195240738283054,16.75056792043879,74.44339662640016,Sp1108+1545
13627.89847530211,None,-27.09263743409769,17.74475822549578,0.4177120577994168,1.530603555383903,43.62789847530211,Sp1112-1502
460486.1644734585,None,7.426285296313859,43.865353448885166,27.842736575611994,29.37030736370164,76.04861644734585,Sp1114+4516
577086.5287762824,None,-2.785839430713083,41.15147012120669,21.739343734506058,24.031604288730676,87.70865287762824,Sp1115+2902
418.783637039445,None,-31.7875203189463,11.996405328474061,-5.256207516523473,-3.017677617774775,34.18783637039445,Sp1115-2429
-0.5,None,-37.55865116130808,-17.555675536659432,-25.309253519821258,-24.24307576590543,-8.842459759910886,Sp1115-6731
370105.48209494515,None,-16.20321077260868,33.26900706424501,11.1544418066602,15.503628126735126,67.01054820949452,Sp1119+0820
446141.39941626776,None,7.552104025983885,44.86386204167317,27.362950085667148,30.665427573445978,74.61413994162677,Sp1119+4641
15459.896041477314,None,-28.252777934786863,20.670391100447137,-0.5409167693200222,4.44606528541223,45.459896041477315,Sp1121-1313
32400.251620562463,None,-19.36209165292924,31.21547056021628,8.29031483916017,13.645644064580939,62.400251620562464,Sp1122+0343
533925.4300035256,None,1.5886595519229063,44.718080846577294,23.83755877082079,28.712305316205136,83.39254300035256,Sp1122+3755
14162.4314315278,None,-29.01119721498064,19.93536954507373,-1.3685176027347474,3.8648712883007685,44.1624314315278,Sp1122-1431
-0.5,None,-37.717732909650785,2.7716339745117766,-14.090374673163831,-9.796853941647653,19.413087337712525,Sp1122-3916
-0.5,None,-38.53877935467564,-15.722899000511791,-25.259046208698965,-22.796814791578083,-6.871678529011291,Sp1122-6533
23527.69671329369,None,-24.506913502378683,26.142067517743765,3.409116192491795,9.18014918123207,53.52769671329369,Sp1123-0509
531831.9258642732,None,1.5108027353750795,45.01539849657115,23.664398896854184,29.03313805061866,83.18319258642732,Sp1124+3808
-0.5,None,-38.66033076774358,0.9367567332010724,-15.839915010022311,-11.057027504818999,16.46051318691196,Sp1124-4213
1562.2454134708298,None,-35.08042999888951,11.987536646923022,-8.757060455469329,-2.385955410053994,31.56224541347083,Sp1126-2706
275442.920365478,None,17.13137165942652,43.421589580757306,30.348067100837106,34.27597924252263,57.5442920365478,Sp1127+6346
30367.44316355906,None,-21.74557970866885,31.25483059549957,5.963994097643133,13.85476255681382,60.36744316355906,Sp1128+0141
11419.605202081755,None,-31.446047155814938,19.072630967235675,-3.9420433996721105,3.437558780973144,41.419605202081755,Sp1128-1715
425169.71417748195,None,7.501165854086707,46.594028763691014,26.315347673264778,32.875821607947124,72.5169714177482,Sp1130+4848
-0.5,None,-40.29222470842535,-9.792436306545579,-23.35203936447782,-18.490084903072457,0.6869957229469579,Sp1130-5759
-0.5,None,-39.57533128681193,-14.516307034500192,-25.861209196906604,-21.62256137458828,-6.085794277663735,Sp1131-6446
393212.6589205333,None,-17.49525974570588,37.33028098489895,9.431492795019853,19.556214459599996,69.32126589205333,Sp1133+1039
29056.904958115992,None,-23.888209389872845,31.832302597209367,3.831758696717063,14.599670004906987,59.05690495811599,Sp1134+0022
26269.146725560197,None,-25.363271858670792,30.032193671884947,2.4735458976060625,13.009505941404779,56.2691467255602,Sp1134-0224
207584.65826657315,None,-28.78291701996126,26.909109740240396,-0.8665644622547675,10.427847347648505,50.758465826657314,Sp1136-0755
14130.933014992934,None,-32.404039076646164,22.727756359216635,-4.643405749109474,7.007558385028303,44.130933014992934,Sp1138-1432
-30.884272321717532,None,-38.15905863881673,12.722173674621208,-11.893141973577762,-1.0817657681542119,29.969115727678282,Sp1138-2842
255027.5740242597,None,-26.868219123914525,30.560067412271174,0.9664595784339528,13.68317950377816,55.50275740242597,Sp1139-0310
61.3988430879688,None,-36.57751529483433,17.654202686053413,-9.409114190979404,3.047055823922586,36.13988430879688,Sp1141-2232
329012.1811262447,None,-23.46313191803383,35.92110611476542,3.9068705267575643,18.528394185756063,62.90121811262447,Sp1143+0413
305944.55736603896,None,13.697709007490309,46.23985182484325,27.78406765217157,36.16093461986093,60.5944557366039,Sp1144+6043
-0.5,None,-42.373570940475595,2.7844498833345503,-19.46186411297702,-8.50078091040701,15.632137849132972,Sp1144-4302
8325.360616463719,None,-36.524274457336304,19.853903279310764,-9.093172370187233,5.0559264152230305,38.32536061646372,Sp1145-2021
567507.1173315203,None,-4.207310667046785,48.83190353453299,18.139066252226332,32.11806035597423,86.75071173315203,Sp1146+3431
-0.5,None,-42.97177986613884,-5.533647252008304,-24.294297160249535,-14.568252694620744,4.267512054863625,Sp1147-5424
2933.430394017364,None,-39.28041407528493,16.417763036956753,-12.409909737086945,2.4717224382289626,32.933430394017364,Sp1148-2544
-0.5,None,-43.033330680195775,5.59954986050279,-19.178626902000897,-6.019070364614127,18.468035888551828,Sp1149-4012
-1.575379584505896,None,-40.65287305930203,14.359122168053142,-14.221578291612552,0.9255951818350133,29.84246204154941,Sp1150-2850
-0.5,None,-41.33772524518434,12.145019418290426,-15.423247646033552,-0.8720306017062232,27.02060120105216,Sp1150-3139
532931.2235151401,None,-11.982543803858196,47.6401010375479,12.311608780174206,29.949421211445866,83.29312235151401,Sp1152+2438
171095.5992233096,None,21.79058194973004,40.98586436689424,29.868329413102867,35.70635311779939,47.10955992233096,Sp1152+7412
356628.29113860114,None,-23.745264445063643,39.56506146469221,3.201161712813386,22.10016663991321,65.66282911386011,Sp1153+0659
302683.8485553047,None,-27.175291253319216,36.4508090251547,0.2606305526264461,19.395982865918015,60.26838485553047,Sp1154+0135
346738.3903977101,None,-24.760054002968243,39.38941851599904,2.2550917157877657,22.012488939043028,64.67383903977101,Sp1155+0559
626.1158809137747,None,-39.50829030367895,19.93402798482726,-12.160901233756846,5.714889247758512,36.26115880913775,Sp1155-2224
-0.5,None,-43.73562842780569,8.444234307742464,-19.036908299853064,-3.4566249510307316,21.21901627304967,Sp1155-3727
-0.5,None,-44.92465744475398,-0.1252404616696742,-23.82574518559015,-9.968144561321955,9.935523688712857,Sp1157-4844
425875.69382662605,None,-20.16630321829735,44.256652696597655,5.797110349606971,26.49097105347982,72.58756938266261,Sp1158+1354
514362.3625129064,None,-2.269365150130877,51.841261072516886,18.248719725165955,35.950365304480016,81.43623625129064,Sp1158+3953
966.5349987114887,None,-38.830007419395706,22.981462877257947,-11.170315827970459,8.386015017858362,39.66534998711489,Sp1158-1900
29.18699780236409,None,-41.218176071542274,17.76341409929898,-14.226220879241247,4.101363246998653,32.91869978023641,Sp1158-2545
296298.94793125987,None,-28.575442994380953,37.02920167776162,-1.1562697578865733,20.11237222202508,59.629894793125985,Sp1159+0057
497433.2163714126,None,-15.628385104253171,47.8646529243561,9.105227551991117,30.03514614713309,79.74332163714126,Sp1159+2105
-0.5,None,-44.91136777685195,-3.144215719362294,-25.441119723742972,-12.169601160959317,5.891277856235282,Sp1159-5247
494660.5795779831,None,-15.908955857732858,47.875553805874894,8.856023326588904,30.041230330652823,79.46605795779831,Sp1200+2048
583763.4163696221,None,-7.644980167991064,51.597606383304424,14.581626183505666,34.552285328654854,88.37634163696221,Sp1201+3248
505296.0032744326,None,-2.035975442880701,52.42913024676165,18.124391060676256,36.70550522590059,80.52960032744326,Sp1201+4046
1644.377655572206,None,-36.27158530628855,28.390593729762223,-8.358228938799407,12.97736184310621,46.44377655572206,Sp1201-1213
10.46688665347915,None,-42.5998901293831,16.857700728307833,-15.818788007749738,3.593570820236758,31.046688665347915,Sp1201-2737
-86.99940444048373,None,-43.213390826252514,15.403893009942422,-16.73240045613859,2.4396868602920336,29.130005955595163,Sp1201-2932
492397.09789715445,None,-1.2715621029890865,52.65098917636924,18.47674085786663,37.20232319185455,79.23970978971545,Sp1202+4204
2219.1188934991324,None,-33.419474889874635,32.58635336880533,-5.593899932278125,16.498164211325058,52.191188934991324,Sp1202-0629
289411.77162179124,None,-29.8570554003047,37.40993071777272,-2.440825196727758,20.635071341049393,58.94117716217912,Sp1203+0015
591063.7775017992,None,-8.56549720121126,52.18782701052786,13.675053638100776,35.04923805791347,89.10637775017992,Sp1204+3212
7.037716763694668,None,-43.5565265366171,17.15489616167491,-16.77166574849555,4.077659913142649,30.703771676369467,Sp1205-2758
-0.5,None,-46.19844672134361,8.089718991520172,-21.916078685656828,-3.0803020870552906,19.053841842798946,Sp1206-3937
-0.5,None,-46.18119615367338,7.510269400818105,-22.09648050025044,-3.5625943313094983,18.392827159454356,Sp1206-4017
159621.23280283457,None,21.792878266463624,41.12383550169562,29.117672770281263,36.397506823682534,45.96212328028346,Sp1207+7521
150301.1107359076,None,22.4175521752524,40.54778355159959,29.311926309043432,36.13995099023454,45.03011107359076,Sp1207+7617
-0.5,None,-46.32882798019908,8.233798707791022,-22.01461457455739,-2.924586284828328,19.127813325086983,Sp1207-3932
343752.59988175967,None,-27.55239137090576,41.892363488366506,-0.7645344888145437,24.712475654383393,64.37525998817597,Sp1209+0542
396885.2303885841,None,-24.27597855572452,45.19672658310081,1.7968918029024925,27.64433703445996,69.6885230388584,Sp1210+1100
327797.6948112804,None,-28.976245715996665,41.31390174497687,-2.0501176937889896,24.307107636775417,62.77976948112804,Sp1211+0406
1559.8654259663263,None,-38.83762557450919,29.45056895538866,-10.921793664063316,14.437884656208578,45.59865425966326,Sp1211-1304
522968.3063287679,None,-4.877225931506297,54.68354240862905,15.302404341823083,38.55330974424527,82.29683063287679,Sp1213+3900
2412.9456255450523,None,-34.518977527549204,35.83398650316823,-6.869098374054948,19.7767944101376,54.12945625545052,Sp1213-0432
295204.6302243405,None,-31.867540003289555,40.037804834099596,-4.6839491200866945,23.436860373718083,59.52046302243405,Sp1215+0050
341653.89634139586,None,8.244550895386253,51.400198756376,22.713549231193056,40.394453347281704,64.16538963413959,Sp1216+5709
292697.3187940638,None,-32.33890716792525,40.16454358301123,-5.157554393451835,23.624825871052483,59.26973187940638,Sp1217+0035
2283.625031781299,None,-36.472628291077044,35.956071550494165,-8.802320385376818,20.21172560077321,52.83625031781299,Sp1218-0550
580119.8373992563,None,-10.063862847703597,55.61379605195461,11.306552727528349,38.50891052418586,88.01198373992563,Sp1220+3315
316216.16776093014,None,-31.623307350498134,42.47647049011689,-4.767928511023953,25.765408098263883,61.62161677609301,Sp1221+0257
376220.0487430624,None,-27.60500433481572,46.16501494190197,-1.5198891220399833,28.879122924826703,67.62200487430624,Sp1221+0857
-0.5,None,-49.11902412764905,4.640369313176154,-26.682043765808643,-4.958954728502572,12.866581027541853,Sp1221-4548
1969.90751472253,None,-39.22874455312337,34.478741324953944,-11.435431983048666,19.285475380894965,49.6990751472253,Sp1223-0858
7.167701337152259,None,-47.39022333455073,19.59318712602907,-20.372080302790764,7.161958211380778,30.716770133715226,Sp1223-2757
1603.5709408994321,None,-41.37295492853612,31.867709513881902,-13.473001274020978,17.210117272391333,46.03570940899432,Sp1224-1238
1463.2538926976445,None,-42.27168591347522,30.932033339189168,-14.357569313733798,16.50393077175902,44.632538926976444,Sp1225-1402
440.7650409793746,None,-47.16582537353146,23.182188434343974,-19.665623091197947,10.354974692048971,34.407650409793746,Sp1228-2415
365498.4667605144,None,-29.917284041559515,47.214734515693095,-3.9146948543804165,30.157307975956698,66.54984667605144,Sp1229+0752
541493.6074594697,None,-17.657217159159572,56.39377994381599,4.9962783613787165,38.59663811009843,84.14936074594696,Sp1232+2528
18815.15531494784,None,-41.45463862917105,35.16870414415989,-13.67949893989677,20.371790416924355,48.81515531494784,Sp1232-0951
-0.5,None,-43.772556149719016,-14.001039620844102,-32.50247702845959,-18.944284332936327,-10.249961280116397,Sp1232-6856
-0.5,None,-50.428560761563006,1.8408040886446528,-29.74667224962131,-6.591017328337309,8.347117920263234,Sp1233-5020
419621.4489155321,None,-27.089203267715707,51.52512000017325,-2.1443435263594,34.07167807852034,71.96214489155321,Sp1235+1318
497988.9467692652,None,-21.619146420936282,55.75501655248255,1.762605974633503,37.925057286281984,79.79889467692652,Sp1237+2107
32857.334045297,None,-34.25777115923228,46.690737471994886,-7.996793529272367,30.24530160760492,62.857334045297,Sp1239+0410
360634.3015967032,None,4.714651864293223,55.136711570289116,18.981829230047417,43.78693069796789,66.06343015967032,Sp1239+5515
171.10981013069022,None,-50.42703598257372,22.370926682795773,-23.105859148195808,10.403461554472647,31.711098101306902,Sp1239-2658
-0.5,None,-42.0658542486654,-17.186800635431663,-33.17316519238543,-21.123824735617468,-14.393688562352713,Sp1239-7304
-0.5,None,-52.11769083378581,18.48100850209217,-25.520633470848196,7.371994381083702,26.7939409787494,Sp1241-3152
-0.5,None,-50.179561716656906,-3.313005125755885,-32.867773150939065,-10.117369575790837,1.324505757607981,Sp1245-5721
35785.648740539174,None,-33.37871442441486,49.833976871810286,-7.7546189146760565,33.18332563855901,65.78564874053917,Sp1246+0706
594560.9663327052,None,-14.775663791032343,60.973100794638576,5.760664624576212,43.55273675157797,89.45609663327052,Sp1246+3148
508660.4285112172,None,-7.856117938911367,61.00790156974252,10.472292529993679,45.11842084363495,80.86604285112172,Sp1246+4027
-0.5,None,-53.028762857732644,19.175745660040306,-26.33657055334839,8.22353460387557,27.024001463054773,Sp1246-3139
523488.1297768435,None,-9.151942318796879,61.333423343734886,9.53289002019798,45.09977379084495,82.34881297768435,Sp1247+3857
383902.97312744264,None,1.949322142288497,57.56341573603857,16.54258135418889,45.55391363309794,68.39029731274427,Sp1249+5255
237.81881629667652,None,-52.33646597330443,24.111679089431522,-24.845829787735383,12.461065745760013,32.378188162966765,Sp1249-2617
26852.668326547744,None,-40.17548257582924,44.16208940887231,-13.370242884617646,28.82734314466748,56.85266832654774,Sp1250-0149
732.67736752031,None,-50.88757812126043,28.487417191923385,-23.03709824354523,16.137078808431326,37.3267736752031,Sp1250-2121
449806.65450337727,None,-3.6028345575193055,60.51608123352279,12.86268966771089,46.29992326814493,74.98066545033772,Sp1251+4620
-0.5,None,-54.78635619522598,13.500084129814914,-29.729553930289264,3.869649401954862,19.9130467173112,Sp1251-3846
31548.331427514844,None,-37.44812998865587,48.01053401537153,-11.352814999400369,32.079176173631254,61.548331427514846,Sp1252+0252
-0.5,None,-54.28109387198082,19.65400012494714,-27.55340289757778,8.979661355381678,26.858305530950854,Sp1252-3149
507540.05961027945,None,-8.48130108984923,62.20053991891226,9.506323255878725,46.34536780101208,80.75400596102794,Sp1253+4034
-0.5,None,-51.23938564051036,-2.629855919786721,-33.90027372082123,-9.221487610793519,1.5280066699442367,Sp1253-5709
27295.8722283783,None,-40.787413290783284,45.277105816474666,-14.15385140784415,30.04451367665766,57.2958722283783,Sp1254-0122
-0.5,None,-50.48314955127712,-4.563704687118941,-34.382176387196886,-10.697186171605761,-0.7879004369345448,Sp1255-5928
1571.873025078007,None,-48.01620642312987,36.199120856098176,-20.262898396069406,22.78267319991727,45.71873025078007,Sp1256-1257
-0.5,None,-55.839156635250184,14.347332831291535,-30.61683070802609,4.8835737282327845,20.307851754947514,Sp1256-3822
-0.5,None,-55.916079244988126,9.874951784650262,-32.42776371568516,1.3113716037729226,15.078039957658817,Sp1259-4336
47886.012994350254,None,-26.651484807678287,59.82646869565341,-3.921866699963762,42.193815827560606,77.88601299435025,Sp1300+1912
59313.2494795996,None,-17.388871259696742,63.59984100591219,2.766913931498948,46.00354017198809,89.3132494795996,Sp1300+3038
1350.5836679812433,None,-50.39309535150276,35.11540077581019,-22.569989633791728,22.308451538176907,43.50583667981243,Sp1301-1510
77159.0498995559,None,26.09544527854991,36.7797580656723,29.0201097670053,35.16373092311933,37.71590498995559,Sp1304+8336
48261.76209547133,None,-27.060602826389562,61.01552622753606,-4.650903627499469,43.3990617850126,78.26176209547133,Sp1305+1934
49456.98299143804,None,-26.114908645282814,61.60546586378984,-3.970404954521751,43.908759754497744,79.45698299143804,Sp1305+2046
52978.964456232774,None,-11.740842779242096,65.0203974337152,6.166852323061018,48.64217065554963,82.97896445623277,Sp1306+3820
-0.5,None,-52.87704513797535,-2.0294481878874833,-35.886669260865524,-8.098955947856128,1.2380714715716243,Sp1307-5726
36107.50665954785,None,-36.9264355917798,54.06497054508871,-12.175367058932848,37.96480631981724,66.10750665954785,Sp1308+0725
386618.783575301,None,0.1144292705401182,60.17967575648729,13.938734803314112,48.46017932406536,68.6618783575301,Sp1308+5239
51.6950634604661,None,-55.65804013283524,28.75528179111505,-27.819396190608966,17.599848378695324,35.16950634604661,Sp1309-2330
-0.5,None,-54.41800427327297,0.6464407514642526,-35.9887978519921,-5.790687795197666,4.0379375951344905,Sp1309-5438
54819.40898261111,None,-13.8796892089132,66.28244545497755,4.211450975844048,49.49715472170831,84.81940898261111,Sp1311+3629
47847.76491037843,None,-7.955383548661154,64.81713568597407,8.313920278360145,49.88868351238498,77.84776491037843,Sp1311+4328
46197.57010146059,None,-29.666816864306693,61.280707283421926,-7.14804543750104,43.929419555216676,76.19757010146058,Sp1312+1731
-0.5,None,-53.24130920760949,-2.123449039701841,-36.53885067426604,-7.974476558140417,0.8536852339300656,Sp1312-5750
249442.1816927865,None,11.446334752461551,51.27162921346592,20.723610920314243,44.71657089562516,54.94421816927865,Sp1314+6622
-0.5,None,-58.88055163619126,21.41235148500889,-32.00030523125686,11.798186243090488,26.4718264938963,Sp1314-3212
58709.31686497407,None,-17.622540458189057,67.0379832953777,1.2549503305007155,49.58320229729228,88.70931686497407,Sp1315+3232
18.519638672753587,None,-58.05154706458069,26.415422245310126,-30.40395301361804,16.07197607492946,31.85196386727536,Sp1315-2649
47487.83538705334,None,-29.285390046937227,62.963548198306576,-7.308760569020505,45.5447670114746,77.48783538705334,Sp1317+1849
42752.0922905541,None,-4.103932569508697,63.55300595619339,10.471572035589826,50.49722817127975,72.7520922905541,Sp1317+4833
179480.4102596018,None,17.24299466818579,45.790616377256704,23.972035372897547,41.54229229022223,47.94804102596018,Sp1318+7322
49570.435422598464,None,-27.954833704091673,64.58695600124292,-6.593600197559132,47.00345925282098,79.57043542259846,Sp1319+2053
32834.81223134716,None,-41.41169826638793,53.65136863090432,-16.55408822754806,38.53409633372729,62.834812231347165,Sp1320+0409
38647.10782287589,None,-36.913231206946676,57.99755450252014,-13.215245629407518,41.89443411993194,68.6471078228759,Sp1320+0957
48681.27182901914,None,-9.493714059538926,66.61602201295577,6.523410459304931,51.51714979483521,78.68127182901914,Sp1320+4238
-0.5,None,-60.33205166278038,15.460195778234825,-35.222517888038524,7.172252872340641,19.411910629528062,Sp1320-3916
21273.55968319011,None,-49.74316186219839,44.23896301678781,-22.95073658023398,31.14252879349984,51.27355968319011,Sp1321-0724
52262.080697598365,None,-12.778328532900828,67.97784020380949,4.069476917266249,51.81531904864839,82.26208069759836,Sp1322+3902
58725.051713955465,None,-20.52978215846728,68.58454129243182,-1.586876668083288,50.86602600324951,88.72505171395547,Sp1323+3014
33965.79447313061,None,-41.261512000286864,55.22833098194872,-16.82335503318673,40.101866039182426,63.965794473130615,Sp1325+0517
11.941164672030595,None,-60.547774730313265,26.809555203945862,-32.88582048730355,17.127303776116868,31.19411646720306,Sp1326-2729
-0.5,None,-61.67708757572336,18.721571227616636,-35.61604332706102,10.293329530432063,22.445496120613928,Sp1326-3614
30512.432767373433,None,-44.27536483602731,52.81111349130959,-19.259444085301954,38.412616780906966,60.51243276737343,Sp1327+0149
-0.5,None,-61.99498836957546,19.230135408885378,-35.80880903973863,10.820218579665935,22.866991906074396,Sp1327-3549
-0.5,None,-61.6379906163373,13.747100551444476,-37.402108107163244,6.225150274123105,16.900797551890474,Sp1329-4147
48632.08028125927,None,-30.085064398558522,66.24576013839706,-9.130791569084247,48.896645241585674,78.63208028125926,Sp1330+1958
55816.81766064369,None,-16.69207733990934,70.12075423246101,0.5936829340917796,53.10750652664974,85.8168176606437,Sp1330+3526
23789.94814589953,None,-49.60022527008025,47.48998124233832,-23.45203077563153,34.420092822848524,53.78994814589953,Sp1330-0453
57137.58656337615,None,-17.9661914008068,70.46146953241244,-0.43265183279036695,53.196554072813555,87.13758656337615,Sp1331+3407
27402.351215571685,None,-47.31012735352003,50.811859468037746,-21.878232217559386,37.19717103163905,57.402351215571684,Sp1331-0116
-0.5,None,-50.599327831716266,-8.144961157654983,-38.42671145288862,-12.286368932397531,-6.526848029220728,Sp1331-6513
34108.82196188319,None,-42.349910578242536,56.50900634061404,-18.309888581808725,41.70693606699621,64.1088219618832,Sp1332+0525
44386.65022394716,None,-33.903200335884804,64.01072070470865,-12.082964598913842,47.32119547751766,74.38665022394716,Sp1332+1542
48639.55233815251,None,-10.546985907070269,68.6871565157173,4.7677787962121725,53.772727450859335,78.63955233815251,Sp1332+4240
23998.610290395554,None,-49.87677269812131,47.959489594083266,-23.844649775721834,34.98626934718079,53.998610290395554,Sp1332-0441
26420.2790570707,None,-48.36434806280828,50.22073535441081,-22.82395881210821,36.8912025342605,56.4202790570707,Sp1333-0216
-0.5,None,-52.37111090672717,-5.912911547290408,-39.02631180648082,-10.2970321658743,-4.267643364043853,Sp1334-6257
53568.724455712385,None,-15.283775505101287,71.01614873392866,1.0496582899237874,54.563290318457526,83.56872445571238,Sp1336+3743
43448.421918895474,None,-6.2454367800970765,66.61231477564031,7.493093476993035,53.789597586068716,73.44842191889548,Sp1336+4751
41660.87849330796,None,-4.694153014688893,65.57684961181893,8.535830033781119,53.50248401700458,71.66087849330796,Sp1337+4938
49627.39261204007,None,-11.909829858492083,70.05156219911044,3.327867698311273,54.87504007402092,79.62739261204007,Sp1338+4140
1003.9130932639075,None,-59.7328722085946,36.06245269078538,-31.985504196250506,25.76281035775732,40.039130932639075,Sp1338-1838
1077.0457427324125,None,-59.51126951109281,36.80484814755917,-31.826953759982313,26.438659353131694,40.770457427324125,Sp1339-1755
36771.64593727825,None,-41.47699627237137,59.92807919924507,-18.480442317456518,45.03153074094775,66.77164593727825,Sp1341+0805
36135.295160930735,None,0.013681201940312014,62.07441027686244,11.53072819609375,52.39908119006839,66.13529516093074,Sp1341+5510
37107.05435517414,None,-41.48562943338,60.513605139065064,-18.68844398999913,45.653177377970415,67.10705435517414,Sp1343+0825
-11.606455164727372,None,-64.81675181839536,25.995345407239775,-37.293860173378846,17.613369494038395,28.839354483527263,Sp1343-2950
38200.847867349294,None,-2.163667071089724,64.11972452447651,9.656680728041637,53.82531989568699,68.2008478673493,Sp1346+5306
1227.8998813749638,None,-60.00290767854287,38.788989433239024,-32.55602785624753,28.5979699920406,42.27899881374964,Sp1346-1624
-0.5,None,-65.72044317019107,24.31961365363705,-38.48483382273,16.368726021408847,26.868551426025036,Sp1346-3149
3258.6901382706715,None,-45.93503363930968,57.435715923138815,-22.41223125891861,43.800123175674045,62.58690138270671,Sp1348+0353
2561.4058850287024,None,-51.33325254179489,51.20800647584884,-26.24485283189476,38.89007720278632,55.61405885028702,Sp1348-0304
-0.5,None,-64.95229231341813,14.254219307989109,-41.05864402975732,7.751769135286457,16.23132192929353,Sp1348-4227
-0.5,None,-59.375061006276795,2.825403535114845,-41.65423749438083,-2.18136372680888,4.305632623830654,Sp1348-5423
55493.30650259201,None,-26.310487114416265,73.4282105606234,-8.252781050800722,55.62500041911325,85.493306502592,Sp1350+2650
-0.5,None,-61.93884996728138,6.576936939716439,-42.195286106940024,1.2300813905267114,8.077870675234958,Sp1351-5036
3745.9201783473036,None,-42.604192276967545,62.276717057983156,-20.537040658144363,47.924506149294054,67.45920178347303,Sp1354+0846
40564.63607718782,None,-4.820434355924772,66.71908106248456,7.174991475325858,55.80205841917501,70.56463607718781,Sp1354+5044
47588.97613525542,None,-11.44567989350006,71.87823942734435,2.1646499746682766,57.96985416626198,77.58897613525542,Sp1356+4342
1047.5311872475659,None,-63.02216101293162,37.913197811280554,-35.5294353342303,28.659523710643107,40.47531187247566,Sp1356-1812
3718.5696354342626,None,-43.20102066680397,62.43460867512839,-21.26053087905577,48.318947784062956,67.18569635434262,Sp1357+0830
1404.058330942378,None,-61.11120284230712,41.377740304339184,-34.14760244808003,31.661254296281516,44.04058330942378,Sp1357-1438
710.8980825784884,None,-65.0776673660257,34.82848682631968,-37.28446373983283,26.16572528177406,37.10898082578488,Sp1357-2134
-0.5,None,-67.56738152300301,16.636202194019525,-42.94124567466576,10.492988854934273,18.11300330833438,Sp1359-4034
-0.5,None,-59.01834757238081,1.055047717224043,-42.9244727506106,-3.2830450302095744,2.08817422410368,Sp1359-5636
43642.53224792371,None,-8.030604029341399,69.66643498235311,4.3888141909564435,57.679403548620805,73.64253224792371,Sp1400+4739
49124.54663809852,None,-13.207519677836764,73.52929263200312,0.4498454892224205,59.120450666037144,79.12454663809852,Sp1401+4211
1635.0108178322237,None,-60.29419664134047,43.85933593960438,-33.858229070187924,34.053509264649186,46.35010817832224,Sp1401-1220
2219.2197425483605,None,-56.2250352964309,49.45653175848437,-31.06936964075228,38.75420699989218,52.192197425483606,Sp1402-0630
58760.260410235445,None,-24.49820977836582,77.00105086010468,-8.129411688873045,59.17628700243904,88.76026041023545,Sp1403+3007
74695.25593783353,None,25.470353079708353,37.240058128978106,27.674137356640703,36.20023532812204,37.46952559378335,Sp1405+8350
59446.71987893544,None,-23.435898548562513,77.72003737985122,-7.588299045399698,59.99284872996479,89.44671987893544,Sp1406+3131
-0.5,None,-48.98281715095933,-11.771368030929528,-40.45316755279881,-14.362967781807095,-11.254603204836787,Sp1406-6957
-0.5,None,65.32682496182386,-46.91079798313032,58.03959052253288,-50.68149962911835,66.839377956657,Sp1407-0800
-0.5,None,-67.31165219104818,13.04392490258437,-44.705055134173485,7.741575742017525,14.09611611550814,Sp1407-4436
-0.5,None,-62.39179534926005,4.742176839318701,-44.63906570749484,0.39309471914310357,5.572635046016376,Sp1408-5307
2680.6883373360847,None,-53.67909563887767,54.441256782229225,-30.055548274764522,43.47908891453164,56.80688337336085,Sp1409-0153
-0.5,None,-70.47530061388821,23.493116108816807,-43.55237160479517,17.101954785186354,24.73231309413933,Sp1409-3357
4739.914433640395,None,-12.179928274441616,73.63474163933289,0.48436033337899537,60.39778396742059,77.39914433640395,Sp1410+4354
-0.5,None,-64.67152502144431,7.832327544618667,-45.18233715330217,3.244261562345775,8.665094415157649,Sp1410-5001
5167.831743623988,None,-16.258754121052093,76.49856748694664,-2.6505139098256616,61.25639589246245,81.67831743623988,Sp1411+3936
-0.5,None,-69.3804056795378,16.208958381918396,-45.30989251471386,10.811603768686192,17.157143173024593,Sp1411-4132
4523.3212596268895,None,-37.785396848137964,71.21185442266297,-18.913552834863246,56.03593379998021,75.2332125962689,Sp1412+1633
5256.825368887267,None,-31.02002578498176,76.46528127375177,-13.88321367072716,59.341611163847105,82.56825368887267,Sp1412+2354
2810.0105550129356,None,-52.92459229279042,55.868658180982145,-29.78645679271477,44.85039970260507,58.100105550129356,Sp1412-0035
2373.226378332696,None,-56.80784933652146,51.8625093495937,-32.6767735121171,41.816977355455236,53.732263783326964,Sp1413-0457
4469.023417954283,None,-9.883280489554947,72.07205141711577,1.8513001110152254,60.413190160789384,74.69023417954283,Sp1415+4636
4250.115808919259,None,-40.685393992410326,69.42883428878338,-21.471359940485446,55.30959903110401,72.50115808919259,Sp1416+1348
-0.5,None,-72.25111015793843,22.246232171535535,-45.784384558609425,16.600916459368474,23.061365599063052,Sp1418-3538
5938.1704177547945,None,-24.367102695683656,80.63908797337582,-9.57971820034307,62.893861513703506,89.38170417754795,Sp1419+3137
4715.724151596159,None,-36.863456821975454,74.02506567715318,-19.194657346723876,58.88212890357015,77.15724151596159,Sp1421+1827
1239.4087180616439,None,-66.5770470874874,41.33416519274282,-40.051107589100944,33.63987907236432,42.39408718061644,Sp1421-1618
-8.955712202952633,None,-72.8105860874461,28.297825766155288,-45.02539648774731,22.20165181899004,29.104428779704737,Sp1421-2935
3716.2398344113117,None,-46.21656684851083,65.28651124223542,-26.21951493713551,53.179234237206906,67.16239834411311,Sp1422+0827
4314.166806405925,None,-40.78948396292776,70.83634439197029,-22.345286905957256,57.12430898661757,73.14166806405925,Sp1423+1426
3952.9255204456676,None,-5.345295860676717,68.20105157430692,4.740972198593833,59.39662580826773,69.52925520445667,Sp1423+5146
2058.425123133607,None,-60.69787790680857,49.42545840472972,-36.32134138538956,40.69282812557812,50.58425123133607,Sp1423-0806
-0.5,None,-73.4825122458775,22.834050752621934,-46.882309185783534,17.501312997789764,23.458006902581783,Sp1424-3514
5431.7828630269605,None,-30.410302969722053,79.9263808210922,-14.754003212133773,62.762341152215704,84.3178286302696,Sp1425+2540
16936.24132547422,None,16.244938862300756,46.65305942318014,20.849534285273773,44.27402208074074,46.93624132547422,Sp1425+7422
-0.5,None,-73.38585929315374,21.29240247930237,-47.36461360548627,16.184800187737263,21.859099427540837,Sp1425-3650
3036.0107791261094,None,3.299933155550065,59.747315244988734,11.092633618106568,54.390267425093185,60.36010779126109,Sp1427+6056
4263.473058071832,None,-41.649429968845794,70.82372082768468,-23.460335097976408,57.662132471089265,72.63473058071833,Sp1428+1356
5812.201720471171,None,-23.46550111057295,82.37749770397377,-9.731706415710654,64.92986010570084,88.12201720471171,Sp1428+3310
3190.9705368152927,None,1.7630252023201283,61.283805742379194,9.836803875345558,55.55512434385501,61.90970536815293,Sp1428+5923
2195.8406311469075,None,-60.30067798574513,51.05377311089499,-36.66323590990555,42.576443145197274,51.958406311469076,Sp1428-0644
4446.1396670679,None,-10.377816020888604,73.12151735075561,0.3706326934669172,62.58550071344848,74.461396670679,Sp1429+4650
-0.5,None,-56.45489569572221,-4.209121891071378,-45.20366306995555,-6.8387146658835345,-3.972989919097768,Sp1429-6240
3157.8480904953535,None,2.012121856714735,61.034768389856,9.903590065779065,55.53108290710921,61.57848090495354,Sp1430+5943
-0.5,None,-75.0469484564395,26.993106251337448,-47.422793838529685,21.694213583779415,27.45892146433875,Sp1430-3114
820.8995183790641,None,-71.14871386652065,37.655644171357565,-44.06557818806396,31.285479614140403,38.20899518379064,Sp1431-2029
5320.539452264606,None,-32.01525092451266,80.46409487694295,-16.754924593875643,63.98152447029153,83.20539452264606,Sp1433+2432
510.53226694888497,None,-73.5538379988914,34.687305023329245,-45.984417866417594,28.91337233383675,35.10532266948885,Sp1434-2335
515.413560891853,None,-73.57036069002363,34.74175803694928,-46.01200943907564,28.978799072969483,35.15413560891853,Sp1435-2333
5771.014880350266,None,-27.91203915946537,83.63560605347158,-13.89655993295346,65.92971197105724,87.71014880350266,Sp1436+2900
-0.5,None,-61.54731559348892,1.178235699694355,-47.76184214334955,-1.6157736270547947,1.3488714166084983,Sp1436-5721
2715.6002815255006,None,6.078222394411002,56.905595725792374,12.628919696022374,52.96453925325626,57.15600281525501,Sp1438+6408
4816.455301622271,None,-37.270580167593984,77.00219151515559,-21.444486404592272,63.05322518149352,78.16455301622271,Sp1439+1929
3198.6351545869147,None,-52.95886411487896,61.592684102531464,-33.47044457955126,52.85208424118732,61.98635154586915,Sp1443+0316
5870.8135149376685,None,-27.365146387210643,85.65057536501712,-14.276596778772047,67.86088868295981,88.70813514937669,Sp1444+3002
838.3314481426254,None,-73.31297764960537,38.18396723563357,-46.72147275936091,32.81743239397787,38.383314481426254,Sp1444-2019
2649.6787914136057,None,6.535842506557653,56.37914245730233,12.592339585484806,52.978543436697464,56.49678791413606,Sp1445+6447
2911.0864139613263,None,-55.86403253528086,58.84490196833231,-35.822335462642705,50.93910272252274,59.11086413961326,Sp1446+0024
-0.5,None,-75.90230207864197,18.728086100141706,-51.71495659117733,15.124667528900094,18.831353172218964,Sp1446-3952
3770.8203545222405,None,-4.489957968762717,67.51648622813828,3.7185815735068037,61.355228692416,67.7082035452224,Sp1447+5335
-0.5,None,-78.5729497311364,26.629417961791933,-51.000988272987435,22.50508504548443,26.738748263516108,Sp1447-3158
5194.670341163634,None,-18.569609405331565,81.54016657143296,-7.896261088115618,68.82701702503665,81.94670341163634,Sp1450+3920
4008.772880734787,None,-6.906404693755278,69.93174578397701,1.5702129760856578,63.223282862805235,70.08772880734787,Sp1450+5112
-0.5,None,-77.92027368171311,21.105942881528218,-52.541585841181295,17.636012732949442,21.161470903621353,Sp1451-3732
4247.280747827432,None,-43.64746738852882,72.33250644284131,-27.874488926744203,62.251681258759525,72.47280747827432,Sp1453+1346
4303.605018661958,None,-43.10981436453072,72.89439571089582,-27.483565644854583,62.655992085272516,73.03605018661958,Sp1453+1420
5370.908865518901,None,-20.434369799110584,83.41572112476472,-9.655468163030262,69.77720996629364,83.709088655189,Sp1453+3733
-0.5,None,-54.348553652415255,-7.378743067676622,-46.151733316777836,-8.96216548520284,-7.365261895656667,Sp1454-6604
5501.567176677289,None,-31.50692687245954,84.68667327611232,-18.650474645435523,69.23775532024463,85.0156717667729,Sp1455+2619
218.74950086969207,None,-79.32519970092049,32.167791629978765,-51.650374753950125,28.330656926914386,32.18749500869692,Sp1456-2631
91.88062237857828,None,-79.67293928987397,30.89351255655859,-51.82077741426712,27.076832255452395,30.918806223785783,Sp1456-2747
54.91235685615905,None,-79.9308023057611,30.528071997982035,-52.052245435758756,26.783514851263124,30.54912356856159,Sp1456-2809
4600.449736663357,None,-12.947965303919762,75.95443753594195,-3.8969343491595376,67.62983865118098,76.00449736663357,Sp1457+4517
3463.6437641524794,None,-1.7355630072602075,64.61493788039832,5.260671113905495,60.23160187190677,64.6364376415248,Sp1457+5639
5734.928830718462,None,-29.34799697494125,87.1403622091488,-17.279968327024957,70.6076346568452,87.34928830718462,Sp1458+2839
3478.3645533603517,None,-51.47580994822775,64.77280945101607,-34.448019840239034,57.47639001651277,64.78364553360352,Sp1459+0604
4815.147265205352,None,-38.48406776020114,78.15147265205351,-24.762062145236033,67.20270351008385,78.15147265205351,Sp1500+1927
4894.676257875145,None,-15.958098957959189,78.94676257875145,-6.61959157981543,69.53198589052543,78.94676257875145,Sp1500+4219
2804.5478195278383,None,-58.04697173247008,58.045478195278385,-39.256425456594336,52.018580498576654,58.045478195278385,Sp1500-0039
5152.565084447687,None,-35.194526323718335,81.52565084447687,-22.23407459513364,69.09828612598442,81.52565084447687,Sp1501+2250
-0.5,None,-78.08259499173492,18.654752717250634,-54.69630130451843,15.9968883628772,18.654752717250634,Sp1501-4003
478.20951655437796,None,-79.14482254960328,34.78209516554378,-52.36611892565318,31.347576833721856,34.78209516554378,Sp1504-2355
2080.0503601480073,None,11.812084138703417,50.800503601480074,15.893352284779718,49.19955710815761,50.800503601480074,Sp1506+7029
122.42447817263617,None,-73.49551453253824,42.24244781726362,-49.95769771633307,38.60929471357311,42.24244781726362,Sp1507-1627
869.4160892202632,None,-76.56575365412226,38.69416089220263,-51.51590582595775,35.27440217745887,38.69416089220263,Sp1507-2000
-0.5,None,-82.38351263513643,23.943757668861483,-55.87367591421674,21.466338600290154,23.943757668861483,Sp1508-3445
916.0508527306383,None,-76.3945290874234,39.16050852730638,-51.72197265240573,35.88260832501477,39.16050852730638,Sp1509-1932
-1.9138516604612832,None,-82.91162088225919,29.80861483395387,-55.049587056884306,27.103212655459636,29.80861483395387,Sp1509-2853
3.8445779092501553,None,-82.87156580609317,30.384457790925016,-55.099483899364685,27.719041296855472,30.384457790925016,Sp1510+2818
5476.488352056718,None,-22.159357726676326,84.76488352056718,-12.606557678389938,73.28946328592556,84.76488352056718,Sp1510+3619
259.904626935487,None,-60.64259760178413,55.9904626935487,-42.44204725293675,51.43201636242418,55.9904626935487,Sp1510-0241
168.9663420707643,None,-69.40055162261831,46.89663420707643,-48.03817864711923,43.17215788898133,46.89663420707643,Sp1510-1147
3.860049257547331,None,-82.87048032556575,30.386004925754733,-55.09862985432152,27.720344801052562,30.386004925754733,Sp1510-2818
5663.960298608607,None,-24.462229948390558,86.63960298608608,-14.726230443916306,74.06913687913448,86.63960298608608,Sp1512+3403
181.14141970236176,None,-68.38102749327875,48.114141970236176,-47.7707301313642,44.52388761913194,48.114141970236176,Sp1512-1032
59.26911176276164,None,-79.6718635690729,35.926911176276164,-54.00293013032029,33.23221621170949,35.926911176276164,Sp1513-2243
5203.533044607267,None,-34.811352245730546,82.03533044607266,-23.407841238193935,72.16685825106073,82.03533044607266,Sp1514+2341
57.387420180088924,None,-79.92952291547718,35.73874201800889,-54.251827893077625,33.12546445223068,35.73874201800889,Sp1514-2254
4236.541564548872,None,-9.861896898852578,72.36541564548872,-2.683315301638567,67.7800158750216,72.36541564548872,Sp1515+4847
280.65963760908164,None,-58.80487852699726,58.06596376090816,-41.99488784699298,53.98770720621352,58.06596376090816,Sp1515-0030
382.0420023855175,None,-48.748090143562095,68.20420023855175,-34.72609219022375,62.92224819861498,68.20420023855175,Sp1516+0942
53.680533541530124,None,-80.39853936359728,35.36805335415301,-54.67537556502219,32.88798494152234,35.36805335415301,Sp1516-2315
-0.5,None,-69.21569155443592,7.189300683724785,-55.24836031800715,5.865930682768227,7.189300683724785,Sp1517-5128
-0.5,None,-84.56979559028437,24.480002194059573,-57.95089457649793,22.690635837235416,24.480002194059573,Sp1519-3407
-0.5,None,-46.78459000354095,-15.582545174911141,-42.910410817980875,-16.125307527566232,-15.582545174911141,Sp1519-7416
-0.5,None,-83.50910741700449,22.613744887075097,-58.246563291260884,20.943238670393956,22.613744887075097,Sp1520-3559
4013.937427842619,None,-7.858767394016965,70.13937427842619,-1.4258892217442565,66.84877697754442,70.13937427842619,Sp1521+5053
47.20306398929857,None,-81.66311527411166,34.72030639892986,-56.344055811608506,32.84661317883059,34.72030639892986,Sp1523-2347
544.4543027078648,None,-30.532821319425974,84.44543027078649,-21.05076805205312,76.14282845989332,84.44543027078649,Sp1524+2812
551.5099832837872,None,-29.31237760142398,85.15099832837872,-19.96774325512814,76.32095669710797,85.15099832837872,Sp1524+2925
2954.5710612151993,None,2.7386852945440814,59.54571061215199,7.4059795758026965,58.04546171222757,59.54571061215199,Sp1524+6132
-0.5,None,-69.75714007744448,7.40641380297221,-56.47563781184531,6.447785788586627,7.40641380297221,Sp1525-5110
482.89185052109883,None,-38.0167374248089,78.28918505210989,-27.413398886773887,72.73742018585226,78.28918505210989,Sp1526+2043
190.22851923225716,None,-67.92960640455209,49.022851923225716,-49.8896937882156,46.953244758909314,49.022851923225716,Sp1527-0918
-7.173563274782246,None,-86.76599925531569,29.282643672521775,-59.21915937071295,28.06261323538205,29.282643672521775,Sp1529-2907
372.7256938034252,None,-49.352847897904525,67.27256938034252,-37.10599752349572,64.50081119568439,67.27256938034252,Sp1530+0926
-0.5,None,-67.35207453007423,4.810681721930776,-56.12652838930539,4.148457677161225,4.810681721930776,Sp1530-5342
441.13321803280553,None,-42.11608257729264,74.11332180328056,-31.395994062269757,70.64461655043779,74.11332180328056,Sp1531+1641
397.2111821537928,None,-46.50918841421974,69.72111821537928,-35.4535266278888,67.5488516840757,69.72111821537928,Sp1534+1219
137.85409369272168,None,-73.11898500793973,43.785409369272166,-54.409386228195345,42.73212603373208,43.785409369272166,Sp1534-1418
-0.5,None,-71.86370664158972,9.196744129393577,-58.53995801438428,8.651447878897107,9.196744129393577,Sp1534-4914
527.2752797978249,None,-28.865736429666622,82.72752797978248,-20.921406908339517,79.0982148362284,82.72752797978248,Sp1536+2959
-0.5,None,-81.2057307748569,18.389541266540373,-61.44424690991969,17.905580625442028,18.389541266540373,Sp1537-3954
1643.4038409826883,None,15.757751099760895,46.43403840982688,18.017283410595063,46.228440991034724,46.43403840982688,Sp1539+7437
223.71198773939497,None,-64.20578665762876,52.3711987739395,-49.644725914880624,51.67838317380264,52.3711987739395,Sp1539-0520
455.6086151605275,None,-15.077900791468979,75.56086151605275,-9.21301300297058,74.42532000322318,75.56086151605275,Sp1540+4347
18.1784866518138,None,-85.08776528382317,31.81784866518138,-60.86433240398447,31.443625995461467,31.81784866518138,Sp1540-2613
-0.5,None,-70.1154205997566,7.284776337344919,-58.75824359874815,7.085787277695107,7.284776337344919,Sp1540-5101
511.00390539717307,None,-25.829413405135714,81.10039053971731,-19.11680376910471,80.8599102137429,81.10039053971731,Sp1544+3301
449.8001530746592,None,-15.010570013326051,74.98001530746592,-9.588762934118673,74.9559411840336,74.98001530746592,Sp1545+4350
377.28851496232426,None,-6.62507918058808,67.72885149623242,-2.072954480183047,67.6458818375762,67.72885149623242,Sp1545+5214
48.67419698187632,None,-81.71562739423148,34.86741969818763,-60.80815963757853,34.91605314276723,34.86741969818763,Sp1545-2255
-0.5,None,-54.999532722969235,-7.7486827194355845,-50.20787280217074,-7.71881258437536,-7.7486827194355845,Sp1545-6608
-0.5,None,-65.5415486817445,2.65066302777805,-57.18671021789909,2.737656046037156,2.65066302777805,Sp1546-5534
142.19743135332834,None,-72.09298265111161,44.219743135332834,-56.21694591523786,44.42796910315177,44.219743135332834,Sp1547-1317
33.258640348857895,None,-83.0899599205277,33.32586403488579,-61.816413644641756,33.554313894295056,33.32586403488579,Sp1547-2423
108.92868362507862,None,-75.34726713401471,40.89286836250786,-58.488828461114345,41.27013769946638,40.89286836250786,Sp1548-1636
-0.5,None,-81.05003689824682,18.006894260244888,-63.79495093465595,18.299373903206014,18.006894260244888,Sp1549-3954
327.3302936650812,None,-52.51998666457691,62.73302936650812,-42.548957699124436,63.54880422125617,62.73302936650812,Sp1550+0616
350.87931820845483,None,-4.135749584894917,65.08793182084548,-0.2824691998561963,65.70703878414886,65.08793182084548,Sp1551+5442
255.49982039034816,None,6.10517820156813,55.549982039034816,8.989218737649356,55.84334201486755,55.549982039034816,Sp1551+6457
11.495214306298749,None,-84.58996650064755,31.149521430629875,-63.53002378182093,31.77429444986931,31.149521430629875,Sp1552-2623
393.04454978119736,None,-44.75664314058441,69.30445497811974,-36.57530817008193,71.07599404019754,69.30445497811974,Sp1553+1400
414.28340551431415,None,-42.09757843188026,71.42834055143142,-34.389874465567594,73.56071696178358,71.42834055143142,Sp1554+1639
354.7082063093269,None,-48.81413743156187,65.47082063093269,-40.318493361254504,67.40419896262142,65.47082063093269,Sp1555+0954
169.6351034584714,None,-68.53768218936128,46.96351034584714,-55.596921068584884,48.102656489043476,46.96351034584714,Sp1555-0956
418.6974854913801,None,-40.82493652032982,71.86974854913801,-33.76384817818621,75.02075424207503,71.86974854913801,Sp1557+1752
305.9589523862016,None,0.44205232000356554,60.59589523862016,3.4752448866294867,61.5823688055816,60.59589523862016,Sp1557+5914
46.2882667706527,None,-80.35280332307586,34.62882667706527,-63.5466255055654,35.903692848670524,34.62882667706527,Sp1559-2226
41.77174187319089,None,-80.77572362522031,34.17717418731909,-63.74241619048458,35.44052439044271,34.17717418731909,Sp1559-2254
428.1289584598933,None,-38.875666917115474,72.81289584598933,-32.430454962003886,77.02360102921088,72.81289584598933,Sp1600+1946
-0.5,None,-85.7004947342055,25.207051366715643,-66.36315543725144,26.345879821123642,25.207051366715643,Sp1600-3205
-0.5,None,-74.94066900810407,11.929246129511046,-63.97629355913809,12.783958525048671,11.929246129511046,Sp1600-4543
-0.5,None,-84.30672792899401,22.42620614139039,-66.59589292186153,23.550235306652517,22.42620614139039,Sp1601-3455
271.3742007280226,None,-56.92362079251294,57.13742007280226,-48.23734970913332,59.71524282831757,57.13742007280226,Sp1602+0131
271.81832543717803,None,3.941892031384909,57.1818325437178,6.4041112729076906,58.31030563367521,57.1818325437178,Sp1602+6242
28.992577231510452,None,-81.39514012013053,32.899257723151045,-64.87068091707826,34.409188445073646,32.899257723151045,Sp1602-2401
-9.761082529397704,None,-84.39660922937307,29.02389174706023,-66.07058137219934,30.39567316153931,29.02389174706023,Sp1602-2803
-0.5,None,-84.0698155964256,22.34428783433407,-66.88974657536549,23.566739019677893,22.34428783433407,Sp1602-3455
337.22689021457427,None,-49.32501254119393,63.72268902145743,-42.15484411049114,67.26415432479232,63.72268902145743,Sp1604+0908
-0.5,None,-84.6946946173676,24.087548479013037,-67.20223396455785,25.467817724695607,24.087548479013037,Sp1604-3303
416.9632618904858,None,-38.989844386076605,71.69632618904858,-33.263177536052325,77.31861131154207,71.69632618904858,Sp1605+1931
441.0843652483223,None,-17.716748754410634,74.10843652483223,-13.897626841252734,79.48503748407335,74.10843652483223,Sp1606+4054
209.20613231582615,None,-62.83693058976604,50.920613231582614,-53.902160446427764,53.73581835456936,50.920613231582614,Sp1607-0442
110.41135435762051,None,-72.93344590128241,41.04113543576205,-61.31299449569844,43.307611654959345,41.04113543576205,Sp1607-1512
415.65044255388955,None,-38.47770213177178,71.56504425538895,-33.128006442184784,77.93576267475875,71.56504425538895,Sp1608+1957
208.58032054470448,None,-62.82510177446822,50.85803205447045,-53.99565053820148,53.735205418884824,50.85803205447045,Sp1608-0443
442.7033715131678,None,-33.509709066891894,74.27033715131678,-28.699332405412914,82.52656088763436,74.27033715131678,Sp1609+2457
-0.5,None,-83.06897188496974,22.382439806262145,-68.34960954771655,24.101743882220056,22.382439806262145,Sp1609-3431
18.9086796822328,None,-64.40345342261361,48.9086796822328,-55.849809786129654,52.02022426710023,48.9086796822328,Sp1610-0631
-0.5,None,-80.3520749356628,18.52736669963137,-68.33866773407914,20.264795574781207,18.52736669963137,Sp1611-3823
29.99839057585433,None,-79.33570179361863,32.99983905758543,-66.70394645462576,35.41270199833001,32.99983905758543,Sp1613-2313
219.37399421281106,None,-60.63103881552234,51.93739942128111,-53.50448901435295,55.75888807134617,51.93739942128111,Sp1614-0250
29.41145366219061,None,-52.16261889339166,59.41145366219061,-46.466511198805485,64.37910393448786,59.41145366219061,Sp1615+0546
443.0930393786491,None,-22.3878452284485,74.30930393786491,-19.13324735634093,84.69599348274522,74.30930393786491,Sp1615+3558
307.0357967964322,None,-50.50214033812457,60.70357967964322,-45.13329131375363,66.04569821541392,60.70357967964322,Sp1616+0725
-0.5,None,-66.72403680314713,3.736711112213067,-61.80908749458567,5.189295764015168,3.736711112213067,Sp1616-5331
24.660733600200906,None,-56.74380392993995,54.660733600200906,-51.17433236706026,59.52646453729716,54.660733600200906,Sp1619+0050
20.00599648753181,None,-61.57683502570302,50.00599648753181,-55.540981507064046,54.433600798374705,50.00599648753181,Sp1620-0416
20.20356605421957,None,-61.182714541045385,50.20356605421957,-55.406360134073225,54.78003361856219,50.20356605421957,Sp1621-0356
-0.5,None,-79.73705361532863,19.17146847197553,-70.33665074961571,21.540737472560373,19.17146847197553,Sp1621-3711
-0.5,None,-48.91012591853798,-14.04880668190683,-47.593013946611386,-13.112429518928334,-14.04880668190683,Sp1621-7151
36.44329843454125,None,-8.744850703527826,66.44329843454125,-6.83191716201905,71.65578150287428,66.44329843454125,Sp1622+4934
18.842915775490674,None,-62.101690744592375,48.842915775490674,-56.75744690643466,53.6029919370631,48.842915775490674,Sp1623-0508
7.13337796926578,None,-73.68118093994893,37.13337796926578,-66.02768366576316,40.76038222546961,37.13337796926578,Sp1623-1758
7.206684794520498,None,-73.16983308049372,37.2066847945205,-66.24758815070237,41.044754152438834,37.2066847945205,Sp1625-1742
39.01564111718049,None,-36.53779875862566,69.0156411171805,-33.68119955720285,79.96106862296881,69.0156411171805,Sp1626+2113
40.78909093623129,None,-32.60763372302721,70.78909093623129,-30.016847259786374,83.95215709023581,70.78909093623129,Sp1626+2512
17.255791486944958,None,-63.343327402636575,47.25579148694496,-58.283391353558486,52.08851047881319,47.25579148694496,Sp1626-0639
-0.5,None,-78.22282995932429,17.851901796226517,-71.21862281385246,20.540841802697805,17.851901796226517,Sp1626-3812
95.52857797691686,None,22.387387408203804,39.552857797691686,22.83337643674356,40.171426838331875,39.552857797691686,Sp1627+8105
0.7886366552287996,None,-77.73413736504979,30.7886366552288,-70.16972695578728,34.31704851533568,30.7886366552288,Sp1627-2425
29.18349366406506,None,-49.619391726864094,59.18349366406506,-46.32559861485742,66.36642146929482,59.18349366406506,Sp1628+0737
3.4297387759162845,None,-75.235234917823,33.429738775916285,-69.25865560541186,37.409853305570856,33.429738775916285,Sp1630-2120
41.41045841563138,None,-25.310729826314148,71.41045841563138,-23.549731379184767,88.54408706856556,71.41045841563138,Sp1631+3227
40.98357710434807,None,-22.661229603407698,70.98357710434807,-21.166019897857066,85.99361736239796,70.98357710434807,Sp1632+3505
16.577988905565633,None,-62.542991147241025,46.57798890556563,-59.18210141933715,52.19249955345739,46.57798890556563,Sp1632-0631
-0.5,None,-52.20060608124736,-10.842330544785776,-51.345088031726746,-9.40154618375794,-10.842330544785776,Sp1633-6808_1
-0.5,None,-52.20012858722783,-10.842822512495372,-51.345448049130745,-9.401716792288504,-10.842822512495372,Sp1633-6808_2
-0.5,None,-44.816074332236504,-18.11491530588,-44.33129524788993,-17.140712025240177,-18.11491530588,Sp1633-7553
22.100485133827846,None,-55.494822129353125,52.100485133827846,-53.643040674762545,59.2675112550203,52.100485133827846,Sp1637+0037
40.105028640941654,None,-21.982795628652816,70.10502864094165,-20.931242469732148,85.21036562865253,70.10502864094165,Sp1637+3535
-0.5,None,-77.2548319689071,20.242334773106784,-74.37864753852188,23.941604251405003,20.242334773106784,Sp1639-3444
-0.5,None,-76.97177152471671,20.043950821601186,-74.62648545349846,23.820841721666813,20.043950821601186,Sp1640-3451
-0.5,None,-76.00342910915786,17.981069676478313,-74.57499720509914,21.741660624092596,17.981069676478313,Sp1642-3654
38.14701501418995,None,-26.91242236698694,68.14701501418995,-26.727843967059062,85.93816361593603,68.14701501418995,Sp1645+3004
19.509901710259747,None,-56.40322821557247,49.50990171025975,-56.13928151886844,57.253064564095304,49.50990171025975,Sp1645-0112
9.143949832967117,None,-66.8392881217501,39.14394983296712,-66.47672994849874,45.2060414722962,39.14394983296712,Sp1645-1319
37.94502403240509,None,-26.645863628058866,67.94502403240509,-26.59102842790332,85.76706538783681,67.94502403240509,Sp1646+3016
38.22882944876386,None,-22.494679966110702,68.22882944876386,-22.444188682574005,84.77321619575244,68.22882944876386,Sp1646+3434
33.07726099175242,None,-7.26438670431883,63.07726099175242,-7.184518608388866,70.60517708624674,63.07726099175242,Sp1646+5019
37.00413445976535,None,-15.98825366371432,67.00413445976535,-15.990097554547951,79.21205906034643,67.00413445976535,Sp1647+4117
19.913667328791135,None,-55.18976163388241,49.913667328791135,-55.541559804294785,58.145628962987466,49.913667328791135,Sp1648-0012
-5.42923567327734,None,-75.31046027222882,24.57076432672266,-76.1439577917685,29.321889876874252,24.57076432672266,Sp1648-2913
23.720509649432458,None,-50.60423792852759,53.72050964943246,-51.049282569325996,63.00636335124533,53.72050964943246,Sp1649+0444
37.014220793098474,None,-28.32278466866507,67.01422079309847,-28.578702419948083,84.47199758155072,67.01422079309847,Sp1649+2822
-0.5,None,-58.49064866867996,-4.323688335360498,-59.06969324388582,-1.8143568613741792,-4.323688335360498,Sp1650-6026
19.354770527102303,None,-54.4537653669456,49.3547705271023,-55.838088948121424,58.15095230914772,49.3547705271023,Sp1653+0000
24.157977381236243,None,4.787617037987196,54.15797738123624,4.45487979184557,58.44746164438317,54.15797738123624,Sp1653+6231
36.29918660927083,None,-18.952218207714235,66.29918660927083,-19.741450783792768,81.35461593707782,66.29918660927083,Sp1654+3747
-0.5,None,-73.35535707025919,15.78291901708566,-76.20655943077313,20.150387707148482,15.78291901708566,Sp1654-3818
12.127700385062624,None,-61.37060940178104,42.127700385062624,-63.68645148896236,49.77841530040768,42.127700385062624,Sp1655-0823
6.913563561384322,None,-65.91899241473017,36.91356356138432,-68.91538098642314,43.832887569873165,36.91356356138432,Sp1656-1422
1.319212512604338,None,-70.1413699944053,31.319212512604338,-73.79382476030788,37.50012692470115,31.319212512604338,Sp1656-2046
26.7056722824111,None,-44.11512260053824,56.7056722824111,-45.92337591280365,68.47936955176817,56.7056722824111,Sp1657+1054
10.853597885418068,None,-62.185995560545656,40.85359788541807,-64.98467617846211,48.4604179509039,40.85359788541807,Sp1657-0940
31.02142844130603,None,-6.035202479276681,61.02142844130603,-6.91042684379614,69.36133402575999,61.02142844130603,Sp1658+5103
17.7749064832269,None,12.524904628951443,47.7749064832269,12.106526712025893,50.57402974592609,47.7749064832269,Sp1658+7027
35.48381756258479,None,-21.072168836531553,65.48381756258479,-22.433695246664186,82.11357831947498,65.48381756258479,Sp1659+3515
4.260673316813474,None,-67.03598436431328,34.260673316813474,-71.50932537154912,41.188448586809535,34.260673316813474,Sp1700-1654
-0.29920909689978714,None,-70.12001904060988,29.700790903100213,-75.3709035899288,36.03431913690851,29.700790903100213,Sp1700-2207
0.3903358994316335,None,-69.52840760596901,30.390335899431633,-74.89540949224708,36.87158015003676,30.390335899431633,Sp1701-2115
-0.5,None,-61.544375338890326,-0.6276076574767855,-63.99498898861865,2.7116342670423172,-0.6276076574767855,Sp1702-5542
-0.5,None,-57.36479863322453,43.24799112856119,-61.910309247991705,52.32911204325999,43.24799112856119,Sp1705-0516
10.100689839288066,None,-60.47469759618225,40.100689839288066,-65.48115903839289,48.55237420121473,40.100689839288066,Sp1705-0909
-0.5,None,-62.02714975018281,0.09336425237202782,-65.1094546807262,3.654977746674396,0.09336425237202782,Sp1705-5441
-0.5,None,-63.342133550937326,36.5456585804267,-69.27357626590621,44.49868095827495,36.5456585804267,Sp1706-1314
-0.5,None,-13.227212699351748,62.87657225173112,-15.084550824680939,75.78156869420485,62.87657225173112,Sp1707+4301
-0.5,None,7.275260875375328,51.55522142998982,6.252939841660019,56.02352198911783,51.55522142998982,Sp1707+6439
-0.5,None,-57.69967171286965,42.4556704201037,-62.699975407061636,51.56148034884442,42.4556704201037,Sp1707-0558
-0.5,None,-68.99565692243908,10.363514560293249,-75.33555013844159,15.10751119761502,10.363514560293249,Sp1708-4302
-0.5,None,-47.059368417059105,-15.985295767009902,-48.377757360335835,-13.956961361773862,-15.985295767009902,Sp1709-7226
-0.5,None,-27.163444280270806,62.3394947365866,-30.014845024356422,80.06439708810773,62.3394947365866,Sp1710+2758
-0.5,None,-15.362196616442748,62.654116368396906,-17.720813277170393,77.12736575283826,62.654116368396906,Sp1711+4028
-0.5,None,-54.92224624938907,43.78294236189736,-60.6493851839285,53.75163082940697,43.78294236189736,Sp1712-0323
-0.5,None,-69.7578971879999,23.466219272371788,-80.78770851463786,30.049341823336555,23.466219272371788,Sp1712-2742
-0.5,None,-41.27708237002743,54.4755614466525,-45.65688993409914,68.1270826292885,54.4755614466525,Sp1713+1211
-0.5,None,-69.28998275003993,12.726463225493879,-78.36423220951339,18.0718040515994,12.726463225493879,Sp1713-3952
-0.5,None,-45.95197791770556,50.847096817581,-50.95864578002019,63.17235752769288,50.847096817581,Sp1714+0648
-0.5,None,-24.61682379115952,61.915008397501424,-27.84955962321464,79.747378525251,61.915008397501424,Sp1714+3019
-0.5,None,-63.25808583328751,33.763305027842364,-71.9788451002674,42.090261066728246,33.763305027842364,Sp1715-1515
-0.5,None,-69.09444049341688,12.916143110341217,-78.8678212183626,18.394740559560486,12.916143110341217,Sp1715-3928
-0.5,None,-54.15822374044828,43.166905181677926,-60.84731783086259,53.54452694339429,43.166905181677926,Sp1716-0315
-0.5,None,4.426924630994675,52.94784628374456,2.6565367636807378,58.92206473429618,52.94784628374456,Sp1717+6112
-0.5,None,8.361254984139263,50.259822197099155,6.869255577569708,54.97008587678484,50.259822197099155,Sp1717+6526
-0.5,None,-35.83402933849278,-26.930274768278345,-36.31348470517189,-26.195286183921972,-26.930274768278345,Sp1717-8449
-0.5,None,10.834289595358872,48.38284098888299,9.436053086027085,52.4642575368374,48.38284098888299,Sp1718+6802
-0.5,None,-67.81519620353366,10.79648012823591,-77.73229345833458,16.25611426107695,10.79648012823591,Sp1718-4131
-0.5,None,-65.61732229919072,6.325164528041656,-73.31429695497066,11.256124676362921,6.325164528041656,Sp1718-4637
-0.5,None,-65.04664926239305,5.433819200048892,-72.45344958275304,10.283828913108833,5.433819200048892,Sp1719-4736
-0.5,None,-10.784105370784664,60.16667163446512,-13.699184022158777,72.94713768756723,60.16667163446512,Sp1720+4446
-0.5,None,-65.71813751265407,27.452406671751056,-78.42493084415626,35.3539162296727,27.452406671751056,Sp1721-2149
-0.5,None,-17.403074054219175,60.705087581816784,-21.07170885306106,76.91913532263557,60.705087581816784,Sp1723+3724
-0.5,None,-53.44371988071109,40.8231824094788,-62.39733680809942,51.79812326370628,40.8231824094788,Sp1726-0415
-0.5,None,-66.7608726779731,21.93702204364622,-83.44434536835391,29.43915335501626,21.93702204364622,Sp1726-2737
-0.5,None,-50.78757013642855,42.82563145619449,-59.45703326098557,54.50588617187979,42.82563145619449,Sp1727-0111
-0.5,None,-42.63287987191795,49.51625511152202,-49.73199809203708,63.335020320041096,49.51625511152202,Sp1728+0839
-0.5,None,17.86530742210304,42.60719294833589,16.572116313575666,45.30551110669494,42.60719294833589,Sp1728+7518
-0.5,None,-16.260047631476883,59.402720814336114,-20.51550143830937,75.46689798190594,59.402720814336114,Sp1729+3805
-0.5,None,5.224458031326504,51.682991168327945,2.8367935670711115,58.09364529676699,51.682991168327945,Sp1729+6131
-0.5,None,-35.67102998375128,53.35838578558196,-42.20860196180333,69.19108779036569,53.35838578558196,Sp1731+1619
-0.5,None,-25.841915940493337,57.688566214771306,-31.24453415613977,75.48887970967108,57.688566214771306,Sp1731+2721
-0.5,None,-23.299051398085236,58.13764697859457,-28.54778279837458,75.95146153881473,58.13764697859457,Sp1732+3004
-0.5,None,-26.678391913019258,57.045940781357565,-32.37185241004685,74.7750876766101,57.045940781357565,Sp1733+2615
-0.5,None,-21.697343243413005,58.21594089101351,-26.904091777942988,75.88573184141838,58.21594089101351,Sp1733+3144
-0.5,None,-60.71770342064654,29.834752191289677,-75.12441703837494,39.26371565715483,29.834752191289677,Sp1733-1654
-0.5,None,-55.49613666036528,36.096898920116956,-67.25129902053497,46.839003212978426,36.096898920116956,Sp1734-0849
-0.5,None,-57.47906066404309,33.704074653602426,-70.24670331533432,43.97097942369807,33.704074653602426,Sp1734-1151
-0.5,None,-64.99886679646366,21.36881727310779,-84.45140315839586,29.409314732846106,21.36881727310779,Sp1734-2711
-0.5,None,-48.516209125054274,42.483358530494876,-58.35821575311764,54.98846939270697,42.483358530494876,Sp1735+0012
-0.5,None,-26.164048998519775,56.67207738679468,-32.085947728152746,74.44076966369764,56.67207738679468,Sp1735+2634
-0.5,None,-64.98117563231543,20.7977841530526,-84.98301183192734,28.8118267863834,20.7977841530526,Sp1735-2745
-0.5,None,-63.21552527342539,5.227633216508166,-74.69873715978896,11.022655992385772,5.227633216508166,Sp1735-4611
-0.5,None,-65.53590466794982,15.065020863143733,-85.4531806598616,22.319068999471146,15.065020863143733,Sp1736-3425
-0.5,None,-7.471982861997053,56.69497784317772,-11.641005934104413,69.2009707858734,56.69497784317772,Sp1737+4705
-0.5,None,-27.199165148131044,55.247162333710456,-33.811860306411084,72.90355180894963,55.247162333710456,Sp1739+2454
-0.5,None,0.3340157559051191,53.48475139850206,-3.2215018625445953,62.55295336518279,53.48475139850206,Sp1739+5532
-0.5,None,-39.94002232301117,47.45925173110943,-49.050010227630814,62.33798204022694,47.45925173110943,Sp1741+0940
-0.5,None,-32.21381232924704,51.759735799688016,-40.215867040047314,68.54840050194213,51.759735799688016,Sp1743+1832
-0.5,None,-29.736141139388867,53.050708525913706,-37.31411510806177,70.32437956617788,53.050708525913706,Sp1743+2127
-0.5,None,3.429845967555052,51.609917808482166,-0.05157635062355382,59.63602756873322,51.609917808482166,Sp1743+5844
47.35593464589371,None,27.188697800894825,34.73559346458937,26.648476079323647,35.547563954328645,34.73559346458937,Sp1743+8526
-0.5,None,-55.525319074719064,-5.8908894739581354,-62.603063533577284,-1.2511310534891489,-5.8908894739581354,Sp1744-5834
-0.5,None,-58.219783133302336,28.270124785753087,-75.40955796545559,38.513385403636896,28.270124785753087,Sp1745-1640
-0.5,None,-22.803152045892645,54.937604254505764,-29.729080137172524,72.76661464275021,54.937604254505764,Sp1746+2903
-0.5,None,-15.382413476301863,56.20121157543384,-21.263840849517205,72.63181138882416,56.20121157543384,Sp1746+3731
-0.5,None,-3.7345668356212776,54.396338010401195,-8.227238345617726,65.76659707108007,54.396338010401195,Sp1746+5034
-0.5,None,-51.250913227901414,36.27271754051388,-64.63123548242795,48.35520468007632,36.27271754051388,Sp1746-0551
-0.5,None,-63.32729874631915,15.701849075201224,-88.47642164926076,23.797097251107342,15.701849075201224,Sp1746-3214
-0.5,None,-27.931145636762203,52.1927627447455,-36.11609610175058,69.72800956811435,52.1927627447455,Sp1749+2241
-0.5,None,-8.920179184568912,55.05419428851482,-14.402304282925117,69.11025433565833,55.05419428851482,Sp1750+4424
-0.5,None,-16.007361496461147,54.94257467757318,-22.621077352006747,71.75993054856559,54.94257467757318,Sp1751+3610
-0.5,None,-61.64232769133592,16.854067480458607,-88.61071616418788,25.623476396562552,16.854067480458607,Sp1752-2949
-0.5,None,-60.98272663438017,4.7945213176840005,-76.42079298290723,11.535861009397841,4.7945213176840005,Sp1752-4446
-0.5,None,-41.956672337499604,-21.087322494335695,-44.4974235179919,-18.76521948771383,-21.087322494335695,Sp1752-7642
-0.5,None,-59.662318774069924,22.058299925757378,-82.00149888941246,31.786859687295493,22.058299925757378,Sp1753-2312
-0.5,None,-49.79722655024072,-12.599979056564536,-55.20458084802615,-8.660476488355172,-12.599979056564536,Sp1753-6559
-0.5,None,8.836871150037659,47.824856926755636,5.332319399863503,54.39502790197449,47.824856926755636,Sp1754+6408
-0.5,None,3.8502049642487703,50.34999946392396,-0.3940223780846607,58.98280007041232,50.34999946392396,Sp1755+5824
-0.5,None,-46.50034248919591,37.75600621223509,-60.223030597578024,51.1845925549118,37.75600621223509,Sp1755-0126
-0.5,None,-57.918169397953875,23.50204667583071,-79.45603607569038,33.79936743915904,23.50204667583071,Sp1756-2042
-0.5,None,-60.34374165405514,18.578069514823802,-85.83160274022802,27.90153038173562,18.578069514823802,Sp1756-2707
-0.5,None,-60.879158888208245,16.623723002660316,-88.1174506670373,25.61355881632832,16.623723002660316,Sp1756-2933
-0.5,None,-60.15291094862362,3.955232147058935,-75.86881453043854,10.809973391348409,3.955232147058935,Sp1756-4518
-0.5,None,-36.03832465273362,45.424604287361035,-47.067198159532644,61.41783413851236,45.424604287361035,Sp1757+1142
-0.5,None,14.693943581951455,44.06051568490992,11.899853999014594,48.657104526267126,44.06051568490992,Sp1757+7042
-0.5,None,-53.69756865291207,29.25200148062022,-71.65237065030327,40.82558823949082,29.25200148062022,Sp1757-1253
-0.5,None,-60.19766839206233,4.617758974432932,-76.83126304321787,11.662767150902205,4.617758974432932,Sp1757-4419
-0.5,None,-19.05804653164336,53.13873030563868,-26.83009136933633,70.71180965544409,53.13873030563868,Sp1758+3157
-0.5,None,-60.09156994724127,17.50753951996599,-86.58236722267942,26.82400682662475,17.50753951996599,Sp1758-2804
-0.5,None,-60.21311984609524,16.652235339353634,-87.3994613231143,25.85461619190517,16.652235339353634,Sp1758-2904
-0.5,None,-42.7822818768048,39.559259004944884,-56.157575686910064,53.96366383213465,39.559259004944884,Sp1759+0235
-0.5,None,-54.921931082308426,26.553414756280617,-74.67900453198305,37.775882236547936,26.553414756280617,Sp1800-1559
-0.5,None,18.316508932678744,41.42853906487493,15.915559195508212,44.99817525268152,41.42853906487493,Sp1801+7442
-0.5,None,-59.587672645601444,16.87105802366431,-86.5767642468108,26.28835273312801,16.87105802366431,Sp1801-2825
-0.5,None,-53.53922377665047,27.5393066015368,-72.85207242609191,39.16253864594972,27.5393066015368,Sp1802-1412
-0.5,None,-54.099037685100186,26.08720436100057,-74.40364530914489,37.539851762334905,26.08720436100057,Sp1803-1550
-0.5,None,-59.63170783573841,14.97073885017625,-87.53145761837241,24.185334766934332,14.97073885017625,Sp1803-3031
-0.5,None,-54.11682268368348,25.59096312972096,-74.79806565279533,37.03147348183695,25.59096312972096,Sp1804-1616
-0.5,None,-59.53304269722502,14.048459244273742,-87.3585052586937,23.188796233829805,14.048459244273742,Sp1804-3129
-0.5,None,-59.45602495693913,13.550004236890803,-87.11242304428208,22.654167833938985,13.550004236890803,Sp1804-3200
-0.5,None,-52.89148284977119,26.812931914614296,-72.8839521182554,38.613746654052676,26.812931914614296,Sp1805-1422
-0.5,None,-58.51338314531231,16.58186268050776,-85.6120874663028,26.30398766617725,16.58186268050776,Sp1805-2758
-0.5,None,-20.24261389684756,50.73676916620132,-29.301657008548464,68.50419403579865,50.73676916620132,Sp1806+2923
-0.5,None,-2.3998259830051283,51.22136429510414,-8.47510019559701,63.424093056718526,51.22136429510414,Sp1807+5015
-0.5,None,-47.84177912069102,32.22606505917462,-64.97780403193978,45.40915030156889,32.22606505917462,Sp1807-0625
-0.5,None,-57.25030370103064,18.61575123842381,-82.90773086120623,28.875668403293854,18.61575123842381,Sp1807-2459
-0.5,None,-15.023132856457831,51.580553495497014,-23.30798092814208,68.57715388504258,51.580553495497014,Sp1808+3523
-0.5,None,-57.737618056435096,16.366325867391136,-84.88675168034662,26.305335175322217,16.366325867391136,Sp1808-2739
-0.5,None,-25.26068550859501,48.20129344874001,-35.65169851747843,65.93575214431243,48.20129344874001,Sp1809+2259
-0.5,None,-38.56168474332429,38.96044196101122,-52.95923527355281,54.42528158099206,38.96044196101122,Sp1812+0531
-0.5,None,-22.666985612590317,48.369766497772346,-32.986820175365054,66.21058178331732,48.369766497772346,Sp1812+2536
-0.5,None,-56.09375067372091,17.11787146715325,-82.68010077941359,27.608995609094055,17.11787146715325,Sp1813-2542
-0.5,None,-51.71416937052542,24.44025825706904,-73.56621716662248,36.52178870176021,24.44025825706904,Sp1814-1536
-0.5,None,-54.019206458834006,20.960673175493397,-78.09544288097626,32.28197603639035,20.960673175493397,Sp1814-2025
-0.5,None,-57.10400686688122,1.9979153188441212,-75.1806406683303,9.62406335200286,1.9979153188441212,Sp1814-4522
-0.5,None,-54.65342397754252,19.147781851237482,-79.92901158665659,30.193436476893748,19.147781851237482,Sp1815-2237
-0.5,None,-34.16803497622452,40.641820607949164,-48.07201889983737,57.037684222206416,40.641820607949164,Sp1817+1017
-0.5,None,-9.050359034393022,49.785975555833396,-17.486087165176208,65.41916761165446,49.785975555833396,Sp1819+4101
-0.5,None,11.81536493452997,44.608038039116614,7.358779394034003,51.30831306802849,44.608038039116614,Sp1819+6600
-0.5,None,-56.86152693367438,5.11616522021218,-79.13981404898995,13.667751155440172,5.11616522021218,Sp1819-4032
-0.5,None,-51.97463234245907,-8.190836673918366,-62.86623683182272,-2.2379932824409052,-8.190836673918366,Sp1819-5754
-0.5,None,-30.479251365272866,41.774927114514064,-44.01922153542927,58.81562523624235,41.774927114514064,Sp1821+1414
-0.5,None,-50.26928213858464,-10.696869193649034,-59.77125718170542,-5.183861824823495,-10.696869193649034,Sp1821-6101
-0.5,None,-10.112775531853575,49.11572165437317,-19.077359735912506,65.2122450351523,49.11572165437317,Sp1822+3921
-0.5,None,-9.125822664821268,49.15868881609259,-17.911321924639164,64.94709613475985,49.15868881609259,Sp1822+4032
-0.5,None,18.000276905812733,40.89328523483451,14.612567433914899,45.34939576307487,40.89328523483451,Sp1824+7316
-0.5,None,-43.52783041584565,29.87669275363033,-62.69334706232131,44.14587262260891,29.87669275363033,Sp1824-0500
-0.5,None,-44.01390758351269,29.592367600017074,-63.30709241276558,43.741539344349675,29.592367600017074,Sp1824-0536
-0.5,None,-55.825494793274544,8.638437831744564,-82.23047973870763,18.22851474521672,8.638437831744564,Sp1824-3503
-0.5,None,-55.832932585031,8.427380145409712,-82.08937023529234,17.98090655628504,8.427380145409712,Sp1824-3519
-0.5,None,0.07110072325155123,48.2154792674302,-7.106242772644901,60.43310297407333,48.2154792674302,Sp1825+5122
-0.5,None,-50.937420557083634,20.222288207551614,-75.50054532953791,32.34917712501638,20.222288207551614,Sp1825-1853
-0.5,None,-17.163222970303615,46.87624710650278,-28.029595372099745,64.51546716712521,46.87624710650278,Sp1826+3014
-0.5,None,-47.62880790085642,24.15986894091499,-69.91823107435974,37.30194933225952,24.15986894091499,Sp1827-1251
-0.5,None,-37.84981037430424,33.5298817480792,-55.36021976569159,49.1141349055208,33.5298817480792,Sp1829+0215
-0.5,None,-33.79982512957168,36.757060310804086,-49.809237832980365,53.17088049263489,36.757060310804086,Sp1829+0757
-0.5,None,-20.09434865606154,44.92498639488608,-32.09092042209974,62.76095886614554,44.92498639488608,Sp1829+2600
-0.5,None,-48.18579954118078,22.603724114437565,-71.36962641715678,35.550826736626256,22.603724114437565,Sp1829-1439
-0.5,None,-49.95679673665206,19.635952707811757,-74.82219458019793,31.991390250108637,19.635952707811757,Sp1830-1842
-0.5,None,-47.464940594359405,-14.098597223487502,-56.03386273298206,-8.898022675769257,-14.098597223487502,Sp1831-6435
-0.5,None,-22.3219245198603,42.76499286458812,-35.45958461830771,60.57974602024613,42.76499286458812,Sp1833+2225
-0.5,None,-53.57551396437231,8.056661858949056,-80.636527462036,18.287750142860595,8.056661858949056,Sp1834-3353
-0.5,None,-35.04281454127401,33.65153458627406,-52.6256178756203,49.7845309283527,33.65153458627406,Sp1835+0440
-0.5,None,-13.749150017642837,45.58365392370964,-24.981685883514523,62.880719527517144,45.58365392370964,Sp1835+3259
-0.5,None,-53.23228992099644,6.819764216060376,-79.80238686471088,16.96855915445985,6.819764216060376,Sp1836-3507
-0.5,None,-26.601255899556993,39.15679087528097,-41.568667308438904,56.628589645118964,39.15679087528097,Sp1837+1558
-0.5,None,-52.71285564514531,-2.5391819590084688,-71.16729403042564,5.621670171226924,-2.5391819590084688,Sp1837-4755
-0.5,None,-15.695159124694074,43.990943611100484,-27.89383038021946,61.60491144265982,43.990943611100484,Sp1839+2952
-0.5,None,-4.2037637616201025,46.279791728160895,-13.618459432483842,61.047635890903145,46.279791728160895,Sp1839+4424
-0.5,None,-19.631797295476844,41.75618186849422,-33.17078645689518,59.59930063119632,41.75618186849422,Sp1841+2421
-0.5,None,-52.59658891622598,-5.510927122688436e-07,-74.10756961621718,8.965036213545194,-5.510927122688436e-07,Sp1841-4347
-0.5,None,14.614066085368343,41.85439423710863,9.509593646078834,48.45080278200935,41.85439423710863,Sp1842+6751
-0.5,None,-37.19064093062871,29.5299430616714,-56.84312042626765,45.16446843454927,29.5299430616714,Sp1842-0014
-0.5,None,-52.468355116963984,3.216643055885207,-77.04528030520682,12.971237320271769,3.216643055885207,Sp1842-3905
-0.5,None,-51.285267006735836,-5.4546521586783205,-67.92381025223928,2.3351612596895626,-5.4546521586783205,Sp1842-5114
-0.5,None,-28.88061425446111,35.77533842826759,-45.513217300827996,52.91659665289778,35.77533842826759,Sp1843+1132
-0.5,None,-17.492481136639192,42.26946691372579,-30.663487175945,60.0521360729217,42.26946691372579,Sp1843+2651
-0.5,None,-6.73094141223918,45.311696399311145,-17.15392779892251,61.114383097262376,45.311696399311145,Sp1843+4040
-0.5,None,-38.62648444748074,27.633038319156935,-59.226752759174296,42.93173227081627,27.633038319156935,Sp1843-0255
-0.5,None,-31.602455311699583,33.11103182458732,-49.533115625920566,49.80891668030763,33.11103182458732,Sp1845+0711
-0.5,None,-7.898861863193118,44.72154905873801,-18.822575429979967,60.93899287630016,44.72154905873801,Sp1845+3853
-0.5,None,-49.391898351725104,12.345801233805584,-77.04039895760536,24.314728546650972,12.345801233805584,Sp1845-2535
-0.5,None,-46.505130671736396,-14.676711303664833,-56.18991039581043,-9.013423332676425,-14.676711303664833,Sp1845-6357
-0.5,None,-51.016652401047054,7.120665140155988,-78.40865286619228,18.012847185712854,7.120665140155988,Sp1846-3250
-0.5,None,-50.92493278160289,5.82840334415799,-77.86494823743557,16.55673325374602,5.82840334415799,Sp1847-3419
-0.5,None,-43.87392051816958,-18.26568399526936,-51.41925301816087,-13.474770767472764,-18.26568399526936,Sp1848-6855
-0.5,None,-36.24656916473134,-26.775188319985805,-38.70012565472097,-24.82971223966875,-26.775188319985805,Sp1848-8214
-0.5,None,-47.8173528173916,12.645161663377872,-75.27978291117503,25.061761757374274,12.645161663377872,Sp1849-2359
-0.5,None,-16.399074378861098,40.460112721035856,-30.370624532465175,58.22377628469888,40.460112721035856,Sp1851+2641
-0.5,None,8.814335537624682,43.199260699998554,1.5999518728583222,52.93015031671442,43.199260699998554,Sp1851+5935
-0.5,None,3.8142673232840396,43.93021666206405,-4.827637977688629,56.04711146188474,43.93021666206405,Sp1852+5257
-0.5,None,-36.99747975655386,25.77618848764575,-58.50922673635476,41.336771879964424,25.77618848764575,Sp1852-0305
-0.5,None,-48.17299629806896,-10.706619641390883,-62.000776764315205,-3.577030143066075,-10.706619641390883,Sp1852-5708
-0.5,None,-50.3133970445355,0.2125820990975275,-74.07459934258965,10.100237783289938,0.2125820990975275,Sp1853-4107
-0.5,None,27.40062926810803,34.104007180746734,25.886752059665845,35.59655804690566,34.104007180746734,Sp1854+8429
-0.5,None,-47.94630247710682,-10.854258801283214,-61.92808769467272,-3.6570612736006223,-10.854258801283214,Sp1854-5704
-0.5,None,-43.13978190668379,-18.973996147413903,-50.89229903130574,-14.08731075822593,-18.973996147413903,Sp1855-6914
-0.5,None,12.545569235980015,41.64187657573366,5.994429560072134,49.89846701406396,41.64187657573366,Sp1856+6356
-0.5,None,-39.281813071296604,21.76952480758395,-62.7141703480858,36.72729515565982,21.76952480758395,Sp1856-0822
-0.5,None,-26.096647437029386,33.02003600292262,-44.013290281482135,50.4092216345295,33.02003600292262,Sp1857+1200
-0.5,None,-46.05998463757106,10.923630186802333,-73.72948423504245,23.63985038456678,10.923630186802333,Sp1858-2420
-0.5,None,-25.98767922691135,32.594420049747846,-44.098728947592825,49.98429649398361,32.594420049747846,Sp1859+1146
-0.5,None,-40.21935887301824,-22.56029836436828,-45.79617033668728,-18.74345541231122,-22.56029836436828,Sp1859-7435
-0.5,None,-16.091102236518218,37.1857711437967,-31.586965060296198,54.98958529627222,37.1857711437967,Sp1903+2437
-0.5,None,-9.008206225314634,40.309275451242954,-22.306795086603625,57.279379370581225,40.309275451242954,Sp1903+3422
-0.5,None,-8.307757982497352,40.57797489362913,-21.381104530061492,57.39969552041895,40.57797489362913,Sp1903+3521
-0.5,None,-48.39754326740956,-2.1424515657709757,-71.69812670582884,7.908736015640371,-2.1424515657709757,Sp1904-4229
-0.5,None,-20.8550712700682,34.09664583600138,-38.07081169295694,51.87360522952474,34.09664583600138,Sp1905+1740
-0.5,None,-48.20580753042725,-5.074245094483739,-69.04583379431378,4.280811675722762,-5.074245094483739,Sp1905-4644
-0.5,None,-4.230442296149585,40.82816691802334,-16.541886835409763,56.72172824069568,40.82816691802334,Sp1906+4011
-0.5,None,-35.47652814427105,21.72133324193467,-58.757850566284894,37.40899881581873,21.72133324193467,Sp1906-0515
-0.5,None,-46.074836568511294,-12.934457944707626,-59.934544100051745,-5.659356900916415,-12.934457944707626,Sp1906-5828
-0.5,None,-29.154242812508084,27.176045595956076,-49.817418866554945,44.05192589816442,27.176045595956076,Sp1907+0443
-0.5,None,-16.696808446453815,35.34963526444564,-33.08315328069718,53.18512615963512,35.34963526444564,Sp1908+2238
-0.5,None,-20.84474417024371,32.53088193973191,-38.76629827048086,50.28779817877934,32.53088193973191,Sp1909+1629
-0.5,None,-42.033173524507674,12.197259807585052,-69.13477183829735,26.002297596622324,12.197259807585052,Sp1909-1937
-0.5,None,-21.721557015911802,31.76720781715154,-40.03080833254915,49.468541774778195,31.76720781715154,Sp1910+1504
-0.5,None,-20.406436677923086,32.70523219231923,-38.225434830408474,50.482675439496965,32.70523219231923,Sp1910+1702
-0.5,None,8.235164259408936,41.08313248695463,-0.6722269560446817,52.18120137526364,41.08313248695463,Sp1910+5634
-0.5,None,-32.459181398402265,21.706085431194314,-55.58825551006632,37.906067681766984,21.706085431194314,Sp1913-0241
-0.5,None,16.82105844307836,38.934794552736456,10.517799960798898,45.988763601692455,38.934794552736456,Sp1914+6808
-0.5,None,-44.55412873675947,4.507144999425396,-72.28048632392806,16.917500092316583,4.507144999425396,Sp1914-3008
-0.5,None,-29.833944603809936,23.200290297518762,-52.214326288514265,39.850626965442544,23.200290297518762,Sp1916+0051
-0.5,None,-27.042564250511028,25.3889702901863,-48.37355168898871,42.46966668098135,25.3889702901863,Sp1916+0509
-0.5,None,-44.030750390369526,3.939863641705229,-71.72042587351446,16.42053891189646,3.939863641705229,Sp1917-3019
-0.5,None,-43.80988803535956,2.973361113321103,-71.35381233743985,15.387707583638019,2.973361113321103,Sp1919-3115
-0.5,None,-13.449323904039385,33.45954820465811,-30.418835269113924,51.218326590951214,33.45954820465811,Sp1921+2425
-0.5,None,-42.81470471925957,3.877987068271693,-70.59512572691403,16.677063360752694,3.877987068271693,Sp1921-2915
-0.5,None,-23.13398209448865,26.131844748550215,-43.93526301885549,43.618878844052354,26.131844748550215,Sp1923+0917
-0.5,None,-43.38610727466263,1.064894920059839,-70.54059034233461,13.33022321052033,1.064894920059839,Sp1923-3308
-0.5,None,-15.853444366608441,30.978795749154553,-34.11439496348292,48.82259061258874,30.978795749154553,Sp1924+2004
-0.5,None,-13.596368660609537,32.31833946002339,-31.08311335587549,50.103087085238016,32.31833946002339,Sp1924+2322
-0.5,None,22.38137237553463,36.33723458259092,17.774029360945633,40.938054717736826,36.33723458259092,Sp1924+7533
-0.5,None,-44.67436225922975,-10.81757814389461,-63.24323094436448,-1.768630016750233,-10.81757814389461,Sp1924-5154
-0.5,None,-24.278344310361472,24.624631864430132,-45.76169669647142,41.971929054876924,24.624631864430132,Sp1925+0700
-0.5,None,-22.556240967586998,25.904792534097034,-43.413868812708515,43.43188064593277,25.904792534097034,Sp1925+0938
-0.5,None,-44.44413744091336,-5.629151212494864,-67.86295193902811,5.051451860741532,-5.629151212494864,Sp1926-4310
-0.5,None,-11.638184309603917,32.65126076797925,-28.791949545644627,50.33046471847811,32.65126076797925,Sp1927+2537
-0.5,None,-44.35993675832468,-9.144668238736315,-64.94903576019435,0.617502805870302,-9.144668238736315,Sp1927-4833
-0.5,None,-19.821817520389544,26.94626413122998,-40.07164758548999,44.66653600277344,26.94626413122998,Sp1928+1301
-0.5,None,-12.822382371597557,31.68702366776893,-30.51318769853079,49.45122041706893,31.68702366776893,Sp1928+2339
-0.5,None,-5.575826000371673,35.15614613262256,-20.87157913578449,52.021063647311955,35.15614613262256,Sp1928+3403
-0.5,None,-44.005130276826286,-6.486156510666699,-67.09311727173663,4.149592091538232,-6.486156510666699,Sp1928-4356
-0.5,None,-44.213722323072226,-8.308348314724357,-65.68525494132136,1.7643078714598965,-8.308348314724357,Sp1928-4700
-0.5,None,-20.869353034286416,25.699905827219613,-41.69726465824897,43.33915217199518,25.699905827219613,Sp1929+1101
-0.5,None,-30.48203335611425,17.134136754100656,-55.17644628251946,33.4432084609971,17.134136754100656,Sp1929-0458
-0.5,None,-35.56670127525961,10.841463580086632,-62.481264296819255,25.922303981118503,10.841463580086632,Sp1930-1521
-0.5,None,-20.644388419814018,24.658046585673205,-41.870331134339786,42.289932800107145,24.658046585673205,Sp1933+1022
-0.5,None,-14.51873607369306,28.93976930899115,-33.53252966541741,46.77925944004479,28.93976930899115,Sp1933+1944
-0.5,None,-13.136333520510394,29.828529339498807,-31.65314141057879,47.63262818916096,29.828529339498807,Sp1933+2150
-0.5,None,-31.435403733058003,14.553631535288643,-57.029232277057766,30.588545193369217,14.553631535288643,Sp1933-0810
-0.5,None,-39.65836252923571,1.710093012697392,-67.40735027718752,15.060033874662482,1.710093012697392,Sp1935-2846
-0.5,None,-29.002165833605382,15.733902855710793,-54.04223995498452,32.19606371562815,15.733902855710793,Sp1936-0455
-0.5,None,-33.53856291699482,10.395319405201322,-60.39920279162381,25.82829596774035,10.395319405201322,Sp1937-1359
-0.5,None,2.2208744157469784,35.55076015026929,-11.535503499006206,50.63706875836272,35.55076015026929,Sp1938+4321
-0.5,None,-42.03727907997488,-7.186616978646474,-65.86856249892844,3.994979767796815,-7.186616978646474,Sp1939-4239
-0.5,None,-41.87213089023251,-16.078240388834175,-57.597730048079264,-7.787812958268874,-16.078240388834175,Sp1939-5750
-0.5,None,-17.911042651380058,24.274742119175805,-39.07968295034236,42.0380904739946,24.274742119175805,Sp1940+1237
-0.5,None,-39.82721074395533,-21.448780712325703,-50.23530201834575,-15.281149869565054,-21.448780712325703,Sp1941-6733
-0.5,None,-13.173450636635573,26.71953161307009,-32.97618204830423,44.55322419306658,26.71953161307009,Sp1942+1913
-0.5,None,-41.222004870857134,-6.867388949906454,-65.68348067985123,4.664429164650417,-6.867388949906454,Sp1942-4115
-0.5,None,-40.90660688984484,-18.42252359076586,-54.73736614746102,-10.815004582829705,-18.42252359076586,Sp1943-6125
-0.5,None,-23.634407408118932,17.846664495711188,-47.57283909406849,35.04805582477111,17.846664495711188,Sp1944+0147
-0.5,None,-12.45937033308232,26.754714774709196,-32.18140682815707,44.57467580377454,26.754714774709196,Sp1944+1957
-0.5,None,10.4625755815194,36.00998483284465,-0.8707684063604957,48.060112962920456,36.00998483284465,Sp1945+5428
-0.5,None,-36.69638797024591,1.6885713578425738,-64.58086411133228,15.75000292117004,1.6885713578425738,Sp1945-2557
-0.5,None,-41.43706223617242,-11.812982083975461,-62.19678699480169,-1.6240816735831303,-11.812982083975461,Sp1945-4904
-0.5,None,-12.741561280636992,25.863115316261453,-32.84585145551675,43.695605547583924,25.863115316261453,Sp1946+1856
-0.5,None,-30.377225694546897,9.763300648386732,-57.13942604910766,25.703109502965088,9.763300648386732,Sp1946-1145
-0.5,None,-13.244381113054049,24.415552738342644,-33.9603925631252,42.25944882189972,24.415552738342644,Sp1949+1713
-0.5,None,-8.38217417019827,27.58959481863633,-27.349044066870643,45.20621233956703,27.58959481863633,Sp1949+2445
-0.5,None,-8.340396220176663,27.377582417744048,-27.38967353255595,44.99816850917034,27.377582417744048,Sp1950+2436
-0.5,None,-1.668465353506869,30.357797074762153,-18.588672752895235,47.02250856846702,30.357797074762153,Sp1953+3414
-0.5,None,4.965659192919808,33.12165710066331,-9.440675394512537,47.901376230779405,33.12165710066331,Sp1953+4424_1
-0.5,None,4.967572140064785,33.1200417028933,-9.439165588399046,47.89953301415751,33.1200417028933,Sp1953+4424_2
-0.5,None,-11.761157558267014,23.675681801233527,-32.62112555334431,41.50716304562836,23.675681801233527,Sp1954+1801
-0.5,None,8.227816577912662,34.01641298850704,-4.91984946704144,47.549863704921904,34.01641298850704,Sp1954+4923
-0.5,None,-16.075059135564754,20.185244609937225,-38.59998604619571,37.96037734356675,20.185244609937225,Sp1955+1052
-0.5,None,-29.268279432919115,7.173074803646849,-56.4610897651579,23.134458848600975,7.173074803646849,Sp1955-1316
-0.5,None,-37.69949721957129,-24.344882564748925,-46.4641622930756,-18.914204391459542,-24.344882564748925,Sp1955-7126
-0.5,None,-21.610126111449773,14.733280044365232,-46.3719919795313,32.02509419356779,14.733280044365232,Sp1956+0052
-0.5,None,-13.686248032690619,21.66974635216641,-35.47052556702,39.510340209024726,21.66974635216641,Sp1956+1426
-0.5,None,-31.217096017233654,4.364992669622471,-58.91477823002841,19.796587633045487,4.364992669622471,Sp1956-1754
-0.5,None,-7.341731643821264,25.649434795742106,-26.97875196473035,43.25726450766858,25.649434795742106,Sp1957+2408
-0.5,None,-8.118864096907103,24.53111295235871,-28.281356574672,42.219778419300454,24.53111295235871,Sp1959+2223
-0.5,None,-2.6774289845147425,27.895462731210795,-20.816179331836285,44.91719889456075,27.895462731210795,Sp2000+3057
-0.5,None,-17.139924338303306,16.690097881020435,-40.92771340128149,34.35987062846025,16.690097881020435,Sp2001+0647
-0.5,None,-23.711598948564326,10.057591466798817,-49.89859934665525,26.949215803109716,10.057591466798817,Sp2002-0521
-0.5,None,-38.02189751488531,-11.80591739227907,-61.18932084041477,-0.2788917017508289,-11.80591739227907,Sp2002-4433
-0.5,None,-38.94503702816963,-16.89917372228999,-57.21474438829098,-7.339951537493563,-16.89917372228999,Sp2002-5425
-0.5,None,-27.716555108401877,4.7071655247968005,-55.19366507382064,20.759666399969404,4.7071655247968005,Sp2004-1416
-0.5,None,-24.753978899459685,7.377446514209908,-51.59778667854704,24.012106285120268,7.377446514209908,Sp2006-0852
-0.5,None,-15.512224531886186,14.736300433249854,-39.765033799220085,32.4491478264771,14.736300433249854,Sp2010+0634
-0.5,None,-11.457675526456,17.341093588171592,-34.532502042391386,35.18503920535825,17.341093588171592,Sp2012+1246
-0.5,None,-9.297899743865235,19.11602545733318,-31.570478109630262,36.938558765308066,19.11602545733318,Sp2012+1627
-0.5,None,-37.13754318147803,-19.652301032171312,-54.42028876909007,-10.298191819004414,-19.652301032171312,Sp2015-5645
-0.5,None,-8.036655115810778,18.707323305777543,-30.324374940117934,36.50330005358422,18.707323305777543,Sp2016+1719
-0.5,None,-23.474856425744754,4.2068865406287586,-50.77639408044456,20.842443467906442,4.2068865406287586,Sp2016-1045
-0.5,None,-17.713228116881005,9.667046635178826,-43.52461898602445,27.124141711347992,9.667046635178826,Sp2018-0007
-0.5,None,-21.215792677262193,5.865376068271792,-48.09759538402838,22.854684168815115,5.865376068271792,Sp2018-0701
-0.5,None,-36.57708737622837,-20.86998765808189,-53.13020170063788,-11.765122210801215,-20.86998765808189,Sp2019-5816
-0.5,None,3.7361066973447112,25.871439771017492,-14.310596389759423,42.043483435284024,25.871439771017492,Sp2020+3603
-0.5,None,-4.1318180089248635,19.89969021259804,-25.588465575780265,37.476197477283705,19.89969021259804,Sp2021+2216
-0.5,None,-33.533226339350996,-12.341023367301887,-58.49464052334712,0.5511836075542622,-12.341023367301887,Sp2022-3944
-0.5,None,-34.1249441750764,-14.204328156738088,-57.90942957269894,-1.879421180326164,-14.204328156738088,Sp2023-4305
-0.5,None,-20.480167595350128,3.5229899588859754,-47.70364076237354,20.487111447313577,3.5229899588859754,Sp2025-0835
-0.5,None,-13.292480717194863,10.332752574721699,-38.580244740368514,28.064900500908735,10.332752574721699,Sp2026+0439
-0.5,None,-29.629043337798336,-7.864351195953781,-56.88353292749226,6.718268249131333,-7.864351195953781,Sp2026-2943
-0.5,None,-0.9918632508835549,20.40591317530949,-21.897110530782207,37.69297876341596,20.40591317530949,Sp2027+2555
-0.5,None,-15.592243712827885,7.474138882836735,-41.742529119298155,25.01894592409998,7.474138882836735,Sp2028-0010
-0.5,None,17.302094581422025,30.52057547233726,4.94722259360134,41.568104357366956,30.52057547233726,Sp2029+5750
-0.5,None,-8.834389809359553,12.446455687702896,-33.165091476314934,30.29209018902859,12.446455687702896,Sp2031+1052
-0.5,None,9.024798129924196,25.753988439173288,-8.121561619357905,40.789038383819424,25.753988439173288,Sp2032+4155
-0.5,None,-34.94107812974623,-26.418128412521824,-45.69383207172015,-19.896948876588237,-26.418128412521824,Sp2032-6918
-0.5,None,1.532597621393335,20.267131345429156,-19.105500089264353,37.27807842177304,20.267131345429156,Sp2033+2823
-0.5,None,3.199572330458058,21.522650875631555,-16.7282422146981,38.212037592953706,21.522650875631555,Sp2033+3119
-0.5,None,-9.535221464577237,10.55420737318476,-34.447173837435685,28.3899700875315,10.55420737318476,Sp2034+0827
-0.5,None,12.290019283937339,27.01180689484652,-3.5339065240685277,40.908762895560315,27.01180689484652,Sp2034+4708
-0.5,None,-28.326498816235073,-10.287201681234595,-55.262681128976695,4.293219935842345,-10.287201681234595,Sp2035-3110
-0.5,None,-32.136480542343485,-16.507106417028208,-55.605093288618534,-4.027821191202773,-16.507106417028208,Sp2035-4349
-0.5,None,-18.2370957777854,1.1292386419870193,-45.661662415623425,18.225241733209224,1.1292386419870193,Sp2036-0847
-0.5,None,-19.560240544850515,-0.4546011851747531,-47.219105513036865,16.420019413097652,-0.4546011851747531,Sp2037-1137
-0.5,None,-30.625166193680307,-15.407595094474042,-55.28223149265921,-2.220781689363865,-15.407595094474042,Sp2038-4020
-0.5,None,-33.42203345653026,-20.707322517877014,-53.218439067819965,-9.896791683176483,-20.707322517877014,Sp2038-5223
-0.5,None,-26.873811385690487,-10.169901830693691,-54.039494826527346,4.7470348402143685,-10.169901830693691,Sp2039-2926
-0.5,None,5.529291816689289,20.095306118645425,-14.623086329768988,36.550656786924385,20.095306118645425,Sp2042+3225
-0.5,None,-15.032294577223304,1.8512554108676287,-42.17839182855103,19.265943638575866,1.8512554108676287,Sp2042-0500
-0.5,None,-16.832053556640105,0.18526557077467745,-44.29853691332023,17.380446560406416,0.18526557077467745,Sp2042-0821
-0.5,None,-3.6998519207328155,11.853948283405476,-27.72152881319317,29.60989245869398,11.853948283405476,Sp2044+1517
-0.5,None,-33.718938783213204,-25.71569111918313,-47.84547944145459,-17.45384183965251,-25.71569111918313,Sp2045-6332
-0.5,None,-3.6520264283282864,10.809102938924704,-27.965281369513086,28.580726983389912,10.809102938924704,Sp2047+1421
-0.5,None,-15.603179731257137,-0.8003221886927061,-43.12140154928806,16.469222134759857,-0.8003221886927061,Sp2047-0808
-0.5,None,6.557305079181936,18.837061690747056,-13.932649513540898,35.24433068800359,18.837061690747056,Sp2049+3216
-0.5,None,7.319902249777441,19.367821283143613,-12.851605792123442,35.59562083894482,19.367821283143613,Sp2049+3336
-0.5,None,-19.52322797540432,-6.030581498635291,-47.44006434154885,10.5280534934444,-6.030581498635291,Sp2049-1716
-0.5,None,-20.77193013428315,-7.186180885716639,-48.65665294860745,9.114552106173036,-7.186180885716639,Sp2049-1944
-0.5,None,-7.563523436118497,5.02903352969698,-33.62567102129944,22.858954348484115,5.02903352969698,Sp2052+0510
-0.5,None,25.53073658731382,30.311908476858232,17.123183103374483,37.024090321350364,30.311908476858232,Sp2052+7104
-0.5,None,-21.76256385584027,-9.552161933045078,-49.46241430173554,6.404767830282556,-9.552161933045078,Sp2052-2318
-0.5,None,-30.29949257539926,-20.965119956332522,-52.07696010024995,-8.93049935451393,-20.965119956332522,Sp2052-4758
-0.5,None,-32.938825656906495,-26.822614552224636,-46.63391949840017,-18.710571746019966,-26.822614552224636,Sp2052-6431
-0.5,None,-8.464976938550583,3.7075127934671186,-34.86001235492959,21.5069076076662,3.7075127934671186,Sp2053+0303
-0.5,None,7.852522845376046,18.508356653209656,-12.573754631561881,34.73199562097151,18.508356653209656,Sp2053+3319
-0.5,None,-31.547630813903627,-23.44006860221647,-50.56943366086871,-12.733597664988002,-23.44006860221647,Sp2053-5409
-0.5,None,-10.696892052007867,-0.26039826806182303,-37.89388248713463,17.380242266481137,-0.26039826806182303,Sp2057-0252
-0.5,None,-23.9479163980975,-15.62209922688717,-50.332527294470246,-0.7280245795373199,-15.62209922688717,Sp2100-3236
-0.5,None,-6.883696933450626,2.172801771204372,-33.45403828958375,19.992706750153683,2.172801771204372,Sp2101+0307
-0.5,None,-3.854947759939315,3.595096681939819,-29.933336686966484,21.43776539530363,3.595096681939819,Sp2104+0722
-0.5,None,8.612390556454182,15.393959196578434,-12.867793097227981,31.790900884756578,15.393959196578434,Sp2104+3100
-0.5,None,-13.270653684867186,-5.61645508314719,-41.09277046756749,11.668733061656784,-5.61645508314719,Sp2104-1037
-0.5,None,17.40890197597602,22.46014366667432,0.5339657230751218,35.80843293907275,22.46014366667432,Sp2105+4816
-0.5,None,-15.771193025321525,-9.283172081126452,-43.67310017776382,7.559563817781665,-9.283172081126452,Sp2106-1650
-0.5,None,-25.792775962325347,-20.27322800596484,-50.0591362292949,-6.575742106610481,-20.27322800596484,Sp2106-4044
-0.5,None,-8.768432886577198,-2.4450239621018146,-36.143171078479966,15.244114964364766,-2.4450239621018146,Sp2107-0307
-0.5,None,-23.1057069264091,-17.555676949502416,-49.12221940560051,-2.724579360803546,-17.555676949502416,Sp2107-3357
-0.5,None,-27.14341678260539,-22.510966305933486,-49.71008985708904,-9.719814213092222,-22.510966305933486,Sp2107-4544
-0.5,None,-29.41351533951109,-26.304984474552274,-47.752708914848974,-15.653014000973863,-26.304984474552274,Sp2110-5540
-0.5,None,30.287524014664882,30.91933323435204,27.552321854770796,32.885564971393364,30.91933323435204,Sp2112+8427
-0.5,None,-3.377202702063807,-0.7478206947639752,-30.21310360426942,17.09744301603643,-0.7478206947639752,Sp2116+0341
-0.5,None,6.5225377122601405,9.045060067692184,-17.275794984286463,26.167328365441136,9.045060067692184,Sp2116+2238
-0.5,None,12.789217588907105,14.513801724172447,-8.41295498234061,30.280576701122413,14.513801724172447,Sp2117+3428
-0.5,None,-25.172332123956185,-24.009312057640784,-47.87095934933475,-10.8954595451333,-24.009312057640784,Sp2118-4505
-0.5,None,1.0434540844107179,1.8083653198293907,-25.028541778732457,19.56316448573455,1.8083653198293907,Sp2120+1021
-0.5,None,-23.505681963964683,-23.087146616785542,-47.36355331098569,-9.252720986118284,-23.087146616785542,Sp2120-4130
-0.5,None,10.114578263711282,8.36617633021709,-13.491033926214214,25.108699039190654,10.114578263711282,Sp2126+2531
-0.5,None,-18.518937282682828,-20.21434944057281,-44.71807950767923,-4.718466334952587,-18.518937282682828,Sp2126-3143
-0.5,None,-31.289576822667684,-31.752697400515967,-35.86823565920919,-28.748850944764076,-31.289576822667684,Sp2126-8140
-0.5,None,5.874798265583625,3.7562207334187576,-19.380320758217948,21.182727814170157,5.874798265583625,Sp2127+1652
-0.5,None,23.56403480738712,22.359700263694883,8.394001810772503,33.60323479466944,23.56403480738712,Sp2127+5553
-0.5,None,-22.650997873617598,-24.49646419999851,-46.1912273924123,-10.682421076653304,-22.650997873617598,Sp2127-4215
-0.5,None,-30.829557929741902,-31.661788994193646,-39.03653313177994,-26.428813695001832,-30.829557929741902,Sp2127-7508
-0.5,None,-29.3131719945824,-30.625138602456893,-42.93079198942478,-22.27748788553337,-29.3131719945824,Sp2128-6510
-0.5,None,-6.685861545782521,-10.28676285398321,-34.57121908250417,7.324909652791227,-6.685861545782521,Sp2130-0845
-0.5,None,5.200767030817106,1.1434563177699248,-20.689804600450046,18.707432483605267,5.200767030817106,Sp2132+1341
-0.5,None,10.267720781617218,6.05131742860021,-13.98426636023206,22.929012902676785,10.267720781617218,Sp2133+2321
-0.5,None,10.904876191789892,6.134252379806288,-13.257871872769693,22.928723899498305,10.904876191789892,Sp2134+2404
-0.5,None,17.68116949159947,13.605671693277259,-3.0895888785048995,28.484168413365385,17.68116949159947,Sp2134+3838
-0.5,None,-16.26305445623839,-21.5975854032861,-42.51465597870982,-5.810858870531891,-16.26305445623839,Sp2135-3040
-0.5,None,-16.940684237714134,-21.96262915688087,-42.97654113938314,-6.349535369351129,-16.940684237714134,Sp2135-3153
-0.5,None,6.824186096345065,0.7309773964735206,-19.025749719441237,18.197944939487062,6.824186096345065,Sp2137+1450
-0.5,None,-3.605353585737872,-10.006321659937205,-31.42361798607875,7.753993887056308,-3.605353585737872,Sp2137-0527
-0.5,None,-28.8251044181594,-31.86639075159525,-41.304401346798315,-24.09741819838376,-28.8251044181594,Sp2137-6723
-0.5,None,-29.39915000750845,-32.097104096175535,-40.35406759018712,-25.216508651237543,-29.39915000750845,Sp2137-7014
-0.5,None,-7.791671833366549,-33.60455690643167,-32.35774886121912,-17.516368858085848,-7.791671833366549,Sp2230-3358
-0.5,None,-18.01499054307949,-37.22422512360416,-36.479347326484714,-25.123567820266196,-18.01499054307949,Sp2230-5344
-0.5,None,15.655354007139358,-13.609315791617332,-11.850848214556231,3.6969560781336317,15.655354007139358,Sp2232+0909
-0.5,None,26.821214136404844,1.084866315431969,3.0000003772726935,15.670870877422429,26.821214136404844,Sp2233+3359
-0.5,None,27.457980308513918,2.187420355899825,4.066698707211548,16.49118172244585,27.457980308513918,Sp2233+3547
-0.5,None,22.982407148541505,-5.123539759403788,-2.8253111598385954,10.804069423959897,22.982407148541505,Sp2234+2359
-0.5,None,-3.5940023073431724,-32.04319469993472,-29.40496133021188,-15.129901873492935,-3.5940023073431724,Sp2234-2720
-0.5,None,13.972796579448625,-17.131840184546316,-13.829131171343635,0.4144013571816825,13.972796579448625,Sp2235+0418
-0.5,None,20.966476343452683,-8.656639664923645,-5.64921584883126,7.822067853648373,20.966476343452683,Sp2235+1840
-0.5,None,29.324285727115377,3.8093091231779797,6.758502344600102,17.439191873972423,29.324285727115377,Sp2237+3922
-0.5,None,30.714141610152176,6.508188659548024,9.434196539573646,19.3076639231731,30.714141610152176,Sp2238+4353
-0.5,None,30.19918994338751,3.901543779878617,7.805972365106876,17.298643750579107,30.19918994338751,Sp2240+4018
-0.5,None,-11.011976596747123,-37.590543237286084,-33.022962603103636,-22.886790220318733,-11.011976596747123,Sp2240-4253
-0.5,None,-5.36453530112819,-35.45020561188565,-29.906918311702068,-19.10562253143846,-5.36453530112819,Sp2241-3258
-0.5,None,-19.23893243281253,-38.892871031259844,-35.22858873871511,-28.2720136009817,-19.23893243281253,Sp2241-5915
-0.5,None,-20.251284106015458,-38.734721675377195,-35.33490900528006,-28.744429198270513,-20.251284106015458,Sp2241-6119
-0.5,None,-26.18854777051594,-36.40682676761425,-34.53918319185899,-31.01183558697079,-26.18854777051594,Sp2241-7500
-0.5,None,25.481805257899186,-5.60381515927633,-0.22955476480450235,9.953063392481445,25.481805257899186,Sp2242+2542
-0.5,None,-19.223207427547575,-39.05093515972315,-35.07004534598647,-28.509277080141022,-19.223207427547575,Sp2243-5932
-0.5,None,-3.5693665590383166,-35.40014468914215,-28.506652551555764,-18.74666822930453,-3.5693665590383166,Sp2244-3045
-0.5,None,34.422013851245616,14.086926165471064,18.017718933937054,23.72067512915624,34.422013851245616,Sp2245+5750
-0.5,None,23.89127818697512,-9.973348476603114,-2.767207489045197,6.186656964939712,23.89127818697512,Sp2247+1955
-0.5,None,-26.878304954464912,-35.99973933101242,-33.842193057944364,-31.528169541870856,-26.878304954464912,Sp2247-7733
-0.5,None,29.166346770911808,-2.6137202407885916,4.538250214032741,11.93417378264766,29.166346770911808,Sp2249+3205
-0.5,None,-16.441705325525795,-40.21729166377959,-33.74003658694895,-28.529968435191435,-16.441705325525795,Sp2250-5543
-0.5,None,-17.002363402162885,-40.10693738289662,-33.92674164493366,-28.695660458194943,-17.002363402162885,Sp2250-5640
-0.5,None,5.396699106377578,-31.857195849409752,-21.481852578059968,-14.140018748836912,5.396699106377578,Sp2252-1730
-0.5,None,-11.961566112750184,-40.448972687709976,-32.03350901326414,-26.740723461715653,-11.961566112750184,Sp2253-4801
-0.5,None,-0.5822497629724759,-36.786572247455815,-25.69715477337487,-19.80652798283628,-0.5822497629724759,Sp2254-2840
-0.5,None,-16.684503008270827,-40.77865065224432,-33.29103789287802,-29.505708252711504,-16.684503008270827,Sp2255-5713
-0.5,None,16.414348025088064,-23.576067507360104,-11.50143669409521,-6.010372251616979,16.414348025088064,Sp2256+0031
-0.5,None,35.560705076912214,19.85810698875705,24.135311500599773,26.461071365290554,35.560705076912214,Sp2256+6854
-0.5,None,-7.107126113794751,-40.22796153525162,-29.39118010977879,-24.902868955765683,-7.107126113794751,Sp2257-4030
-0.5,None,-10.525029760675459,-41.135792322491135,-30.939717320938332,-27.06933972709091,-10.525029760675459,Sp2257-4638
-0.5,None,17.250095724964773,-23.611861740978544,-10.667483435943065,-6.099369949547909,17.250095724964773,Sp2258+0113
-0.5,None,33.95347485746069,26.196492490057114,28.530190615445314,29.397566366112425,33.95347485746069,Sp2259+8013
-0.5,None,-14.676225925262566,-41.48046354723724,-32.33781156396061,-29.367038273557828,-14.676225925262566,Sp2259-5420
-0.5,None,27.751842222967095,-12.170943517692073,0.9589297910164227,3.55764089731908,27.751842222967095,Sp2303+2100
-0.5,None,15.390995152978421,-28.705330764152716,-12.326659384260907,-10.977332250812845,15.390995152978421,Sp2306-0502
-0.5,None,-11.302288288058802,-42.78740406643532,-30.305755457975888,-29.510738959444204,-11.302288288058802,Sp2306-5008
-0.5,None,2.5587167383240965,-39.128823713121236,-22.479355392578505,-21.909600355326628,2.5587167383240965,Sp2308-2722
-0.5,None,8.609730621968714,-35.94253420693587,-17.880192429398257,-18.168429880252322,8.609730621968714,Sp2310-1759
-0.5,None,37.04011587157763,19.08591142543823,25.89521656251685,25.23519263895035,37.04011587157763,Sp2314+6939
-0.5,None,16.50745036322355,-31.444504868830215,-11.038867706199559,-13.717765540148326,16.50745036322355,Sp2315-0627
-0.5,None,7.584797629586166,-38.89956077357791,-18.224118251696336,-21.236996526607182,7.584797629586166,Sp2316-2141
-0.5,None,38.09270611104978,15.38489447492817,24.272083252012163,22.848169799233712,38.09270611104978,Sp2317+6423
-0.5,None,18.998551097911896,-29.59170824854623,-8.752326887253833,-12.037326532616603,18.998551097911896,Sp2317-0236
-0.5,None,35.79705985188018,23.351430979552465,28.45382161038898,27.451409382587492,35.79705985188018,Sp2319+7645
-0.5,None,13.43998597979882,-36.16519580360027,-13.398633532699789,-18.31872361712868,13.43998597979882,Sp2321-1326
-0.5,None,2.453998077124311,-43.40311890510419,-21.3267436917185,-26.49094794187927,2.453998077124311,Sp2322-3133
-0.5,None,-14.066898987446356,-44.52699190066794,-29.593557745387553,-33.567749992471505,-14.066898987446356,Sp2324-5817
-0.5,None,38.9573240199384,-0.6092885443031406,16.31013892229085,11.238471184024856,38.9573240199384,Sp2325+4251
-0.5,None,12.017152976572625,-39.47291268303361,-14.15067809684235,-21.64601382988119,12.017152976572625,Sp2327-1741
-0.5,None,35.598721005976934,-12.419407376307849,9.222367742374294,1.8919650700485042,35.598721005976934,Sp2329+2704
-0.5,None,40.057449022552525,1.5261467575404901,18.51259735457888,12.610794583235476,40.057449022552525,Sp2329+4626
-0.5,None,13.430045285792078,-39.26958281591718,-12.902430664568023,-21.42357160121969,13.430045285792078,Sp2329-1607
-0.5,None,-10.98294753972054,-45.91852714758796,-27.96210046843731,-33.690790575469165,-10.98294753972054,Sp2329-5408
-0.5,None,-6.725464291302211,-46.670379139476935,-25.923012803971954,-32.64642005936118,-6.725464291302211,Sp2330-4736
-0.5,None,31.55237266824072,-20.617650936529806,3.915043851267016,-4.895731873429579,31.55237266824072,Sp2331+1552
-0.5,None,20.940806137468485,-33.24692847619894,-6.599168561863625,-15.731452390031235,20.940806137468485,Sp2331-0406
-0.5,None,6.271413156763033,-44.14196195854315,-18.04504591704793,-26.789207029828496,6.271413156763033,Sp2331-2749
-0.5,None,37.17199131118936,21.497495847005037,28.837836221095056,25.959869034465015,37.17199131118936,Sp2333+7456
-0.5,None,10.708700936148773,-42.431999271630794,-14.703517003713873,-24.687830667436536,10.708700936148773,Sp2333-2133
-0.5,None,33.84751548329289,-18.61397884162906,6.461943359954382,-3.4217985182971997,33.84751548329289,Sp2334+1933
-0.5,None,22.78042309860292,-33.08405386601441,-4.827119346933543,-15.714015656059312,22.78042309860292,Sp2335-0223
-0.5,None,33.77985970542503,-19.564931163239475,6.29370488988511,-4.289794662541066,33.77985970542503,Sp2336+1835
-0.5,None,35.252334304030185,-17.302574087807244,8.074479516129468,-2.471896347579262,35.252334304030185,Sp2336+2153
-0.5,None,41.22006026046219,-1.1577093797708404,18.754499578245763,10.142117435313644,41.22006026046219,Sp2337+4405
-0.5,None,18.926707351019385,-37.567672795704844,-8.049517426845062,-19.84559938686495,18.926707351019385,Sp2337-0933
-0.5,None,40.42615601255402,13.396162264875674,26.242558907675953,20.585241685487333,40.42615601255402,Sp2338+6352
-0.5,None,17.249619339014767,-39.57829852972423,-9.325628528203438,-21.76994734702274,17.249619339014767,Sp2338-1246
-0.5,None,12.296524071082821,-43.07643614929259,-13.16104009401096,-25.281041189915143,12.296524071082821,Sp2338-2029
-0.5,None,-5.581788214679151,-48.03585213499121,-24.58388143959745,-33.94136592427851,-5.581788214679151,Sp2338-4726
-0.5,None,40.05139297858329,-8.077450330497989,15.055459119177726,4.709746822638179,40.05139297858329,Sp2339+3507
-0.5,None,7.445455092928188,-47.07241527921016,-16.23005654781888,-29.748368054662937,7.445455092928188,Sp2343-2906
-0.5,None,33.13183082355108,-24.766179725829492,5.280349886328527,-9.038446785746757,33.13183082355108,Sp2344+1312
-0.5,None,21.485330368436976,-37.88502410236694,-5.578781378734075,-20.296830766976594,21.485330368436976,Sp2344-0733
-0.5,None,40.22499132771817,15.851144213972555,28.14818837637201,21.91415554459101,40.22499132771817,Sp2345+6758
-0.5,None,32.72722273044117,-26.328860800249934,4.827031091143688,-10.447097943842778,32.72722273044117,Sp2346+1129
-0.5,None,39.43956409116036,-15.259432271882705,12.768142081886486,-1.4634415974950117,39.43956409116036,Sp2347+2702
-0.5,None,22.781613055223005,-38.137412478184835,-4.309914903963374,-20.632683923256195,22.781613055223005,Sp2347-0638
-0.5,None,6.568572617401693,-48.72116663228603,-16.396969028654098,-31.614107346767682,6.568572617401693,Sp2348-3134
-0.5,None,18.67953242493282,-42.34963921639579,-7.5261848278065315,-24.553237929150555,18.67953242493282,Sp2349-1344
-0.5,None,31.82197270532345,-29.34752875461678,3.9122924800681047,-13.171639934505615,31.82197270532345,Sp2350+0806
-0.5,None,41.195861346416564,-13.443172538580756,14.981545876908886,-0.23733678708741257,41.195861346416564,Sp2351+3010
-0.5,None,15.005548262386219,-45.94381587323868,-10.11477204812516,-28.10976565821197,15.005548262386219,Sp2352-2009
-0.5,None,22.78040256903845,-40.472446988482126,-3.9921693861504517,-22.913533893801475,22.78040256903845,Sp2353-0833
-0.5,None,41.51794536991513,-14.967587460588856,15.017561239702752,-1.6621861027348204,41.51794536991513,Sp2354+2849
-0.5,None,16.250858998159675,-45.86813651904737,-9.024716595836585,-28.020592939793286,16.250858998159675,Sp2354-1852
-0.5,None,6.264270789233544,-50.23851077181443,-16.105295728449335,-33.297627502004495,6.264270789233544,Sp2354-3316
-0.5,None,-14.442025786276739,-46.446943917604386,-27.275660827076244,-37.304348883896616,-14.442025786276739,Sp2354-6312
-0.5,None,-10.813026494701779,-48.48331260233378,-25.635112420902693,-37.5683344658876,-10.813026494701779,Sp2355-5800
-0.5,None,5.757330824516576,-50.84912375822333,-16.25854738834893,-34.05085103443329,5.757330824516576,Sp2356-3426
-0.5,None,3.027703285522634,-51.4319467533348,-17.93656902521424,-35.27926074915456,3.027703285522634,Sp2356-3827
-0.5,None,44.412153437102184,-6.495262935677365,20.433879622281,4.896157936822632,44.412153437102184,Sp2357+4011
-0.5,None,43.9426653707673,7.009552066494807,26.58046581035894,15.158957098546837,43.9426653707673,Sp2357+5727
-0.5,None,-13.78510007728815,-47.07292847518868,-26.685027970467992,-37.81898229099196,-13.78510007728815,Sp2358-6245
-0.5,None,40.69281786115833,-19.526864898822538,13.430886917708632,-5.588208703146606,40.69281786115833,Sp2359+2338
-0.5,None,16.266953760893287,-47.461866123438575,-8.641760799484095,-29.618399758086067,16.266953760893287,Sp2359-2007
-0.5,None,9.618081316709858,-50.452022964542564,-13.436599321276203,-33.066817577895605,9.618081316709858,Sp2359-2932
