priority,set or rise,alt set start,alt rise start,alt set end,alt rise end,max_alt,Sp_ID
43368.28576710228,None,-38.00063057085277,59.68004638633272,-13.705399930435446,38.596264048433376,73.36828576710228,Sp0000-1245
150345.9221406181,None,-57.84439883495723,37.95568891156375,-28.29312605473441,22.318433015307626,45.03459221406181,Sp0001+1535
293680.92354936065,None,-49.052645964758746,49.99126906324302,-21.695747807127276,31.517236654794008,59.36809235493607,Sp0002+0115
-0.5,None,-53.636104817993385,-0.7833855447181965,-37.38498104641454,-7.946425462454127,1.9176478466960636,Sp0004+5843
47783.98503453208,None,-34.97726360327367,63.076960967639806,-12.035596245484413,41.496240105237845,77.78398503453208,Sp0004-1709
51598.633237719696,None,-31.721834131449892,64.82865840738054,-9.725914931029607,42.91024608448701,81.5986332377197,Sp0004-2058
4863.585033755157,None,-14.485574728743835,65.75994544333598,2.284837763330123,46.854942895183676,78.63585033755157,Sp0004-4044
283412.2331198455,None,-50.29836251495472,49.61553179112405,-22.85124175934051,31.496201968194754,58.34122331198455,Sp0005+0217
52565.096068085535,None,-31.021176273232648,65.46279145241843,-9.348061023929446,43.4991583410309,82.56509606808554,Sp0005-2157
259696.03197924307,None,-52.214303211421544,47.89273602309927,-24.353581880740055,30.335375184918636,55.96960319792431,Sp0006+0439
38153.97742772331,None,-43.1084507723737,57.377462244292346,-17.92229030741369,37.36924039331382,68.1539774277233,Sp0006-0732
55529.52288035736,None,-28.583100580496364,66.7705060991763,-7.772777620232438,44.75831087710992,85.52952288035736,Sp0007-2458
143.35284562827937,None,-64.0927418720152,26.687930159705882,-34.903601826631004,14.17080733600365,31.433528456282794,Sp0008+2911
-0.5,None,-59.72970361508866,8.175494365325909,-38.2768249477903,-0.5873470254800416,11.317590390072954,Sp0008+4918
-0.5,None,-56.53180519743505,2.981865679538167,-38.212341628112,-4.741788949596832,5.738159685982692,Sp0008+5453
38409.50111603449,None,-43.47186380532691,58.203809538608176,-18.558005356928593,38.292517304234416,68.40950111603449,Sp0010-0746
5114.73080449173,None,-32.7546253245702,65.75254062013083,-10.992025319206494,43.90206675100497,81.1473080449173,Sp0010-2031
-0.5,None,-54.0557481092274,-0.8215300485590106,-38.29503075902047,-7.6086036612996395,1.490143004342337,Sp0011+5908
5579.194953353842,None,-21.43025268579781,68.55373466458883,-3.1435586800478497,47.5234551782589,85.79194953353841,Sp0011-3334
-0.5,None,-58.7308806534313,5.894505460262271,-38.860682706497734,-2.2032631958196958,8.644370491409386,Sp0012+5159
-0.5,None,-64.06979328435735,16.898432335368934,-38.16380235204093,6.667948488811442,20.426970450807957,Sp0013+4012
35578.13056951044,None,-46.22182360867739,56.659873322496104,-20.816760513872605,37.46523253709951,65.57813056951044,Sp0013-0457
5317.466711112795,None,-31.42330882938109,67.44744240156142,-10.462927472557853,45.48862826465474,83.17466711112795,Sp0013-2235
5652.35705219135,None,-22.4449261987105,69.24605098960144,-4.151021200686652,48.033249535107196,86.5235705219135,Sp0014-3245
4062.8221168460486,None,-8.107548344203957,63.47001329576105,5.798215099963433,48.161793640639345,70.62822116846048,Sp0014-4844
-46357.23402196937,None,-65.5741482240538,21.676594269569875,-37.80972626559418,10.699940704471311,25.364276597803062,Sp0015+3516
-0.5,None,-63.667824083772736,14.769429779228382,-38.89247889656374,5.1091262497822205,17.973769228946306,Sp0015+4239
4846.122825012511,None,-15.38602202276723,67.91647487918412,0.5229669699542107,49.25153108441749,78.46122825012512,Sp0017-4054
2543.6806699067956,None,5.549725419350351,52.51401741909396,14.809275328525539,44.097064532897754,55.43680669906796,Sp0018-6356
30123.091387919678,None,-51.34655960706855,53.11416233427643,-24.934934354782957,35.393920799382904,60.12309138791968,Sp0019+0030
25786.263967584928,None,-54.635171109556474,49.49287871480122,-27.25053472340964,32.74205084072523,55.78626396758493,Sp0019+0450
-0.5,None,-59.491887678931505,6.070445824389019,-39.98300138869746,-1.638046874758675,8.41176152825347,Sp0019+5213
5195.1280522294455,None,-18.758264344466255,69.57821036609238,-2.076799125137206,49.64966971646671,81.95128052229445,Sp0019-3724
-24555.669212907993,None,-66.72497336563933,24.066901590352185,-38.29279463994596,12.982793462897517,27.5444330787092,Sp0020+3305
5252.377052507886,None,-32.74402980995759,68.59203476837327,-12.084285699559729,46.7147109956335,82.52377052507886,Sp0020-2155
4660.9964842402205,None,-14.011943229372818,67.72514415496056,1.149997319193629,49.90024145108438,76.6099648424022,Sp0021-4244
2551.7257113202154,None,5.354741279839352,52.74662269135005,14.523912938917551,44.39997637110931,55.517257113202156,Sp0021-6351
18575.699208626716,None,-60.04171689778412,43.503445317036046,-31.32486831516381,28.47411820182545,48.575699208626716,Sp0022+1203
3260.237016456687,None,-50.203791817675175,55.89519836155635,-24.68263440927968,37.92461335272643,62.60237016456687,Sp0024-0158
5776.827797664027,None,-28.50979110710922,71.13748794689215,-9.505907482715347,49.155999296986245,87.76827797664026,Sp0024-2708
-0.5,None,-58.69871393792818,4.295588082977195,-40.65519989710828,-2.7730537316093082,6.253131008057726,Sp0025+5422
24090.384726250577,None,-57.10087501210769,48.90403886337157,-29.655510996596753,33.001938195886005,54.090384726250576,Sp0026+0632
3488.890551231769,None,-3.5708510537025338,60.76202046193215,8.03648392261746,48.60899836927743,64.88890551231769,Sp0026-5428
8301.145563205566,None,-66.5052833825605,34.68073250297316,-36.73758942171472,22.09866883526194,38.301145563205566,Sp0027+2219
3533.922571513622,None,-4.01477164500924,61.153284707859704,7.69203339162548,48.81247648745749,65.33922571513622,Sp0027-5401
7808.358331296695,None,-66.77640799039975,34.25924618013472,-36.99982379692225,21.80002482403528,37.808358331296695,Sp0028+2249
17707.645942391508,None,-61.90087071609471,43.44967830231201,-33.224343114197985,29.088061406459307,47.70764594239151,Sp0029+1255
7884.903694947098,None,-67.19362398556565,34.49805336547814,-37.42140597458403,22.171111154574856,37.8849036949471,Sp0030+2244
23801.982714298512,None,-58.200618669946685,49.24100570008095,-30.927507202792064,33.77511820000369,53.80198271429851,Sp0031+0649
5069.476195109845,None,-18.513413131322523,71.297228758079,-2.9834584847874748,51.97629341842582,80.69476195109846,Sp0031-3840
28313.898819162398,None,-54.77889533670289,53.255494345223894,-28.626127787514783,36.77796009735719,58.3138988191624,Sp0032+0219
11670.258537539767,None,-69.17269985911265,28.334291154081516,-39.862299542564685,17.370983242454137,31.167025853753977,Sp0032+2927
4598.370883162417,None,-39.96375667431171,67.50126832135739,-18.552223972458922,46.88799532823841,75.98370883162417,Sp0033-1521
-0.5,None,-67.70548410369425,17.67894569817909,-42.3116224994642,8.817287218459702,19.79775074303215,Sp0034+4050
1813.8373077716424,None,-69.8603882105051,29.19547530737177,-40.424290045404376,18.356349085621723,31.813837307771642,Sp0035+2848
12275.869299796539,None,-66.45413506483024,39.091385690060434,-37.070173386346234,26.351447167416165,42.27586929979654,Sp0036+1821
5114.08864419892,None,-35.66329138582411,71.24344480527029,-15.872910798551722,49.73187776739184,81.1408864419892,Sp0036-2031
-0.5,None,-68.91475518717736,19.445929328097264,-42.76371870882743,10.505821918867397,21.46149544965183,Sp0037+3910
16933.674845621605,None,-64.7707539860085,43.92841273862703,-36.34664679683164,30.697432529107047,46.9336748456216,Sp0041+1341
3301.493338975707,None,-2.5389592561446235,60.431588791990364,7.738805307061827,49.86679315189,63.01493338975707,Sp0041-5621
3783.232559132402,None,-48.21740079850606,62.77490342502774,-25.344876740565258,44.66122300855871,67.83232559132402,Sp0042-0712
61943.878415017934,None,-70.61020905228351,33.89886973675027,-40.82995144982897,22.85026444385827,36.19438784150179,Sp0043+2426
-0.5,None,-59.18126539173536,3.332566428684921,-43.06979846393396,-2.5589415040301637,4.457133484157254,Sp0044+5610
5328.838952414567,None,-21.965509922536764,74.98372926816427,-6.8741990089386364,54.86362041769794,83.28838952414567,Sp0045-3604
2776.5455806020836,None,-57.31355220178523,54.351456706672835,-31.903333598812953,39.084530939353584,57.76545580602084,Sp0046+0252
5466.683757258647,None,-23.322756477788555,75.60481841739393,-7.953127163010908,54.98139921633962,84.66683757258647,Sp0046-3442
3721.3831078178246,None,-49.55644177431099,63.1459170263032,-27.071792851870665,45.690380079471346,67.21383107817825,Sp0049-0635
4625.553161401293,None,-41.44154607874265,70.61864867768381,-21.51959858289426,50.66404274323734,76.25553161401294,Sp0050-1538
5075.141027824233,None,-37.24396189371483,73.62632513978647,-18.487541261558007,52.50816314751994,80.75141027824233,Sp0050-2008
11896.209936125664,None,-69.66654040257238,39.87776129895638,-40.51466932317541,28.405080628270145,41.896209936125665,Sp0051+1844
5347.74995003258,None,-34.81040987978197,75.35575421603158,-16.861321950801635,53.727415540623454,83.4774995003258,Sp0051-2251
5352.986421416489,None,-34.78073503651458,75.42244554370016,-16.862981654376327,53.78943614653395,83.52986421416489,Sp0051-2254
-0.5,None,-50.11946359922358,-7.359084727600105,-40.680151252425794,-11.200881721390246,-6.763969035337903,Sp0052+6724
5772.976319737853,None,-30.937148411446483,77.25083425224885,-14.19522641719179,55.2355565823612,87.72976319737853,Sp0052-2705
2733.922169244195,None,2.458589655105456,55.98833917203447,10.696335777177069,48.34064724686207,57.33922169244195,Sp0052-6201
-0.5,None,-65.0875571469898,9.950222047093968,-45.514024998516035,3.5726824033805022,10.922983414039694,Sp0053+4942
-0.5,None,-64.86996299298417,9.64821568656961,-45.50523169066658,3.326925845423151,10.606766817556975,Sp0053+5001
5285.055780782768,None,-22.02085162546512,76.15634800084679,-7.623517909155217,56.35277837444762,82.85055780782768,Sp0053-3631
5844.622845059395,None,-27.516047696311926,78.05311823196008,-11.892511853964546,56.38099519947082,88.44622845059395,Sp0055-3052
3452.8294121129165,None,-4.547706714557051,62.67364293614619,5.3272846739440265,52.226469312778406,64.52829412112916,Sp0055-5450
-0.5,None,-66.4851838066965,11.221756692367556,-46.4843085800459,4.971392803870493,12.046515879378346,Sp0058+4835
3748.6814971847407,None,-50.3104601509083,64.47006441759498,-28.71777647110015,47.695014131061306,67.48681497184741,Sp0058-0651
-0.5,None,-59.33010405248834,2.574524544325503,-44.85249839360167,-2.4051112138320976,3.204307305866399,Sp0059+5726
-0.5,None,-63.34815697167532,7.084856289118128,-46.26900978367577,1.5993415388395027,7.734310746617321,Sp0102+5254
5172.27750639556,None,-21.494392374889436,77.18848317322409,-8.138666839574729,58.20881500326492,81.7227750639556,Sp0102-3737
2599.000550782248,None,3.453413468321103,55.12921371945557,10.859521868724213,48.499865084085,55.99000550782248,Sp0102-6322
4196.680189810372,None,-75.45702653543351,33.10572947220748,-45.680850292979855,23.94840142972744,34.19668018981037,Sp0103+2626
-0.5,None,-69.51860738297582,14.731383577030527,-47.554314408706524,8.264923795982797,15.47684750121251,Sp0103+4509
3136.3180541910624,None,-56.327816382071354,59.29094856772412,-33.33733053494491,44.64005001748505,61.36318054191062,Sp0103-0044
3550.231079517256,None,-5.802418839847793,64.06809155117406,3.7970678273570897,53.733500768762205,65.50231079517256,Sp0103-5351
1567.4531081115554,None,-69.61414032161726,44.35894882397058,-41.841811329303845,33.337866744325915,45.67453108111555,Sp0104+1457
2981.3911046617905,None,-0.3776708332805054,58.91335116323955,7.716416866728203,51.15278241757962,59.8139110466179,Sp0106-5933
6046.102138763821,None,-75.67625987017443,35.0813254377888,-45.95852922391161,25.939801592771314,36.04610213876382,Sp0107+2435
2420.0009484653547,None,-63.36258227698042,52.89070545469727,-38.622479605260466,40.571698758329504,54.20000948465355,Sp0109+0625
811.5524092131778,None,-77.23061611881982,30.03701250550523,-47.77670186334962,21.879279415423543,30.811552409213178,Sp0109+2949
3435.144835569943,None,-54.278845022681395,62.663204852576634,-32.8411645768693,47.8727175558154,64.35144835569943,Sp0109-0343
3945.150106514946,None,-9.854667413691928,68.04695255719825,0.24145150516599617,56.285522994130154,69.45150106514946,Sp0109-4954
3835.3144391151645,None,-8.779404793446435,67.03374747927509,1.0817734501955405,55.803970436854605,68.35314439115164,Sp0109-5100
4022.5746684311202,None,-10.708703878823766,68.93248675948328,-0.6272506868313084,56.99354207161277,70.2257466843112,Sp0111-4908
447.7240846157689,None,-44.78088498222243,72.66192624115011,-26.74498213058342,54.90065402647751,74.77240846157689,Sp0113-1408
2443.4042792579576,None,4.615288555787986,54.053644661484476,10.944936266408853,48.718821977998545,54.434042792579575,Sp0116-6455
1275.0717690612305,None,-73.79358251540052,42.102772632177924,-45.78639443243617,32.78074620454608,42.750717690612305,Sp0117+1752
434.1821267214716,None,-46.30216638752961,71.80449377040095,-28.2747175744256,54.88937606409339,73.41821267214716,Sp0117-1247
3831.9888057991593,None,-51.44329782148859,67.27194915874963,-32.36219427832568,52.51705680066466,68.31988805799159,Sp0120-0741
445.8216130335708,None,-15.292474581370616,73.56433384456878,-4.997204888740188,60.114380088340646,74.58216130335708,Sp0121-4447
466.8878899078886,None,-17.463743535627074,75.70762280086069,-6.960158164538708,61.265418458690554,76.68878899078886,Sp0123-4240
-0.5,None,-50.315255624442365,-7.792257274290023,-42.918588463312794,-10.431405262297401,-7.684120886547238,Sp0124+6819
-0.5,None,-35.46490058843912,-22.965513285172683,-33.631967020284776,-23.806552265429794,-22.932916578620173,Sp0124+8334
554.0521613724371,None,-26.092325393905526,82.93104386614698,-13.822291995175389,62.76501291781105,85.40521613724371,Sp0124-3355
183.48507621000715,None,-80.5898677759971,31.54203337271855,-50.900825585465,24.535172853103585,31.83485076210007,Sp0125+2847
163.13946448668148,None,-72.32451708630285,45.95645576737457,-46.27644795165778,36.98933872976223,46.31394644866815,Sp0126+1419
576.8484320364314,None,-28.419072849883786,84.65588888711149,-15.962485589139835,63.358650879667465,87.68484320364314,Sp0127-3140
284.49831130855216,None,-61.42495859397267,58.03451108687655,-40.12306053376258,46.92066935237867,58.449831130855216,Sp0128+0211
132.76438684424022,None,-75.35001145313527,43.03793384968129,-48.39674196436612,34.93098385826063,43.27643868442402,Sp0130+1721
328.24998733931835,None,-57.40100815616364,62.45286146008344,-37.83463509954349,50.56955321855726,62.824998733931835,Sp0130-0211
445.99052951820966,None,-15.590900414715165,74.13210276667913,-6.044319432246589,61.67498551489357,74.59905295182097,Sp0130-4445
47.59675722315876,None,-81.54064273618168,34.61532044629568,-51.9112433254779,27.93448785560819,34.759675722315876,Sp0132+2552
397.8936023427617,None,-50.713332502825764,69.38717790636191,-33.40424698542678,55.630501035475184,69.78936023427617,Sp0132-0910
564.1961686945183,None,-27.400172785431153,85.11139920923478,-15.870913115621523,64.82041986927956,86.41961686945183,Sp0134-3255
185.51295348636552,None,-71.33587390586432,48.41055371209884,-47.14447663426058,40.080778266941195,48.55129534863655,Sp0135+1205
160.14037965597083,None,12.62799908103228,45.98615768215021,16.2962840279323,43.5876672825397,46.01403796559708,Sp0138-7320
485.6361841006381,None,-42.37420143757062,78.32327271653452,-28.14366473769807,62.01433774146622,78.56361841006381,Sp0139-1757
125.60252305378462,None,-77.32206258811085,42.5155448134827,-51.06861435484792,35.66240329939702,42.56025230537846,Sp0141+1804
549.187016693606,None,-36.16419358147578,84.5759983303203,-23.599679792684388,65.02841360169703,84.9187016693606,Sp0141-2417
-0.5,None,-67.37374940244408,9.274383079008171,-52.95610670321258,5.974008622160037,9.280320704604895,Sp0144+5121
379.07072470720766,None,-53.13600591712656,67.87694471349464,-36.91409925559311,56.617341062487846,67.90707247072076,Sp0144-0716
589.1322205473158,None,-30.253024126094335,88.91322205473158,-19.715916359107602,67.79969064348909,88.91322205473158,Sp0148-3024
272.0174239183228,None,1.396867926356365,57.201742391832276,6.590412863168265,53.16998710401034,57.201742391832276,Sp0148-6209
-0.5,None,-54.68756497053936,-3.7383452562968738,-47.42404844768101,-5.706746197383477,-3.7383452562968738,Sp0151+6423
315.05069594012264,None,-59.72155416388471,61.50506959401226,-42.63809555033969,52.97097354579859,61.50506959401226,Sp0151-0051
248.4787944480599,None,3.726211694016384,54.84787944480599,8.403745512950316,51.470692754767306,54.84787944480599,Sp0151-6430
-0.5,None,-75.79685304048321,17.550518628578864,-56.88930405910414,14.235697046275938,17.550518628578864,Sp0154+4305
207.9052718622898,None,-70.43583090027141,50.79052718622898,-49.9846282082412,44.50689093470728,50.79052718622898,Sp0155+0950
270.68122467279204,None,-64.23620051639368,57.0681224672792,-46.52383225633525,50.1248081485802,57.0681224672792,Sp0156+0331
-0.5,None,-52.192682600254564,-6.298192335291012,-46.2413345557124,-7.895229902291311,-6.298192335291012,Sp0157+6656
124.81470887085536,None,-78.73578919288241,42.481470887085536,-54.796858244021486,37.529448040636574,42.481470887085536,Sp0158+1807
364.0673826102122,None,-54.89412489164766,66.40673826102122,-40.664653469015015,58.31043578271626,66.40673826102122,Sp0200-0554
201.94878675454902,None,-71.12819912922875,50.1948786754549,-51.73234890701729,44.92052584630776,50.1948786754549,Sp0202+1020
-0.5,None,-48.260159641443195,-10.27412946397484,-43.89046067111676,-11.453417296559994,-10.27412946397484,Sp0202+7053
522.0699131067629,None,-24.295455996431453,82.20699131067629,-16.43235380525894,70.47165367464899,82.20699131067629,Sp0204-3632
491.98128320612057,None,-21.085950967427348,79.19812832061206,-13.684752029691253,69.38264624833589,79.19812832061206,Sp0204-3945
176.24462383236454,None,-73.68580518017939,47.624462383236455,-53.69602192844059,42.975900104035055,47.624462383236455,Sp0205+1251
372.50589344851363,None,-53.94312784205282,67.25058934485136,-40.657833266097946,59.765981889838216,67.25058934485136,Sp0205-0653
165.02043914449183,None,-74.77046131339722,46.50204391444918,-54.78475227172172,42.27304947072383,46.50204391444918,Sp0207+1355
560.8053292226917,None,-30.919210279503957,86.08053292226917,-22.430458394072478,71.89699261806615,86.08053292226917,Sp0207-2955
512.2080851862227,None,-23.47872900128267,81.22080851862226,-16.02652927439818,70.77943888671484,81.22080851862226,Sp0207-3721
47.54003654180323,None,-86.5515370684721,34.75400365418032,-59.591855179750006,31.4839465793536,34.75400365418032,Sp0208+2542
-0.5,None,-69.34752844102256,10.725392699925642,-57.00888164578389,8.743123901056062,10.725392699925642,Sp0208+4949
365.65463779068705,None,-8.368442275677628,66.56546377906871,-3.230612051183743,62.53918395797888,66.56546377906871,Sp0210-5228
443.1420180680233,None,-46.37474620947485,74.31420180680233,-35.68799028757604,66.29507691236984,74.31420180680233,Sp0211-1427
197.1649424604991,None,-71.35422425550105,49.71649424604991,-53.96035599116616,45.87493737257874,49.71649424604991,Sp0212+1032
58.22409382155094,None,-85.29672401032035,35.822409382155094,-60.149142566712804,32.88616500176778,35.822409382155094,Sp0212+2433
405.36653447284107,None,-50.21904767953734,70.53665344728411,-38.92581122936618,63.749893486446894,70.53665344728411,Sp0212-1036
-0.5,None,-74.38086657022866,15.706305446749957,-59.79508734250743,13.8433347000126,15.706305446749957,Sp0213+4444
434.3044066277446,None,-47.09659441289028,73.43044066277446,-36.63399274022311,66.22587052315038,73.43044066277446,Sp0213-1343
339.6029976050061,None,-56.844772830339615,63.96029976050061,-44.3580051744125,58.76497040287072,63.96029976050061,Sp0214-0357
543.8841418712402,None,-30.151405582040685,84.38841418712403,-22.621121264942314,73.50839907972333,84.38841418712403,Sp0215-3040
165.8068041986615,None,-74.30187495515679,46.58068041986615,-56.431730879274795,43.45920018251687,46.58068041986615,Sp0216+1335
505.48017747142364,None,-38.78886792447542,80.54801774714237,-30.14743047712083,71.65980492326277,80.54801774714237,Sp0216-2200
-5113.390750145911,None,-83.43066098634294,24.88660924985409,-62.42255467364375,22.931726802856595,24.88660924985409,Sp0217+3526
359.43450487266404,None,-54.445516925095625,65.9434504872664,-43.33169575126148,61.36303094440469,65.9434504872664,Sp0218-0617
534.6648990364458,None,-29.23513046334353,83.46648990364459,-22.210358412177364,74.20010363318728,83.46648990364459,Sp0218-3133
-0.5,None,-59.77249079878399,1.1053660391237277,-53.171390572655994,0.13368743602668473,1.1053660391237277,Sp0219+5912
481.95131537262284,None,-41.11868287938229,78.19513153726228,-32.534998214479664,71.07077293746546,78.19513153726228,Sp0219-1938
-4.068684965314695,None,-86.65126107864215,29.59313150346853,-63.405398826841136,27.890830785517323,29.59313150346853,Sp0222+3033
525.5180942553754,None,-33.18892312668285,82.55180942553754,-26.16240841550935,74.88152334027907,82.55180942553754,Sp0222-2732
498.948680010528,None,-23.893477819537097,79.8948680010528,-17.936353989141182,73.76721740597117,79.8948680010528,Sp0222-3651
-0.5,None,-56.54480500943333,-2.1280283497963315,-51.47897450484707,-2.7629657469429874,-2.1280283497963315,Sp0225+6229
-0.5,None,-68.26638002844832,9.631108153758385,-59.35079083732958,8.87387682246086,9.631108153758385,Sp0227+5034
444.8593626116667,None,-44.19394524974459,74.48593626116667,-36.24459066013442,70.44689667273462,74.48593626116667,Sp0227-1624
240.83569743746574,None,4.02666422498172,54.08356974374657,6.761748142914882,53.14263029312716,54.08356974374657,Sp0227-6447
26.194424058521086,None,-63.58540505015051,56.194424058521086,-51.98511506095207,54.15839588015867,56.194424058521086,Sp0228+0310
130.4267359880832,None,-76.62560381360817,43.04267359880832,-60.55290022777381,41.60919477641819,43.04267359880832,Sp0228+1639
253.76755965717052,None,2.665633015380128,55.37675596571705,5.4476521329464935,54.469381181559484,55.37675596571705,Sp0228-6325
-0.5,None,-69.64498047603608,11.044306410221001,-60.32932857350299,10.351290898503686,11.044306410221001,Sp0229+4906
12.814251266384616,None,-76.61901951219608,42.814251266384616,-60.98023437067002,41.59515985127727,42.814251266384616,Sp0230+1648
38.311727198753104,None,-50.572904874410604,68.3117271987531,-42.18609584584666,65.96844665159902,68.3117271987531,Sp0230-0953
47.88546057433487,None,-38.6386516702047,77.88546057433487,-32.1558472309259,74.78600977995848,77.88546057433487,Sp0232-2152
7.433159256530992,None,-80.94248528611072,37.43315925653099,-63.98823538413002,36.68412971053935,37.43315925653099,Sp0233+2209
-1.7889133272216995,None,-84.08199032941553,28.2110866727783,-65.82237297974126,27.554383112802526,28.2110866727783,Sp0233+3134
-0.5,None,-58.64074055578373,-0.025106235543837004,-53.87189080705842,-0.287410359607591,-0.025106235543837004,Sp0234+6012
-0.5,None,-55.64344418261145,-3.0306457448364,-51.67331631278397,-3.233373041487671,-3.0306457448364,Sp0235+6314
48.740027904697996,None,-25.90003968117135,78.740027904698,-21.31897287757594,77.39450559077433,78.740027904698,Sp0237-3434
43.63330120984894,None,-42.62321313432055,73.63330120984894,-36.74702487029331,73.38840491771472,73.63330120984894,Sp0239-1735
21.23626787418568,None,-67.00802024688497,51.23626787418568,-57.15644385979165,51.23073683107766,51.23626787418568,Sp0240+0727
-0.5,None,-63.7371128266335,5.186689256304281,-58.36846167395427,5.24448347182083,5.186689256304281,Sp0241+5444
43.966729641665225,None,-18.99466847079036,73.96672964166522,-15.489584910889374,74.35287621174312,73.96672964166522,Sp0242-4124
34.845978515688415,None,-7.9422118702655515,64.84597851568842,-5.25571101070841,65.1322332682745,64.84597851568842,Sp0242-5232
-0.5,None,-70.05542267219971,11.800815589133082,-62.90094405622872,11.994288865706707,11.800815589133082,Sp0243+4755
46.90103005467341,None,-24.486871303734993,76.90103005467341,-20.801599754101314,78.18821549317131,76.90103005467341,Sp0244-3548
12.226308288835341,None,-74.48170841764824,42.22630828883534,-64.05519168325665,43.007201032429066,42.22630828883534,Sp0246+1625
32.229351305773235,None,-54.63760778057106,62.229351305773235,-48.39016468327358,63.446044219543936,62.229351305773235,Sp0246-0459
0.17663140269368327,None,-81.29301411296673,30.176631402693683,-68.80200972636014,30.91421103584589,30.176631402693683,Sp0247+2850
9.353792815864175,None,-76.47422902772313,39.353792815864175,-65.95504224809184,40.32830356592401,39.353792815864175,Sp0248+1916
41.62646780181072,None,-42.949352423777086,71.62646780181072,-38.40540958141063,74.17922107643935,71.62646780181072,Sp0248-1651
44.509399908250174,None,-38.05860255305553,74.50939990825017,-34.105112648585504,78.0488067625105,74.50939990825017,Sp0249-2147
47.02194247697008,None,-28.535055723704755,77.02194247697008,-25.163158278093103,80.73131119174245,77.02194247697008,Sp0249-3131
34.519135108957315,None,-51.346545018542166,64.51913510895731,-46.20775024475789,66.72037509389924,64.51913510895731,Sp0250-0808
26.483127054522775,None,-59.82073877741503,56.483127054522775,-53.85459442403308,58.4055649412384,56.483127054522775,Sp0251+0047
30.669097355902068,None,-55.37055849701305,60.66909735590207,-49.999184533614816,62.85163808580743,60.66909735590207,Sp0251-0352
26.222749906232693,None,-59.858201985524616,56.22274990623269,-54.15154065031722,58.351812933539364,56.22274990623269,Sp0252+0056
-0.5,None,-67.28395183603202,9.187008664003258,-62.728683752152456,9.976658070375478,9.187008664003258,Sp0252+5014
11.320635750216404,None,-73.95886794802148,41.320635750216404,-65.59078169385707,42.885820860305444,41.320635750216404,Sp0253+1652
1.418237734226679,None,-79.83263361350093,31.41823773422668,-69.75111562006605,32.72988929504347,31.41823773422668,Sp0253+2713
44.68670076913337,None,-36.106360772608056,74.68670076913337,-32.776695864056336,79.8186520260315,74.68670076913337,Sp0253-2336
8.943509461320247,None,19.325504864857727,38.94350946132025,19.913899040794334,39.19446344222427,38.94350946132025,Sp0253-7959
42.45747163200579,None,-40.00910438815166,72.45747163200579,-36.515767530083835,77.12353638707913,72.45747163200579,Sp0254-1934
38.28940962645484,None,-13.092513920090616,68.28940962645484,-11.127576855591577,70.97830788424868,68.28940962645484,Sp0255-4700
-0.5,None,-74.2670345451496,17.72240148330739,-68.65539256857514,19.066661564879652,17.72240148330739,Sp0257+4111
-0.5,None,-64.58572332309936,6.4462587212267835,-61.40729296091491,7.465689695145296,6.4462587212267835,Sp0257+5253
45.329450055948286,None,-28.608479754434306,75.32945005594829,-26.20197963356587,82.50649001435073,75.32945005594829,Sp0257-3105
5.100260952801406,None,-76.81977741077371,35.100260952801406,-69.88777513369931,37.21939954216303,35.100260952801406,Sp0259+2254
39.61493288434367,None,-15.548871818410447,69.61493288434367,-13.897564371307546,73.72191527938384,69.61493288434367,Sp0259-4421
-0.5,None,-71.57286291752041,14.591814002799174,-67.54747254323637,16.074094968868096,14.591814002799174,Sp0301+4416
41.87601631369685,None,-19.859123787954783,71.87601631369685,-18.310311502778333,77.91264041710777,71.87601631369685,Sp0302-3950
42.72766861654394,None,-34.56591901246345,72.72766861654394,-32.84124686831029,82.4101243364299,72.72766861654394,Sp0304-2435
43.038371858961895,None,-32.34603401499002,73.0383718589619,-30.890553985054385,83.90777347476399,73.0383718589619,Sp0306-2647
42.42055290463796,None,-22.64653026861943,72.42055290463796,-21.455989195091387,80.88841450590965,72.42055290463796,Sp0306-3647
-0.5,None,-59.99536821823067,1.8008468997242664,-58.777943621089115,3.20430465479326,1.8008468997242664,Sp0307+5719
35.96473850806629,None,-44.442894368316246,65.96473850806629,-43.19965582146618,73.78965259960157,65.96473850806629,Sp0309-1354
41.79454703413977,None,-22.327803831096418,71.79454703413977,-21.47338012619364,81.0838818926614,71.79454703413977,Sp0309-3658
22.75031083155382,None,-59.59826935585823,52.75031083155382,-57.964162514255214,57.701661943175246,52.75031083155382,Sp0310+0234
18.45760516852647,None,-63.8400184680536,48.45760516852647,-61.988248156902316,52.87607271860637,48.45760516852647,Sp0310+0726
42.34688244782481,None,-30.98890838278038,72.34688244782481,-30.117217362898106,85.20721662560086,72.34688244782481,Sp0310-2756
23.865522136525982,None,-58.15711611434831,53.86552213652598,-56.86425177731903,59.19554899947139,53.86552213652598,Sp0311+0106
42.198086727973546,None,-26.36198095962259,72.19808672797355,-25.73862521956759,84.66558119957057,72.19808672797355,Sp0311-3239
10.260075386385083,None,-69.94106517055889,40.26007538638508,-69.05328444525803,44.43588792258035,40.26007538638508,Sp0314+1603
-1.4246352791627324,None,-75.52053340638577,28.575364720837268,-74.52564974873687,31.8571616816398,28.575364720837268,Sp0314+2840
36.29397269127246,None,-12.962663794731906,66.29397269127246,-12.737857418638622,72.63046356434317,66.29397269127246,Sp0314-4623
-0.5,None,-37.3740344214902,-21.28916424454145,-37.411145703439296,-20.71686704698272,-21.28916424454145,Sp0315+8122
41.050560289938744,None,-29.74750641395201,71.05056028993874,-29.734274387569556,86.8124049906734,71.05056028993874,Sp0316-2848
-0.5,None,-66.03400370476142,9.29722685682636,-66.78957907432647,11.830700174702661,9.29722685682636,Sp0319+4848
39.84749725999586,None,-21.704253438739652,69.84749725999586,-21.965283401026543,81.88039607599109,69.84749725999586,Sp0319-3703
6.976142768145735,None,-70.47543702599856,36.976142768145735,-72.1592928649313,41.70640093983051,36.976142768145735,Sp0320+1854
27.40163890555084,None,-51.86281771462982,57.40163890555084,-52.65208869925972,65.31974042956818,57.40163890555084,Sp0320-0446
29.357233146386378,None,-4.070930831110402,59.35723314638638,-4.351388326773942,63.929097232538645,59.35723314638638,Sp0320-5520
-0.5,None,-72.03311072260776,18.587073433578475,-73.76783572510818,21.848094659059004,18.587073433578475,Sp0321+3847
36.75451347192376,None,-15.696131906788464,66.75451347192376,-16.360471599193644,76.17068737318742,66.75451347192376,Sp0323-4304
29.85397758006561,None,-5.04381895861871,59.85397758006561,-5.612603862458832,65.13414289247388,59.85397758006561,Sp0324-5410
10.698861856243745,None,17.23356297396749,40.698861856243745,17.050372191045696,41.87285281394678,40.698861856243745,Sp0324-7727
10.708174236060934,None,-66.67097453124997,40.708174236060934,-69.64943318709834,46.44374689771078,40.708174236060934,Sp0325+1412
27.39229988489563,None,-50.315676996622564,57.39229988489563,-52.156405961802506,66.49054422028601,57.39229988489563,Sp0325-0551
6.630488702533313,None,21.56516538291578,36.63048870253331,21.446247615223427,37.33944746110561,36.63048870253331,Sp0325-8159
6.011889069178615,None,-69.58072026876738,36.011889069178615,-73.47889851864868,41.33807517344309,36.011889069178615,Sp0326+1919
38.13689236919849,None,-32.94630849540418,68.13689236919849,-34.24265656536405,85.26092961507203,68.13689236919849,Sp0326-2443
36.52601301956565,None,-16.000542719131495,66.52601301956565,-16.94396224155157,76.69542279876838,66.52601301956565,Sp0326-4236
12.72435707998028,None,-64.2288203611521,42.72435707998028,-67.94682719797446,49.171754028005694,42.72435707998028,Sp0328+1129
-6.697080214607805,None,-72.24146749237876,23.302919785392195,-77.45285982348823,27.604835909395106,23.302919785392195,Sp0329+3304
-5.666501488471933,None,-71.97387108716984,24.333498511528067,-78.0890897861083,28.9018694907914,24.333498511528067,Sp0330+3146
-0.5,None,-60.793859325135436,3.62168575916292,-63.12556923532843,6.446133760074869,3.62168575916292,Sp0330+5413
22.418470364282122,None,-54.445027643301515,52.41847036428212,-57.64335582226589,61.09909645497891,52.41847036428212,Sp0330-0025
32.87483476701322,None,-10.114949139997963,62.87483476701322,-11.244160503233264,70.74230781700584,62.87483476701322,Sp0330-4835
-0.5,None,-26.91865990759565,68.02107313097407,-28.745553007422668,88.61645744787941,68.02107313097407,Sp0331-3042
-0.5,None,-33.788335995932144,66.39220985464372,-35.97224623193149,83.96516462996301,66.39220985464372,Sp0332-2317
-0.5,None,-70.10517706690345,18.646987526736563,-76.52836598662408,23.004738777447713,18.646987526736563,Sp0334+3740
-0.5,None,-35.24544979309395,65.25484251626153,-37.82804521185211,82.15109540205515,65.25484251626153,Sp0334-2130
-0.5,None,-8.665319497370902,61.56518189524834,-10.10145265259855,69.42993963049904,61.56518189524834,Sp0334-4953
-0.5,None,-59.67572854630933,45.64852970413901,-64.91774687485136,53.68851349403748,45.64852970413901,Sp0335+0658
-0.5,None,-46.83699126749935,57.598107786035136,-50.47341059544908,69.13531761106617,57.598107786035136,Sp0335-0829
-0.5,None,-13.641976395633668,64.13834943288107,-15.43829511494874,74.78697383277819,64.13834943288107,Sp0335-4430
-0.5,None,-4.017707676777479,58.111790668853885,-5.604201535788955,64.70530610529879,58.111790668853885,Sp0338-5435
-0.5,None,-69.15799251642794,29.61415946774116,-79.10670782617622,35.67753843193081,29.61415946774116,Sp0339+2457
-0.5,None,-21.907636199006635,66.15450888190254,-24.486785725264163,83.64656834496287,66.15450888190254,Sp0339-3525
-0.5,None,-20.567158076695044,65.82420502495407,-23.144884351224338,82.27431223276314,65.82420502495407,Sp0340-3649
-0.5,None,-64.1244183720805,8.959838930427951,-69.71512594587834,12.945691763550908,8.959838930427951,Sp0341+4741
-0.5,None,-64.76585465142585,10.01801522935611,-70.8089327158192,14.142889905682459,10.01801522935611,Sp0342+4629
-0.5,None,-53.85433860556203,49.04403079682757,-60.341190513308,59.32516674788405,49.04403079682757,Sp0344+0111
-0.5,None,-68.08160200114956,28.36144742404187,-80.6046656223152,34.8915292861877,28.36144742404187,Sp0345+2540
-0.5,None,-52.920315200361806,-4.880000881254849,-56.03727868739789,-1.9757722639846171,-4.880000881254849,Sp0346+6236
-0.5,None,-50.72246185646372,51.34480482662382,-57.14449825129044,62.74479427446727,51.34480482662382,Sp0346-0218
-0.5,None,-36.927263273596054,61.10470807533117,-41.683001645074334,78.32921291790683,61.10470807533117,Sp0347-1814
-0.5,None,-60.71673236683682,40.23866987925875,-70.26084897336186,49.031064979160746,40.23866987925875,Sp0348+1126
-0.5,None,9.512308048793777,47.115460583706195,8.037700270503883,50.6437913669148,47.115460583706195,Sp0348-6836
-0.5,None,-51.1706849379478,49.48185539081875,-58.835642621856856,61.161658730373574,49.48185539081875,Sp0351-0052
-0.5,None,-36.77868996071164,60.00848150385562,-42.24651924279504,77.62792930909052,60.00848150385562,Sp0351-1751
-0.5,None,-53.37782217590294,46.99584651504373,-61.8679637364134,58.09378319436578,46.99584651504373,Sp0352+0210
-0.5,None,1.651095099055478,53.11828133083011,-0.6233173079009479,59.190293341912536,53.11828133083011,Sp0352-5955
-0.5,None,-21.480978563518466,63.411283100560574,-25.665076603227185,82.8664456818828,63.411283100560574,Sp0353-3441
-0.5,None,-65.56754575016116,29.49949150270853,-80.87366691689544,37.11245607158872,29.49949150270853,Sp0354+2316
-0.5,None,-65.72286804483628,28.556690783380294,-81.64649994851867,36.10237771728361,28.556690783380294,Sp0354+2416
-0.5,None,-67.01631911242173,20.57677500619604,-82.0962614408706,26.885465249648302,20.57677500619604,Sp0354+3333
-0.5,None,-39.245040764017176,57.7693685808001,-45.54501423975858,74.35528226747407,57.7693685808001,Sp0354-1437
-0.5,None,-53.13155072919254,46.062381022408026,-62.533762663265335,57.50033752310916,46.062381022408026,Sp0355+0237
-0.5,None,-61.30668769432209,36.58762094840966,-73.91876734710515,45.630545974942756,36.58762094840966,Sp0355+1439
-0.5,None,-65.0617307360793,13.977070774339026,-77.05336637878581,19.64218376603141,13.977070774339026,Sp0356+4047
-0.5,None,-61.423337809224975,35.662676883153736,-74.85055821613754,44.74891949626908,35.662676883153736,Sp0357+1529
-0.5,None,-64.80611509195302,13.606162837228766,-76.82495570583208,19.28853322680352,13.606162837228766,Sp0357+4107
-0.5,None,-40.364529738412486,56.10288687947133,-47.44844496538395,72.39109734134368,56.10288687947133,Sp0357-1249
-0.5,None,-65.55268780549906,25.596376248996332,-83.89476857846822,33.11207113649866,25.596376248996332,Sp0358+2710
-0.5,None,-66.03051794823423,23.14931817843133,-84.18592590652796,30.254240110416223,23.14931817843133,Sp0358+3003
-0.5,None,-34.5653103650595,58.773382218572216,-41.192843190738756,77.9408242389888,58.773382218572216,Sp0400-1913
-0.5,None,-65.2188195365125,23.8618813237594,-84.8828801052179,31.39100709854799,23.8618813237594,Sp0401+2849
-0.5,None,-63.304755690035286,11.219982993225685,-74.97131493828307,16.889249743521997,11.219982993225685,Sp0401+4327
-0.5,None,-64.42611267945975,25.867267203101356,-84.34312717970856,33.879888442611964,25.867267203101356,Sp0403+2616
-0.5,None,-63.460232448165264,12.681925401710561,-77.05359852994069,18.802638227389863,12.681925401710561,Sp0404+4127
-0.5,None,-36.57524045072144,55.77080716805347,-44.70806791140943,74.21625682966032,55.77080716805347,Sp0407-1552
-0.5,None,-54.5423884440753,40.201761203599254,-68.1436485931335,51.903301365199404,40.201761203599254,Sp0408+0742
-0.5,None,-37.25636543242402,54.960143077389,-45.769983455146296,73.14781919383088,54.960143077389,Sp0408-1450
-0.5,None,-44.248974948428824,49.74301261129886,-54.50394009534041,65.07315709940396,49.74301261129886,Sp0409-0605
-0.5,None,-57.3437663409835,35.66457140535565,-73.52270309079375,46.54432052477434,35.66457140535565,Sp0410+1304
-0.5,None,-36.84977046823633,54.592029381825824,-45.66542219243511,73.02044296056644,54.592029381825824,Sp0410-1459
-0.5,None,-62.641381511082734,15.44227467680648,-81.72234274121372,22.777915788046524,15.44227467680648,Sp0413+3709
-0.5,None,-26.22361148012058,58.37770521345152,-33.653143217649124,80.37055888589688,58.37770521345152,Sp0413-2704
-0.5,None,-56.18296097021499,34.655785514197945,-73.85839669170355,46.09253630340047,34.655785514197945,Sp0416+1310
-0.5,None,2.6044409854040724,51.01038555216949,-1.1814839054684245,58.78790097522735,51.01038555216949,Sp0416-5935
-0.5,None,-57.7901835852714,31.899373356119305,-77.24745021380879,42.75956888169657,31.899373356119305,Sp0417+1634
-0.5,None,-41.4785366675623,49.30789535447141,-52.74937788907938,66.04013630275838,49.30789535447141,Sp0417-0800
-0.5,None,-30.48334667485163,55.85060494355833,-39.27452376191154,76.88456664933274,55.85060494355833,Sp0417-2129
-0.5,None,-60.37326960737234,10.247943264707434,-76.61522257805238,17.24944799397107,10.247943264707434,Sp0419+4233
-0.5,None,-35.54542428857827,52.583470795214936,-45.79704736089502,71.74051978241498,52.583470795214936,Sp0420-1458
-0.5,None,12.059869961227584,44.12046697003276,9.308788878166284,48.64013353620347,44.12046697003276,Sp0420-7005
-0.5,None,5.978342516664969,48.49000402413135,2.309261064963784,55.27933541781057,48.49000402413135,Sp0421-6306
-0.5,None,-17.503139326952116,57.46056762021019,-24.688493803792387,77.29731520608057,57.46056762021019,Sp0422-3606
-0.5,None,-43.35211342740885,45.785124088156685,-56.555872183813854,61.97884570747434,45.785124088156685,Sp0423-0414
-0.5,None,-59.07397908495483,24.90445062687124,-84.82239244893161,35.09731876984193,24.90445062687124,Sp0424+2402
-0.5,None,-48.4408482920822,40.10419981254131,-64.39857069340871,54.50610364958037,40.10419981254131,Sp0426+0336
-0.5,None,-51.68337980603802,36.13346141977167,-69.76785870393137,49.38657799258073,36.13346141977167,Sp0427+0859
-0.5,None,-50.43609083022976,36.93292564748909,-68.24782384333778,50.66724900470814,36.93292564748909,Sp0428+0728
-0.5,None,-20.754064263508685,55.753226244381125,-29.385440537551133,77.29637589871786,55.753226244381125,Sp0429-3123
-0.5,None,-9.969340706346657,55.30857425520593,-16.691864055956245,71.28180300670806,55.30857425520593,Sp0429-4405
-0.5,None,9.637722703201593,45.57580445452064,6.037587302191492,51.48380486167278,45.57580445452064,Sp0429-6649
-0.5,None,-38.75805018741694,47.11131934888892,-51.948277825974486,65.16728742711867,47.11131934888892,Sp0430-0849
-0.5,None,-50.52748563771286,-5.806860998387077,-58.59572422516249,-0.7666160102100958,-5.806860998387077,Sp0431+6035
-0.5,None,-40.07830320648775,45.51704605998126,-54.08023322409868,63.10290854051087,45.51704605998126,Sp0432-0639
-0.5,None,-52.555661934410075,-2.660097234398663,-62.58056171926514,3.072579566460218,-2.660097234398663,Sp0433+5635
-0.5,None,-19.56382511346512,54.86234194431648,-28.581039678452125,76.22250264877508,54.86234194431648,Sp0433-3210
-0.5,None,-56.4606040297349,24.321434188283543,-83.27940241192688,35.53339263280967,24.321434188283543,Sp0435+2254
-0.5,None,-33.9047771616485,49.0277649962826,-46.47505385739377,68.86486712154456,49.0277649962826,Sp0435-1414
-0.5,None,-32.44162112319234,49.889995401885116,-44.608211641893334,70.21497462015601,49.889995401885116,Sp0435-1606
-0.5,None,-55.82025222373352,3.9534408027453716,-70.91305055199037,11.129524510365998,3.9534408027453716,Sp0436+4810
-0.5,None,-54.29283477130707,0.6952306053451138,-66.9196195450895,7.237411677037575,0.6952306053451138,Sp0436+5211
-0.5,None,-26.21104915274507,52.40178362426045,-37.07585155807607,74.24313475874143,52.40178362426045,Sp0436-2338
-0.5,None,-52.95648631623066,28.725900974601625,-76.62635089736433,41.51792412534888,28.725900974601625,Sp0439+1615
-0.5,None,-25.72767867579582,52.01941121345465,-36.79987090077359,73.9043535058011,52.01941121345465,Sp0439-2353
-0.5,None,-18.552908085366777,53.734432051003125,-28.098860128222334,74.99269647655777,53.734432051003125,Sp0439-3235
-0.5,None,5.335170230318579,47.779207614132474,0.33682422692794883,56.281931752918254,47.779207614132474,Sp0439-6105
-0.5,None,-39.59914513552365,43.27324669961692,-55.09195425283916,61.102767353943605,43.27324669961692,Sp0440-0530
-0.5,None,-33.090506748275914,47.439403754709616,-46.65660794747397,67.52270099491552,47.439403754709616,Sp0442-1356
-0.5,None,-18.5880500132041,52.92588704705464,-28.60656121733523,74.31679853076811,52.92588704705464,Sp0443-3202
-0.5,None,-14.395333039832238,52.98470750524799,-23.703685415596023,72.88201488614932,52.98470750524799,Sp0444-3655
-0.5,None,-48.35496335812158,32.49514549427934,-69.85278573454671,47.114463945816205,32.49514549427934,Sp0445+0938
-0.5,None,-38.37251599904889,42.61622858965811,-54.409962121671306,60.89739592113579,42.61622858965811,Sp0445-0602
-0.5,None,-19.239735236817634,52.15362989920314,-29.781164869440808,73.78038767053809,52.15362989920314,Sp0445-3048
-0.5,None,-14.474476947673294,52.798270314077456,-23.90983940710314,72.79045982509778,52.798270314077456,Sp0445-3642
-0.5,None,-0.6681619242621699,50.16586071481762,-7.311533630316929,62.379902111891376,50.16586071481762,Sp0445-5321
-0.5,None,-54.11503318398476,2.534313517645797,-70.04301925186496,10.141356523863893,2.534313517645797,Sp0446+4844
-0.5,None,-50.46590996054036,28.60777677108907,-74.49057099827387,42.35033681448095,28.60777677108907,Sp0447+1436
-0.5,None,-55.14036453085752,18.36234130096856,-84.92130481299833,29.514921938550494,18.36234130096856,Sp0447+2819
-0.5,None,-6.051642049220531,51.53109749821804,-14.012035605691487,67.13465737541318,51.53109749821804,Sp0448-4636
-0.5,None,-52.715635792768595,-0.029616012522766244,-67.12401475607459,7.240657134157117,-0.029616012522766244,Sp0449+5138
-0.5,None,-40.14251178338192,39.72669111765962,-57.795385243172504,57.381306422180025,39.72669111765962,Sp0449-0228
-0.5,None,-43.34228195841521,35.836081778570126,-63.147635412437616,52.33147622286002,35.836081778570126,Sp0451+0305
-0.5,None,-15.993930991266357,51.509476285755206,-26.457036494079315,72.4031825135702,51.509476285755206,Sp0451-3402
-0.5,None,3.8909339178744684,47.60691553487259,-2.3024013417444174,57.86747261194126,47.60691553487259,Sp0451-5818
-0.5,None,-51.68290061535121,23.304363105315254,-79.1981423580722,36.303085006271424,23.304363105315254,Sp0453+2033
-0.5,None,-28.32322193293415,46.7135150391761,-42.428468968972346,67.9936471027297,46.7135150391761,Sp0453-1751
-0.5,None,-2.905539257290568,49.928890288235245,-10.774051595302478,64.25237745407271,49.928890288235245,Sp0454-4945
-0.5,None,-42.28690812421069,35.24136930151454,-62.55424246933856,52.10322894934993,35.24136930151454,Sp0455+0244
-0.5,None,-51.39765706762939,-1.5749333611045873,-65.69458260846628,5.784598923781075,-1.5749333611045873,Sp0455+5252
-0.5,None,-20.962404503577982,49.303993985657726,-33.28790468933457,71.28784887148616,49.303993985657726,Sp0455-2701
-0.5,None,-33.99298668062124,42.27333682467992,-50.52457983424125,61.97040303348272,42.27333682467992,Sp0456-0932
-0.5,None,-54.00064412099405,10.926637579334706,-80.15139737939919,21.267352013895486,10.926637579334706,Sp0457+3622
-0.5,None,-15.050624248630795,49.642410509624455,-26.438673980129252,70.60425102038487,49.642410509624455,Sp0459-3348
-0.5,None,-41.79708320597991,33.815209308410466,-62.96812893477253,50.815276485428406,33.815209308410466,Sp0500+0330
-0.5,None,-42.41281678848518,32.97147233341106,-64.0681123366207,49.73965116390251,32.97147233341106,Sp0500+0442
-0.5,None,-19.744832208701474,47.538270889108205,-32.935371783682726,69.4978921429232,47.538270889108205,Sp0503-2705
-0.5,None,-43.63258206142759,29.544762907336917,-67.30251830837922,45.778348211275286,29.544762907336917,Sp0505+0836
-0.5,None,-1.5319377828628937,47.88326172704778,-10.309321801820285,62.61040322818448,47.88326172704778,Sp0506-4956
-0.5,None,-51.41213563115617,11.613110004033043,-79.75715567060544,23.215013521525417,11.613110004033043,Sp0508+3319
-0.5,None,-26.640932570052282,42.926119865550405,-42.80167148196726,64.3552638447767,42.926119865550405,Sp0508-1647
-0.5,None,-50.038252005496226,15.82972557739197,-79.8193884877798,28.661531851551683,15.82972557739197,Sp0510+2714
-0.5,None,-4.098841115951494,47.69141793262862,-13.973391076857895,64.28641216496281,47.69141793262862,Sp0511-4606
-0.5,None,-3.869920828516419,47.55661934038207,-13.755746197570378,64.08130756419527,47.55661934038207,Sp0511-4618
-0.5,None,-19.06062614725605,45.42009519698082,-33.340365992900885,67.39478304876276,45.42009519698082,Sp0512-2617
-0.5,None,-16.480864114367275,46.41706714887506,-29.901288067222907,68.0904035063725,46.41706714887506,Sp0512-2949
-0.5,None,-46.41180094379488,-8.188591611881726,-58.80701889701237,-1.1171498551394456,-8.188591611881726,Sp0515+5911
-0.5,None,-44.24787488525379,-11.935119416559303,-53.914792208984984,-5.927570844509158,-11.935119416559303,Sp0515+6424
-0.5,None,-47.14325713566185,-6.489440123215556,-61.05678477702088,1.1335984131144452,-6.489440123215556,Sp0516+5640
-0.5,None,-16.7977801560681,44.80435634466705,-31.14386136708387,66.62519523269746,44.80435634466705,Sp0517-2816
-0.5,None,-12.705233630495568,46.00746334063919,-25.757303209736587,66.95021628152384,46.00746334063919,Sp0517-3349
-0.5,None,-47.57485142155114,16.40584347760111,-77.22637315477975,30.23696156452676,16.40584347760111,Sp0518+2435
-0.5,None,-37.6329753381577,-20.630571126497106,-42.30886012388862,-17.12293289529213,-20.630571126497106,Sp0520+7626
-0.5,None,-38.244087786466636,28.304513477987932,-62.46764619810353,46.19488810785338,28.304513477987932,Sp0522+0518
-0.5,None,-48.926602840270725,8.107522241801417,-76.38173666518675,20.046663379834317,8.107522241801417,Sp0522+3534
-0.5,None,-46.06187418298262,-7.867413917826513,-59.64299189490745,-0.27710794499833474,-7.867413917826513,Sp0522+5754
-0.5,None,-35.311360451483246,31.624869840595128,-57.72350334918565,50.53545420174481,31.624869840595128,Sp0522-0002
-0.5,None,-48.45701318982966,0.17078178828211837,-69.3391502529951,10.114627328435853,0.17078178828211837,Sp0523+4623
-0.5,None,-26.013595916061757,38.52322524147227,-44.481978448156454,59.863860886458795,38.52322524147227,Sp0523-1403
-0.5,None,4.8315387346239405,44.16898863969351,-3.770463098022284,56.662352448842896,44.16898863969351,Sp0523-5607
-0.5,None,20.208427213109736,36.4832730984782,16.568006168225036,40.573978262057786,36.4832730984782,Sp0523-7658
-0.5,None,-44.94093186851785,17.701757891502666,-74.12208343757518,32.62044205206563,17.701757891502666,Sp0525+2102
-0.5,None,0.9272155936645752,44.602541121886,-9.178444054544904,59.708057839577,44.602541121886,Sp0526-5026
-0.5,None,-35.81643506128849,28.627004059073585,-59.76289651894088,47.2338121935665,28.627004059073585,Sp0528+0258
-0.5,None,-47.54362884736835,-0.984548876812143,-68.18999929775434,9.03066808143499,-0.984548876812143,Sp0528+4712
-0.5,None,-20.792009249049425,39.616049751367115,-38.31101096922667,61.561998801616795,39.616049751367115,Sp0529-2002
-0.5,None,-41.428244250444024,20.714098711613225,-69.30190099294666,37.09085218205195,20.714098711613225,Sp0530+1503
-0.5,None,-43.36584163155624,-12.05766898376811,-54.70498673851775,-5.221057236238205,-12.05766898376811,Sp0530+6253
-0.5,None,-34.754997545827166,28.38610605147439,-58.75968204981125,47.26758121668045,28.38610605147439,Sp0531+0215
-0.5,None,-35.586323398347645,26.886637488904604,-60.35070528184137,45.450560756815236,26.886637488904604,Sp0532+0418
-0.5,None,23.92729963384602,33.673361373484674,21.485967709509136,36.183090812064506,33.673361373484674,Sp0532-8157
-0.5,None,-34.95463928709166,27.310094869304216,-59.48078571974325,46.07210041728311,27.310094869304216,Sp0533+0323
-0.5,None,-46.87498594473077,5.038282364846738,-73.469102368053,17.164028508292915,5.038282364846738,Sp0533+3740
-0.5,None,-46.15835451012943,-4.18603681093293,-64.75508998769203,5.3230644167596735,-4.18603681093293,Sp0533+5054
-0.5,None,-23.215441894737467,36.561131844810205,-42.48910079801178,58.20216201069456,36.561131844810205,Sp0534-1511
-0.5,None,-26.850535014338387,33.87076505287078,-47.720318237842406,54.849072393353474,33.87076505287078,Sp0535-0931
-0.5,None,-27.254069194224993,32.81943809654975,-48.66356297037453,53.67049466786584,32.81943809654975,Sp0537-0816
-0.5,None,-45.85498893754714,2.1374283512641505,-71.00275603557834,13.98260330553647,2.1374283512641505,Sp0539+4038
-0.5,None,-45.710571436819286,-2.3257620411690167,-66.9303387062843,8.188380490215796,-2.3257620411690167,Sp0539+4712
-0.5,None,-44.914437392252715,-6.214976101686025,-62.614692299907325,3.130532741352489,-6.214976101686025,Sp0539+5253
-0.5,None,-31.171670450532652,28.481437796506555,-54.901139197588314,48.2653866483518,28.481437796506555,Sp0539-0059
-0.5,None,-0.1375525151687096,42.82907300604447,-11.85171514519881,59.553663400192015,42.82907300604447,Sp0539-4708
-0.5,None,-34.306490544878756,23.095901409092168,-60.616024875333025,41.74251616294326,23.095901409092168,Sp0544+0639
-0.5,None,-24.111785795861838,32.713960191018565,-45.3314433406363,54.073696244228906,32.713960191018565,Sp0544-1109
-0.5,None,-22.768338967864572,33.55856507038738,-43.47016325305697,55.13134494989072,33.55856507038738,Sp0544-1309
-0.5,None,-15.307552143391533,38.110138803324546,-32.973026928375276,60.07015461365458,38.110138803324546,Sp0544-2433
-0.5,None,-42.84115685695216,-9.00181858446635,-59.76469955147264,0.30494597313810035,-9.00181858446635,Sp0551+5511
-0.5,None,-29.108479951098936,25.31330253697369,-54.059483237691616,45.35747305253977,25.31330253697369,Sp0552-0002
-0.5,None,13.550704865566297,38.71239793440266,5.612233659112995,48.2044290645417,38.71239793440266,Sp0552-6452
-0.5,None,18.009228307341463,36.81914556916991,11.956526232426219,43.548143513896896,36.81914556916991,Sp0553-7133
-0.5,None,-36.457993925148855,15.357431834609958,-65.46106264266407,32.73750005765699,15.357431834609958,Sp0555+1608
-0.5,None,6.528064104540995,39.97146409542994,-4.486835995963338,54.14522525082189,39.97146409542994,Sp0555-5402
-0.5,None,-32.6002231247972,20.030720626678413,-59.89038949223964,38.88009673524769,20.030720626678413,Sp0556+0802
-0.5,None,-36.17068056596429,15.474278063294934,-65.12257446515262,32.94943223873352,15.474278063294934,Sp0556+1546
-0.5,None,-3.8126571873453594,38.944065020800366,-18.938716119088713,58.650921401115625,38.944065020800366,Sp0556-3832
-0.5,None,-28.46885881992649,23.748248576207356,-53.9942297582963,43.82454009583758,23.748248576207356,Sp0557+0048
-0.5,None,-36.45282132136755,14.389748269590765,-65.65913722211899,31.67044871045273,14.389748269590765,Sp0557+1708
-0.5,None,-33.01285230966347,17.12152484646281,-61.25303511843309,35.619112689558634,17.12152484646281,Sp0601+1115
-0.5,None,-41.32595047999693,-0.25725336306470575,-67.60207792768995,12.963035332120528,-0.25725336306470575,Sp0602+3910
-0.5,None,-21.667646233015393,27.782763675690255,-44.878118853861295,49.23690845112181,27.782763675690255,Sp0602-0915
-0.5,None,-21.37303195043978,28.34233336137473,-44.313229861090484,49.85722246225032,28.34233336137473,Sp0602-1001
-0.5,None,24.509342171867043,32.8702617206201,21.3916910370757,35.891125161236175,32.8702617206201,Sp0603-8127
-0.5,None,-36.80803053108723,9.85469711613893,-66.57228365126623,26.4977866549063,9.85469711613893,Sp0604+2219
-0.5,None,-38.89735399718357,5.6725029085328735,-68.25805682858882,21.020797527245943,5.6725029085328735,Sp0604+2906
-0.5,None,-39.992518931069334,3.0859264073398176,-68.4147121748057,17.573782145168092,3.0859264073398176,Sp0604+3322
-0.5,None,-12.293554402685123,33.35182555649644,-31.873534616426262,55.27911355297633,33.35182555649644,Sp0605-2342
-0.5,None,-36.90802080094952,7.993874972681252,-66.67161939614293,24.356228413500016,7.993874972681252,Sp0607+2429
-0.5,None,-40.884059329976154,-5.148828419781789,-63.91072167230132,6.877049992279973,-5.148828419781789,Sp0607+4550
-0.5,None,-31.223177530696702,16.035855108948162,-59.59169180568771,34.89056464088657,16.035855108948162,Sp0608+1041
-0.5,None,-2.5061237922974144,36.290223387576276,-18.787212481640385,56.18687894798692,36.290223387576276,Sp0609-3739
-0.5,None,-4.854083096631857,35.196948764365644,-22.23428751678301,55.921830585439494,35.196948764365644,Sp0610-3346
-0.5,None,-38.46608862745133,1.8128138470021489,-66.84002335046016,16.621804963281868,1.8128138470021489,Sp0611+3325
-0.5,None,-37.624866630604025,-18.708319337966376,-47.91655178800819,-12.00951267040572,-18.708319337966376,Sp0611+6818
-0.5,None,6.4710797461126806,37.560223916842766,-6.282221736324802,53.12427795847683,37.560223916842766,Sp0611-5109
-0.5,None,-38.92939180371129,-1.7121372662857044,-65.54294389402085,12.154374773219141,-1.7121372662857044,Sp0614+3833
-0.5,None,-39.62209474761005,-6.006689411668932,-62.92955594467708,6.359510683426542,-6.006689411668932,Sp0614+4536
-0.5,None,-12.768856066543565,30.12229615794514,-33.90779623108029,52.127299975943075,30.12229615794514,Sp0614-2019
-0.5,None,-23.704392316723773,20.888338456965563,-49.81854353897946,41.67334798601437,20.888338456965563,Sp0615-0100
-0.5,None,-39.4333480730294,-8.724324303629862,-60.525092237848426,2.778742086634371,-8.724324303629862,Sp0616+4946
-0.5,None,-39.06583684401388,-13.174363236809212,-55.69796400976027,-3.5181886686570643,-13.174363236809212,Sp0616+5729
-0.5,None,3.742987378567023,36.41702992273854,-10.731907188718889,53.892753580633226,36.41702992273854,Sp0616-4557
-0.5,None,8.497208614576376,36.365442797199236,-4.244710803093582,51.362491309847165,36.365442797199236,Sp0619-5249
-0.5,None,-30.604632827132914,10.360717542647528,-60.057299256944276,28.82233305556044,10.360717542647528,Sp0621+1555
-0.5,None,-13.910072492052194,26.45664900663062,-36.78137695158934,48.450356193790505,26.45664900663062,Sp0622-1548
-0.5,None,-10.126288760716593,29.095649516233063,-31.346440526918197,51.02552277229182,29.095649516233063,Sp0622-2211
-0.5,None,-34.22344810238766,3.9538784231316177,-63.7857370435298,20.5800659063864,3.9538784231316177,Sp0623+2631
-0.5,None,-38.316717040626045,-10.706188656366374,-58.5632893680889,0.6240627869862779,-10.706188656366374,Sp0623+5137
-0.5,None,18.26015851827908,35.0183347886758,10.24732369605682,43.4986720173429,35.0183347886758,Sp0623-6838
-0.5,None,-34.533518549990966,2.754065743256482,-63.883838041600235,19.094893208910936,2.754065743256482,Sp0624+2815
-0.5,None,-36.78280727297727,-18.828433297093905,-48.56593136713995,-11.281871128590149,-18.828433297093905,Sp0624+6626
-0.5,None,4.560083825896829,34.83764551572975,-10.612156187490394,52.52326382649781,34.83764551572975,Sp0624-4521
-0.5,None,-16.436734240293635,23.55772826674585,-40.77395419183792,45.3592356755118,23.55772826674585,Sp0625-1034
-0.5,None,-22.34599149290973,17.725771352686834,-49.360588454437874,38.53455960333369,17.725771352686834,Sp0626+0041
-0.5,None,-35.79002281347719,-1.5521805091479637,-63.66401299314183,13.573644662170686,-1.5521805091479637,Sp0626+3454
-0.5,None,-37.628874341396056,-14.063949759696191,-54.9954980240353,-3.892558174930762,-14.063949759696191,Sp0627+5651
-0.5,None,-10.785527984121467,26.044177889948294,-33.411590951872704,48.050089454582796,26.044177889948294,Sp0630-1840
-0.5,None,23.05236103501521,33.02349026539205,17.688339527675996,38.21332569517334,33.02349026539205,Sp0630-7643
-0.5,None,-31.7716832738926,-26.84848350135276,-35.02204966149478,-24.34242552142915,-26.84848350135276,Sp0632+8305
-0.5,None,-15.266149007237626,21.845005935448683,-40.10660934432189,43.676278926015065,21.845005935448683,Sp0632-1009
-0.5,None,8.483977736181652,34.18119451990361,-5.742416554821974,50.251930849987055,34.18119451990361,Sp0632-5010
-0.5,None,-31.033723777280102,3.165369342174113,-60.714172634394785,20.64341456167755,3.165369342174113,Sp0634+2413
-0.5,None,-17.925512518103993,18.18708951618529,-44.326786507696355,39.63093738049448,18.18708951618529,Sp0635-0403
-0.5,None,-5.780550035064797,25.8792863208794,-27.7322463848415,47.62397867310678,25.8792863208794,Sp0640-2352
-0.5,None,5.7453716116702465,31.574052524647087,-10.97391683151057,49.83789501507668,31.574052524647087,Sp0641-4322
-0.5,None,18.968984795386174,33.36998631150624,9.757472159184594,42.754076401394165,33.36998631150624,Sp0642-6707
-0.5,None,-26.192066929020914,5.75786738108172,-55.886644436948444,24.81973783284482,5.75786738108172,Sp0643+1631
-0.5,None,-17.090974540918058,15.601183313108235,-44.18941303531379,37.013621829960904,15.601183313108235,Sp0643-0223
-0.5,None,-8.191806317220474,23.21040729205956,-31.599708695632433,45.188284941590084,23.21040729205956,Sp0643-1843
-0.5,None,-34.01274861119635,-23.022080051850864,-43.18838631663319,-16.739354291352186,-23.022080051850864,Sp0644+7206
-0.5,None,-2.28852921382931,26.84464913433796,-23.223397838062994,48.09263339416557,26.84464913433796,Sp0644-2841
-0.5,None,27.026654349891103,30.794720896054177,24.55191323644056,32.97043129321074,30.794720896054177,Sp0644-8422
-0.5,None,-5.766992399351552,23.755595412666,-28.601205897295372,45.594209614497665,23.755595412666,Sp0646-2150
-0.5,None,18.754716319221092,32.78788630599915,8.786183413643002,42.87346045589818,32.78788630599915,Sp0648-6537
-0.5,None,-33.332460876684344,-12.276234427877865,-56.35901278251125,1.0938245429356601,-12.276234427877865,Sp0652+4710
-0.5,None,-7.681004877142944,20.06904085357936,-32.206327839353584,42.0741172537143,20.06904085357936,Sp0652-1614
-0.5,None,-2.585192709058256,24.03069347418012,-24.797916004895193,45.552352023432725,24.03069347418012,Sp0652-2534
-0.5,None,-31.031469848723752,-27.58791062088508,-34.41893088327427,-25.001927825810117,-27.58791062088508,Sp0655+8318
-0.5,None,-25.692916700883757,0.14354963257960876,-55.386715749674046,18.683161510870885,0.14354963257960876,Sp0656+2211
-0.5,None,-33.498279606132925,-22.518258831800193,-44.86261866286895,-14.940405521545536,-22.518258831800193,Sp0656+6841
-0.5,None,-22.879604789773904,1.9667213299415351,-52.656000352958,21.386544446819833,1.9667213299415351,Sp0659+1717
-0.5,None,-23.84378322826415,0.9842637004815608,-53.61855901007154,20.077671964639183,0.9842637004815608,Sp0659+1920
-0.5,None,-28.212930891972448,-5.82689000665157,-56.572105060635565,11.10010100693912,-5.82689000665157,Sp0700+3157
-0.5,None,17.91907259176245,31.005321414164758,5.782136909295884,43.08483169368738,31.005321414164758,Sp0702-6102
-0.5,None,-17.656456526208245,6.567309027445204,-46.80917888959208,27.365356363684455,6.567309027445204,Sp0703+0711
-0.5,None,-31.382226598818836,-13.592405932780826,-54.76032817429188,0.27979840691821756,-13.592405932780826,Sp0703+4632
-0.5,None,0.7056784693522951,22.58937079761627,-21.54627448273868,43.78160594948177,22.58937079761627,Sp0703-2748
-0.5,None,3.1313520739116623,24.227530783432712,-17.947179082715625,44.792032168915,24.227530783432712,Sp0703-3216
-0.5,None,18.250622801993465,30.959053275502374,6.270463926474272,42.83236389467149,30.959053275502374,Sp0703-6134
-0.5,None,-15.241775651328455,8.336286798508683,-43.90948287814759,29.58274192446154,8.336286798508683,Sp0704+0258
-0.5,None,-27.081886204574598,-5.789926085500036,-55.676654741950784,11.498931415192809,-5.789926085500036,Sp0704+3038
-0.5,None,-31.28987548680308,-14.425172928880917,-54.13785401262144,-0.7800673417121159,-14.425172928880917,Sp0705+4742
-0.5,None,-23.67216663775203,-2.0716866785442667,-53.28868372837025,16.70130401191766,-2.0716866785442667,Sp0706+2234
-0.5,None,-29.121251362756848,-10.403689359767867,-55.479664726454644,5.281077217621247,-10.403689359767867,Sp0706+3858
-0.5,None,1.4589316494164513,21.674780199484474,-21.042146727790374,42.83863464584948,21.674780199484474,Sp0707-2742
-0.5,None,12.661758525384103,28.320187901651945,-3.756060642693375,44.78015545080808,28.320187901651945,Sp0707-4900
-0.5,None,24.330821912607792,30.794772652403207,17.19865630422432,37.28421102592029,30.794772652403207,Sp0710-7431
-0.5,None,-29.402489049548613,-13.358396022873356,-54.07239689285282,1.4665862004368608,-13.358396022873356,Sp0711+4329
-0.5,None,3.341711808088597,21.847030139752977,-18.744175904702875,42.67541505785941,21.847030139752977,Sp0711-3001
-0.5,None,7.715190092230187,24.837145159524795,-12.06280575639366,44.14794303475202,24.837145159524795,Sp0711-3824
-0.5,None,-29.912037042771246,-15.566644793121776,-52.85936663085812,-1.6368836735401266,-15.566644793121776,Sp0713+4732
-0.5,None,-27.14178798936037,-10.770740350801765,-54.050319890610716,5.55815693200179,-10.770740350801765,Sp0714+3702
-0.5,None,-5.373662307445722,13.079521240273097,-31.895487689366874,35.095713294880966,13.079521240273097,Sp0715-1145
-0.5,None,21.307850163970222,29.994416457928477,10.45931449615201,40.228679963407885,29.994416457928477,Sp0715-6544
-0.5,None,-7.881011209867637,10.3914741196119,-35.40842604607753,32.32959124785032,10.3914741196119,Sp0716-0630
-0.5,None,-5.854094811371226,11.893150897305336,-32.76788201779347,33.90364918593303,11.893150897305336,Sp0717-1004
-0.5,None,15.195812089239967,26.93941661663968,-1.161079179105732,42.75654203714707,26.93941661663968,Sp0719-5051
-0.5,None,-6.02659711472627,10.768401653490713,-33.26148249520155,32.76767036082481,10.768401653490713,Sp0720-0846
-0.5,None,-19.184190270088383,-3.6712169597370186,-48.88243108982119,15.954693860050961,-3.6712169597370186,Sp0721+1937
-0.5,None,-25.80386654413664,-12.151030352826726,-52.58609814149459,4.357844254397717,-12.151030352826726,Sp0721+3714
-0.5,None,5.86115218917754,20.13137390269931,-16.47643482303996,40.69186514072454,20.13137390269931,Sp0721-3105
-0.5,None,-11.371557039306698,4.727461341622905,-40.36610043644633,26.219813207002097,4.727461341622905,Sp0722+0243
-0.5,None,-30.133135733755225,-21.02073669922132,-48.242212895588494,-9.460274151650717,-21.02073669922132,Sp0723+5727
-0.5,None,-2.2050677006832577,12.698267666206391,-28.456248009617624,34.66299153242519,12.698267666206391,Sp0723-1439
-0.5,None,-1.5503671186616923,13.615573989299568,-27.438310103828936,35.533399790432284,13.615573989299568,Sp0723-1616
-0.5,None,7.269884731869313,20.546946726415477,-14.610236567560339,40.74974152637898,20.546946726415477,Sp0723-3309
-0.5,None,26.866628415391187,29.995065983225306,22.084495023507024,34.09281389065985,29.995065983225306,Sp0723-8015
-0.5,None,-30.3374375530356,-23.40124403736783,-45.44379772381916,-13.43850522145838,-23.40124403736783,Sp0726+6302
-0.5,None,-30.55883364677821,-27.15004413137473,-38.3792100759672,-21.54689796804057,-27.15004413137473,Sp0729+7554
-0.5,None,4.821821119267816,16.572986426225803,-19.122180122828162,37.707686507184896,16.572986426225803,Sp0729-2608
-0.5,None,12.998815103146484,23.031586877820793,-6.326525109971445,41.07538492229043,23.031586877820793,Sp0729-4258
-0.5,None,-15.616035757505333,-3.688009980377943,-45.39101511907236,16.63805131296191,-3.688009980377943,Sp0730+1553
-0.5,None,-6.371437250100379,6.024613500490282,-34.73504605362405,27.93447658404043,6.024613500490282,Sp0730-0339
-0.5,None,-9.349419068207183,2.630142900669949,-38.51415987585874,24.21991967419572,2.630142900669949,Sp0731+0249
-0.5,None,-22.796342086458477,-12.830914487083735,-50.219439584021465,4.549970036859785,-12.830914487083735,Sp0732+3427
-0.5,None,-29.04464943218042,-22.28731197916442,-46.97546202517162,-10.662002134092747,-22.28731197916442,Sp0732+5755
-0.5,None,2.6105700102470526,13.137680582977197,-22.87166472820207,34.78339771788922,13.137680582977197,Sp0733-2010
-0.5,None,14.011808528339932,22.398820113948304,-5.363011474760247,40.257180372346745,22.398820113948304,Sp0734-4330
-0.5,None,-29.233785717530203,-23.851600404603076,-45.20192901675382,-13.286558698210138,-23.851600404603076,Sp0735+6137
-0.5,None,-17.464882089236912,-8.539262945883106,-46.789734940424765,10.915669648080147,-8.539262945883106,Sp0737+2313
-0.5,None,6.061009052373316,14.607499587721179,-18.404703688701215,35.738851165421,14.607499587721179,Sp0737-2526
-0.5,None,17.38556037608474,23.530039800800644,-0.285486517990398,39.66801319153004,23.530039800800644,Sp0739-4926
-0.5,None,-13.255793491269756,-5.202113105899676,-43.02759027407736,15.39997160721918,-5.202113105899676,Sp0740+1502
-0.5,None,2.596531287748957,10.462638666908205,-23.71505396825202,32.23573614554918,10.462638666908205,Sp0740-1724
-0.5,None,-8.37470679172317,-0.97854014090513,-37.89533823077853,20.5365005607439,-0.97854014090513,Sp0741+0531
-0.5,None,-14.196349030469483,-6.697093752197261,-43.89046485833196,13.612406415381894,-6.697093752197261,Sp0741+1738
-0.5,None,-3.9168963894521034,3.8891094653108507,-32.47983881521645,25.85342457892591,3.8891094653108507,Sp0741-0359
-0.5,None,-2.180502966575661,5.202363213282463,-30.33504930123322,27.215511466320773,5.202363213282463,Sp0741-0706
-0.5,None,8.757774512986733,14.794753530445963,-15.191338918934504,35.466200085995055,14.794753530445963,Sp0743-2836
-0.5,None,17.845091005221747,22.153672570738273,-0.4851498797733187,38.589395827113385,22.153672570738273,Sp0745-4815
-0.5,None,-14.062763607217518,-8.985771989051411,-43.5857126439191,11.129509138167952,-8.985771989051411,Sp0746+2000
-0.5,None,-5.534483651070297,-0.8322538125619163,-34.90181085974701,20.927733708677266,-0.8322538125619163,Sp0748+0228
-0.5,None,-27.367943029043715,-25.618084216722096,-43.50413665838562,-14.720092349587851,-25.618084216722096,Sp0750+6131
-0.5,None,8.757873011151434,11.922300986436918,-16.227275107489678,32.89876149168419,11.922300986436918,Sp0751-2530
-0.5,None,-11.137128063121008,-8.382572274328648,-40.837287312179114,12.302487759325368,-8.382572274328648,Sp0752+1612
-0.5,None,-7.391483657466322,-5.20123674518359,-37.1398561697736,16.199468135337977,-5.20123674518359,Sp0753+0854
-0.5,None,-10.70774310982285,-8.669611620230805,-40.40595553644112,12.060353973599439,-8.669611620230805,Sp0754+1603
-0.5,None,8.919435352882017,10.41951059908294,-16.544130364682267,31.51038961081494,10.41951059908294,Sp0755-2404
-0.5,None,15.017688222336574,15.557673111954568,-7.408891879164334,34.70114142553768,15.557673111954568,Sp0757-3635
-0.5,None,4.196969298982336,4.439394587550952,-23.50673546506314,26.321580289235907,4.439394587550952,Sp0758-1252
-0.5,None,16.48804005466646,16.763247683663717,-5.053781283958108,35.226844318364805,16.763247683663717,Sp0758-3945
-0.5,None,-3.5193571884834736,-3.7449438099650165,-33.070619292513285,18.052682424193456,-3.5193571884834736,Sp0759+0323
-0.5,None,-24.619978036826204,-25.1707145464649,-43.988339218865704,-12.135256297624135,-24.619978036826204,Sp0800+5511
-0.5,None,-24.83403536041049,-25.613892591591444,-43.61442247406385,-12.921777961139862,-24.83403536041049,Sp0801+5624
-0.5,None,-2.8628575315356084,-4.332029433030363,-32.43482777254123,17.488281455103486,-2.8628575315356084,Sp0802+0319
-0.5,None,-5.035810081317396,-7.1193873933451215,-34.80268174880683,14.422770025800855,-5.035810081317396,Sp0803+0827
-0.5,None,-1.7412425687337925,-4.018385382452622,-31.2411634623992,17.872242011656382,-1.7412425687337925,Sp0804+0151
-0.5,None,-2.539300766109125,-4.834623500001506,-32.13682663519321,16.989973665199074,-2.539300766109125,Sp0804+0330
-0.5,None,-25.907572844102834,-27.240370166355856,-41.88820302127682,-16.237611958514147,-25.907572844102834,Sp0804+6153
-0.5,None,-2.540302190307948,-5.583691146796401,-32.18816435718456,16.21744744925634,-2.540302190307948,Sp0805+0417
-0.5,None,-21.697117243353524,-23.888512646410472,-44.13826575248464,-8.802332914301545,-21.697117243353524,Sp0805+4812
-0.5,None,3.7082608675240376,0.7568317707449148,-24.79602527522199,22.736581424613785,3.7082608675240376,Sp0805-0835
-0.5,None,14.404268904250461,12.148320640076559,-9.54533661577495,32.0292716200002,14.404268904250461,Sp0805-3158
-0.5,None,13.19891434731979,10.374839551114674,-11.614434319301525,30.751250681469656,13.19891434731979,Sp0806-2839
-0.5,None,-15.174106598251916,-18.517481148006382,-42.63088820132269,0.1391957670659132,-15.174106598251916,Sp0807+3213
-0.5,None,14.402981549084512,11.239141134299164,-9.891186791450158,31.25448538683489,14.402981549084512,Sp0807-3056
-0.5,None,-14.945100511808969,-18.526334920850665,-42.45158101948655,0.19139432226277356,-14.945100511808969,Sp0808+3157
-0.5,None,17.485463174781625,13.75224911106639,-5.1880471169295514,32.572608358355275,17.485463174781625,Sp0809-3720
-0.5,None,-1.072034017815469,-6.194130119801156,-30.71191425048645,15.674668155289732,-1.072034017815469,Sp0810+0324
-0.5,None,-6.3076019772349365,-11.470040805279123,-35.99228123105838,9.68455852563249,-6.3076019772349365,Sp0810+1420
-0.5,None,19.136220989005395,15.380342815058116,-2.405073422671493,33.33364069344776,19.136220989005395,Sp0810-4115
-0.5,None,-8.437671690027125,-13.607364812816527,-37.83847545444871,7.078203809573604,-8.437671690027125,Sp0811+1855
-0.5,None,16.30127456782733,11.551025618407055,-7.524423888269864,31.08557716364284,16.30127456782733,Sp0811-3324
-0.5,None,12.679769112378935,7.31497538243457,-13.227124795831095,28.125261508881543,12.679769112378935,Sp0812-2444
-0.5,None,23.514398722270087,19.581463394478178,5.6692959148618245,34.43401191741754,23.514398722270087,Sp0813-5232
-0.5,None,17.92983044812876,12.23455280231404,-5.294776008577797,31.232123159063995,17.92983044812876,Sp0814-3602
-0.5,None,5.925675384449189,-1.2947234130625496,-22.759118007705474,20.648976193478685,5.925675384449189,Sp0815-0843
-0.5,None,-9.01248235042773,-17.271223248385056,-37.821190444207396,2.971240573632678,-9.01248235042773,Sp0818+2333
-0.5,None,-5.715642427981552,-14.557979629815597,-35.19018356087683,6.463079231270044,-5.715642427981552,Sp0819+1658
-0.5,None,4.900929627394369,-4.0846210809866195,-24.26282042384844,17.922643566564798,4.900929627394369,Sp0819-0450
-0.5,None,5.122369438335831,-3.9534092641578544,-24.0113388027816,18.049535954379976,5.122369438335831,Sp0819-0511
-0.5,None,9.017910193863946,0.5317858916896769,-19.06410038757031,22.24137008953573,9.017910193863946,Sp0819-1345
-0.5,None,-18.118008982308147,-25.75514276857931,-41.3970767603971,-9.644264143976892,-18.118008982308147,Sp0821+4532
-0.5,None,-1.758586816077813,-12.470621752733734,-31.50980812415522,9.12431712460248,-1.758586816077813,Sp0823+1034
-0.5,None,-8.471315147582843,-18.658972510104743,-37.08405034626968,1.5431529478014543,-8.471315147582843,Sp0823+2428
-0.5,None,-23.606914843855805,-29.382509771089456,-39.81343525940534,-17.9413740961962,-23.606914843855805,Sp0823+6125
-0.5,None,-6.626154403434014,-17.62029318247281,-35.6382912449888,3.015774614379565,-6.626154403434014,Sp0825+2115
-0.5,None,13.412912826436479,2.5232063217564007,-13.753140674988112,23.65174663975295,13.412912826436479,Sp0825-2021
-0.5,None,17.934004053885147,7.590232082422319,-7.0705228766644375,27.367043014411756,17.934004053885147,Sp0826-3040
-0.5,None,-17.030487365408355,-26.544536609551677,-40.40851058300454,-10.200647011329405,-17.030487365408355,Sp0827+4502
-0.5,None,25.43989672730197,17.572138926587122,7.065710427448371,32.33106684155688,25.43989672730197,Sp0827-5216
-0.5,None,-9.658978028250973,-21.348798322301917,-37.4587330183682,-1.7119956886534284,-9.658978028250973,Sp0828+2853
-0.5,None,10.776670959498913,-1.7648362966617648,-17.599411717505756,19.906421954791323,10.776670959498913,Sp0828-1309
-0.5,None,11.682249344477556,-0.7632136543590491,-16.417590306569796,20.7788127385269,11.682249344477556,Sp0828-1506
-0.5,None,-2.759689163038895,-15.641291849143876,-32.295302085738214,5.685501327147629,-2.759689163038895,Sp0829+1456
-0.5,None,-8.368418228488522,-20.828342778391,-36.52516952475328,-0.8451502157388623,-8.368418228488522,Sp0829+2646
-0.5,None,5.983833656565822,-7.298731169671523,-23.47380758797065,14.714967091454723,5.983833656565822,Sp0829-0238
-0.5,None,0.08794242328011156,-13.57457626808651,-29.660537787957843,8.127587688561709,0.08794242328011156,Sp0830+0947
-0.5,None,5.268507734368934,-8.362851678752776,-24.305473581812777,13.653564127225087,5.268507734368934,Sp0830-0050
-0.5,None,0.06798376213401353,-14.177226577001276,-29.658726028230973,7.4993335995117345,0.06798376213401353,Sp0831+1025
-0.5,None,16.939547727369973,3.9889914130236748,-9.379026987238555,24.428382629324492,16.939547727369973,Sp0831-2535
-0.5,None,5.966936827973235,-8.43313587572824,-23.58683969553201,13.583726609435022,5.966936827973235,Sp0832-0128
-0.5,None,6.110448663264685,-8.476484607836133,-23.44132027992368,13.540022351929885,6.110448663264685,Sp0832-0134
-0.5,None,-12.597292177045611,-25.195418104223833,-38.39373959806474,-6.948098434713569,-12.597292177045611,Sp0833+3706
-0.5,None,26.475946054422785,16.620839866914523,7.900829049629783,31.276241768604127,26.475946054422785,Sp0833-5217
-0.5,None,26.753945435160684,17.24868885042615,8.694810651075795,31.507290369552994,26.753945435160684,Sp0833-5336
-0.5,None,0.7746636921154723,-14.959535697738666,-28.935392891843414,6.741518480129485,0.7746636921154723,Sp0835+1029
-0.5,None,10.056119569535179,-5.745979696334487,-19.01091281639099,16.118344086607262,10.056119569535179,Sp0835-0819
-0.5,None,20.788201683170985,6.7971890147663885,-4.007287342953846,26.03472307694526,20.788201683170985,Sp0836-3250
-0.5,None,28.434984787059374,19.042600944618876,12.434343063995241,31.528999340806443,28.434984787059374,Sp0838-5856
-0.5,None,-2.113331204471295,-19.615911806754923,-31.247719775586734,1.5371927859068402,-2.113331204471295,Sp0840+1824
-0.5,None,-16.392082934714054,-29.615696760280624,-38.27449731367867,-13.919497000526288,-16.392082934714054,Sp0840+4827
-0.5,None,-20.76868514084211,-31.29543273992965,-37.97575945154147,-18.86807914709359,-20.76868514084211,Sp0840+5911
-0.5,None,-10.739108485245653,-26.441330032320085,-36.62634082722018,-7.8611555302085865,-10.739108485245653,Sp0841+3611
-0.5,None,-20.837104700215182,-31.380968197672942,-37.88929867887437,-19.053991858671207,-20.837104700215182,Sp0841+5929
-0.5,None,2.55036216489769,-16.697745395425343,-27.12172755308953,5.068976495585506,2.55036216489769,Sp0843+1024
-0.5,None,5.588009579977478,-14.026806108257833,-24.195362537395503,7.950174081285756,5.588009579977478,Sp0844+0434
-0.5,None,21.031819585775537,3.5828077531388973,-4.8216210088528095,23.261151379408215,21.031819585775537,Sp0844-2924
-0.5,None,15.941498211872391,-4.429775042345771,-12.493296805976899,16.882092470250655,15.941498211872391,Sp0847-1532
-0.5,None,18.203562432538135,-2.0457573467473065,-9.536127562200681,18.787991172051846,18.203562432538135,Sp0848-2019
-0.5,None,29.534293832584737,16.84444060700233,12.426076528594876,29.841235467016478,29.534293832584737,Sp0848-5656
-0.5,None,30.508970352861507,26.01871181037461,24.216346744673967,30.77635210388929,30.508970352861507,Sp0848-7853
-0.5,None,7.7749555253391,-14.003133438662806,-21.997633153185472,8.011607093639363,7.7749555253391,Sp0849+0220
-0.5,None,-6.652448942972115,-26.80804015820595,-33.50161469697487,-7.194944860386063,-6.652448942972115,Sp0850+3126
-0.5,None,10.80277075837431,-11.402189739287413,-18.797684551255788,10.556846892298486,10.80277075837431,Sp0850-0318
-0.5,None,18.177830910486406,-2.8770256246861843,-9.74757866467721,18.031931671602262,18.177830910486406,Sp0850-1924
-0.5,None,29.03190553811213,14.42357626124641,10.057713775747528,28.76345934765406,29.03190553811213,Sp0850-5227
-0.5,None,-26.096453254294584,-31.922683321447057,-33.47576946061766,-26.452269171993024,-26.096453254294584,Sp0851+7727
-0.5,None,-3.4264356505935187,-25.08280812123173,-31.37887691171729,-4.588723822693618,-3.4264356505935187,Sp0852+2540
-0.5,None,11.64477364873529,-12.046478756399393,-17.97179342613216,9.89480723299093,11.64477364873529,Sp0853-0329
-0.5,None,21.222487579155956,-0.7227507870585369,-5.8580385408646025,19.47040864031112,21.222487579155956,Sp0853-2446
-0.5,None,13.97604417803977,-9.781053295211992,-15.356261496227773,11.974912901695753,13.97604417803977,Sp0854-0805
-0.5,None,21.789201974654116,-0.8513318770695365,-5.256392205355171,19.2498791624715,21.789201974654116,Sp0855-2512
-0.5,None,-17.877905193250726,-33.373556430145264,-35.838674582474404,-20.066848587692057,-17.877905193250726,Sp0857+5708
-0.5,None,6.9794913397724185,-18.829010083918416,-22.706485634012157,3.1156267870055765,6.9794913397724185,Sp0858+0758
-0.5,None,5.260522271259961,-20.82722460029408,-24.222519632126495,0.9815475965147735,5.260522271259961,Sp0859+1145
-0.5,None,-20.514856410342517,-33.717195625488664,-35.32905630412627,-22.705874644423808,-20.514856410342517,Sp0859+6341
-0.5,None,0.1336054225548031,-25.286516316991044,-28.28450744927076,-4.231773374295656,0.1336054225548031,Sp0900+2150
-0.5,None,31.837689672620016,21.485983388729586,20.490659951866338,29.86090186361189,31.837689672620016,Sp0901-6940
-0.5,None,11.502981137209042,-15.944903494166788,-18.271376729284004,6.054764166908844,11.502981137209042,Sp0902+0033
-0.5,None,-22.693883543960354,-33.61832976959569,-34.38547703635878,-24.903978970157528,-22.693883543960354,Sp0902+6939
-0.5,None,9.180850519095317,-18.75546617238688,-20.55656257956318,3.2483691085373345,9.180850519095317,Sp0903+0540
-0.5,None,-16.578627058107756,-34.40182724554011,-34.76127825918209,-20.760373813066227,-16.578627058107756,Sp0905+5623
-0.5,None,15.696453074706584,-13.304665642983935,-13.877018832529632,8.459134725391593,15.696453074706584,Sp0906-0611
-0.5,None,26.91096534753793,1.8840702942421177,1.4322691496241724,20.420610822110444,26.91096534753793,Sp0906-3332
-0.5,None,27.326572885296443,2.6055816986508553,2.1752127612944165,20.89615078999574,27.326572885296443,Sp0906-3449
-0.5,None,27.670382957811935,3.1228699583376565,2.771823546048582,21.216299728265714,27.670382957811935,Sp0906-3548
-0.5,None,29.751025092215553,7.157669962784874,7.009560036839563,23.640320130983014,29.751025092215553,Sp0907-4308
-0.5,None,8.663966983605112,-21.196370879428283,-20.934966245052568,0.7660923415267867,8.663966983605112,Sp0908+0836
-0.5,None,5.416154038770315,-24.21584256750504,-23.703335400859107,-2.5168208290264418,5.416154038770315,Sp0908+1459
-0.5,None,-13.366437058954295,-34.39820935843227,-33.93371445882105,-18.884336699963782,-13.366437058954295,Sp0908+5032
-0.5,None,3.143587217129553,-26.443704204489613,-25.414361894934846,-5.0770075235092875,3.143587217129553,Sp0909+1940
-0.5,None,-23.770140528030602,-33.6798933575488,-33.04210594806807,-26.736698794912634,-23.770140528030602,Sp0911+7401
-0.5,None,1.1463866002380345,-28.901477213012914,-26.628117139055437,-7.980529479681733,1.1463866002380345,Sp0912+2425
-0.5,None,17.84350636468588,-14.01456291786717,-11.710161484175366,7.61601168993372,17.84350636468588,Sp0913-0733
-0.5,None,33.13619512302152,18.300477196593924,19.396221859077215,28.147255833827057,33.13619512302152,Sp0914-6514
-0.5,None,3.3313447948209256,-28.61196838417617,-24.824763367039306,-7.3589313608029725,3.3313447948209256,Sp0916+2139
-0.5,None,20.45626891083504,-12.721850047358444,-8.876688970911227,8.591227092167442,20.45626891083504,Sp0916-1121
-0.5,None,15.449797494976702,-19.574619016378264,-14.332917301330248,2.3658729348693996,15.449797494976702,Sp0919+0016
-0.5,None,3.794707833793941,-29.367625694275347,-24.263315219194816,-8.105226592930805,3.794707833793941,Sp0919+2154
-0.5,None,-16.683656226523897,-36.41576030346316,-32.84458856396045,-24.0164564977398,-16.683656226523897,Sp0921+6017
-0.5,None,25.537401806665045,-7.998275477180486,-2.759642760083312,12.204553318724878,25.537401806665045,Sp0921-2104
-0.5,None,20.474276934815197,-15.193500277053163,-9.079267751936126,6.252791550094321,20.474276934815197,Sp0922-0852
-0.5,None,31.83736371107966,25.137984720029266,26.14218910992299,29.23475895383517,31.83736371107966,Sp0922-8010
-0.5,None,3.5428678546924415,-30.83608107026829,-24.14586005934731,-9.710104331442942,3.5428678546924415,Sp0923+2340
-0.5,None,26.67266373606772,-7.20269623296695,-1.3601427122573782,12.702499684556237,26.67266373606772,Sp0923-2300
-0.5,None,28.375683863493734,-4.64671893896043,1.127983645493224,14.577464365942173,28.375683863493734,Sp0923-2727
-0.5,None,34.05095926399209,18.329368616189683,21.05582881832455,27.451114913536205,34.05095926399209,Sp0924-6655
-0.5,None,7.699182538307113,-28.79368727213214,-20.928533552022294,-7.09428820671986,7.699182538307113,Sp0925+1704
-0.5,None,0.40660791565695403,-33.54689727341816,-25.941027488208736,-13.211954251888718,0.40660791565695403,Sp0925+3007
-0.5,None,-12.408943565863563,-37.25878649383163,-31.559538369768134,-22.370698623139802,-12.408943565863563,Sp0926+5309
-0.5,None,-6.208517424889851,-36.793671732595826,-29.14415130055282,-18.859580604290507,-6.208517424889851,Sp0928+4230
-0.5,None,15.250856030972999,-24.751167774328245,-14.336442774246308,-2.7426042626861067,15.250856030972999,Sp0931+0528
-0.5,None,2.553920574156261,-34.018640420762694,-24.112433878437756,-13.320459917631647,2.553920574156261,Sp0931+2802
-0.5,None,-2.374230446813279,-36.31657528630203,-26.964723682626474,-17.041467970951892,-2.374230446813279,Sp0931+3638
-0.5,None,26.19384515355719,-12.160641486867908,-2.7584914882092852,8.329918035526628,26.19384515355719,Sp0931-1717
-0.5,None,3.444628231624283,-34.02248801582192,-23.397408582547584,-13.170201399982538,3.444628231624283,Sp0932+2659
-0.5,None,26.204942149310515,-13.373391556910297,-2.912027852170898,7.219886053039264,26.204942149310515,Sp0933-1602
-0.5,None,34.53307147586684,3.777322844231425,11.418965448048498,19.477033409492837,34.53307147586684,Sp0933-4353_1
-0.5,None,34.53637209615309,3.7743226367334577,11.421688404629808,19.473677186656165,34.53637209615309,Sp0933-4353_2
-0.5,None,30.749514217290695,-7.811459889966542,2.984429921582397,11.320125688071474,30.749514217290695,Sp0936-2609
-0.5,None,33.050244157971186,-3.0659515025141615,6.902699674413824,14.720906434921256,33.050244157971186,Sp0936-3346
-0.5,None,31.65937172046596,-7.094168503523646,4.166020831833743,11.726204600619367,31.65937172046596,Sp0938-2748
-0.5,None,3.02182593488903,-36.224787417298245,-23.068018518492373,-15.66225541497855,3.02182593488903,Sp0939+2935
-0.5,None,-3.0000195348433376,-38.40903823140387,-26.459331567189675,-19.7133649615549,-3.0000195348433376,Sp0939+3950
-0.5,None,1.2333438106011403,-37.511074666711544,-23.9695113453403,-17.48371308874425,1.2333438106011403,Sp0941+3315
-0.5,None,7.140791283836439,-35.142124731457784,-20.059160380658707,-13.829973542756822,7.140791283836439,Sp0942+2351
-0.5,None,36.82293186478628,6.86046916069034,16.08865153742522,20.584924089912864,36.82293186478628,Sp0942-5047
-0.5,None,22.026876079663243,-23.167781990289846,-7.751026611016805,-1.5105151583370025,22.026876079663243,Sp0943-0229
-0.5,None,35.452099196421024,-1.0532688849289165,10.447545215164064,15.586208445956833,35.452099196421024,Sp0943-3833
-0.5,None,-17.29553541877442,-38.193292684521985,-30.56584193207053,-27.797455635442756,-17.29553541877442,Sp0944+6537
-0.5,None,33.860557818078725,-5.727282549192869,7.007773341906824,12.322241292616937,33.860557818078725,Sp0944-3124
-0.5,None,20.319250210482107,-26.66601028193734,-9.300892896778432,-4.79189053697638,20.319250210482107,Sp0947+0224
-0.5,None,-0.08314620725429858,-39.5983293721128,-24.06240069025126,-20.229548378181253,-0.08314620725429858,Sp0947+3710
-0.5,None,21.684003039937082,-25.10719936339655,-8.042823308053794,-3.3577263397115447,21.684003039937082,Sp0947-0020
-0.5,None,17.52704597153573,-29.91854283555045,-11.691360048807361,-7.908245204524944,17.52704597153573,Sp0949+0806
-0.5,None,37.299014554239776,13.908192017226877,22.228824608510397,23.79190368167223,37.299014554239776,Sp0951-6317
-0.5,None,27.516375514814108,-20.644049130651457,-2.1826307017345035,0.297734700498763,27.516375514814108,Sp0952-0955
-0.5,None,32.46834012877361,-15.762943304322794,3.381554945008092,3.961159229711565,32.46834012877361,Sp0956-1910
-0.5,None,37.80194298160438,-3.1559276331492763,12.437622064151522,13.214232162885425,37.80194298160438,Sp0956-3811
-0.5,None,38.53994261398974,-0.3025721700250731,14.523796338094703,15.083345571306408,38.53994261398974,Sp0956-4234
-0.5,None,8.106601687992665,-39.01195308754561,-18.200161309113312,-17.836984945602282,8.106601687992665,Sp0957+2627
-0.5,None,39.24967455512238,6.93799391449853,19.538435649969163,19.46298869440835,39.24967455512238,Sp0958-5344
-0.5,None,12.580498757894354,-37.44134112419852,-14.87675143042162,-15.686462253454136,12.580498757894354,Sp0959+2002
-0.5,None,29.18843994897975,-22.251474205844854,-0.5475185711976717,-1.433612368904441,29.18843994897975,Sp1000-0949
-0.5,None,9.394589988215976,-40.03773795076635,-16.859870623382523,-18.75411351537709,9.394589988215976,Sp1002+2556
-0.5,None,-14.673700952309574,-40.51744753312532,-28.44147721154238,-29.43174053280915,-14.673700952309574,Sp1002+6349
-0.5,None,25.476283851683224,-28.01679639741633,-4.1955442129457765,-6.465327856211516,25.476283851683224,Sp1003-0105
-0.5,None,31.74985373759978,-20.952039727078482,2.1258713912060543,-0.6227677932965432,31.74985373759978,Sp1004-1318
-0.5,None,38.60683780732575,-7.550527745279989,11.861401708987247,9.51015415729351,38.60683780732575,Sp1004-3335
-0.5,None,31.313611038145055,-21.86414465383141,1.6288429055001155,-1.3926646325857006,31.313611038145055,Sp1005-1202
-0.5,None,33.68475905541556,-19.00866521376413,4.2776682139075985,0.8073401305203121,33.68475905541556,Sp1006-1653
-0.5,None,5.689634434646135,-43.24779703035369,-18.610312699072242,-22.934420935319043,5.689634434646135,Sp1009+3324
-0.5,None,14.56158950964176,-40.09516096940029,-12.536308101296942,-18.284976320446763,14.56158950964176,Sp1011+2019
-0.5,None,-0.17289163969502291,-44.611661398992595,-21.740268836698,-26.304814925812263,-0.17289163969502291,Sp1011+4245
-0.5,None,39.50298596375619,-10.595458032561954,12.001625980514634,6.773310842363961,39.50298596375619,Sp1012-3049
-0.5,None,5.089767444514076,-44.450935685397766,-18.551209704314434,-24.445636170731987,5.089767444514076,Sp1013+3520
-0.5,None,34.519700099963785,22.38888940753211,28.029177070486362,26.684534133612452,34.519700099963785,Sp1013-7842
-0.5,None,10.538627349916009,-43.565609568580236,-14.858170900155518,-22.37113440041854,10.538627349916009,Sp1016+2751
-0.5,None,23.664514339470717,-35.54054354298013,-5.20473497387873,-13.642299298993079,23.664514339470717,Sp1017+0719
-0.5,None,40.528611273230496,-12.818817055045155,12.581199483877022,4.647097262535477,40.528611273230496,Sp1018-2909
-0.5,None,-19.950788958410122,-37.94702259641814,-28.396001442752656,-31.38748949070244,-19.950788958410122,Sp1019+7419
-0.5,None,40.065843241779696,-14.318686974715568,11.74402535468063,3.506533477071273,40.065843241779696,Sp1019-2707
-0.5,None,-4.335643503126177,-45.88097999287261,-22.790219039138655,-29.984747570282217,-4.335643503126177,Sp1021+5055
-0.5,None,38.44888850607355,-19.095807417802934,9.234750984454395,-0.24946806077828088,38.44888850607355,Sp1021-2044
-0.5,None,27.692118999200297,-33.63737568661506,-1.617496815228235,-12.074153098554751,27.692118999200297,Sp1022+0200
-0.5,None,2.388474785434773,-46.665535386556606,-19.2447058550124,-27.887969071657725,2.388474785434773,Sp1022+4114
-0.5,None,-9.300371996294707,-44.42066664328117,-24.848787492209862,-31.277237598965574,-9.300371996294707,Sp1022+5825
-0.5,None,26.517021834352118,-36.10823603889593,-2.4430189443414045,-14.369250960156707,26.517021834352118,Sp1025+0512
-0.5,None,20.265676093206256,-42.417403962150125,-7.020750803988434,-20.408510767856384,20.265676093206256,Sp1029+1626
-0.5,None,14.126566053539086,-45.82383481023821,-11.292402392278957,-24.296430576155288,14.126566053539086,Sp1029+2546
-0.5,None,44.090157343534166,3.4320304678592266,24.062077640563647,15.059430786122869,44.090157343534166,Sp1031-5338
-0.5,None,28.000156846331397,-37.428366521764644,-0.8609627069574074,-15.765613323250758,28.000156846331397,Sp1032+0501
-0.5,None,4.356227693567784,-48.6456919857765,-17.11028071944729,-29.603206082002533,4.356227693567784,Sp1032+4027
-0.5,None,45.070960315551446,-5.23722110400164,20.359663586690303,9.120057262852873,45.070960315551446,Sp1032-4208
-0.5,None,44.37798541419029,2.7838476702040786,24.0131032087067,14.558815880638653,44.37798541419029,Sp1032-5255
-0.5,None,23.178622678703263,-41.757622119289614,-4.564117454974496,-19.757585652251382,23.178622678703263,Sp1033+1303
-0.5,None,15.49352634621717,-46.8608262149274,-9.866676907148426,-25.23526565768361,15.49352634621717,Sp1035+2507
-0.5,None,41.542904319669354,-21.232120075052745,12.209513049246029,-2.8443578340221887,41.542904319669354,Sp1035-2058
-0.5,None,45.429247547321054,-1.0079143676199058,23.011129073606043,11.818757568851517,45.429247547321054,Sp1035-4816
-0.5,None,19.526645489890846,-45.081298767139195,-7.0073789005358895,-23.1200067078287,19.526645489890846,Sp1036+1923
-0.5,None,45.36362759154969,-11.419899300703033,18.360493108731518,4.361453888779305,45.36362759154969,Sp1036-3441
-0.5,None,45.8932673658472,-3.92531035482529,22.016434302066386,9.712105695066471,45.8932673658472,Sp1036-4437
-0.5,None,12.300114646440479,-48.547154636889566,-11.789547653423135,-27.46882464397971,12.300114646440479,Sp1037+3011
-0.5,None,22.9666676190425,-44.144069812967544,-4.228788170690239,-22.12798532832115,22.9666676190425,Sp1039+1512
-0.5,None,33.19675827470809,-35.16864822427238,3.83479367829051,-14.158918811779682,33.19675827470809,Sp1039-0121
-0.5,None,34.90740297572237,-34.42391368492291,5.42567035405447,-13.693769720274132,34.90740297572237,Sp1042-0323
-0.5,None,44.23788613495185,-20.01709996231807,15.18639570996029,-2.4487349436230508,44.23788613495185,Sp1042-2416
-0.5,None,38.14106880254484,-30.752499816234504,8.39127710697887,-10.784357649374554,38.14106880254484,Sp1043-0912
-0.5,None,43.79847503538596,8.060110840864422,27.589144911003924,17.30550125114082,43.79847503538596,Sp1044-6112
-0.5,None,34.673646808904365,-36.01571419808123,5.34685080719951,-15.1692462155027,34.673646808904365,Sp1045-0149
-0.5,None,45.34085723601284,-19.03436518390286,16.50995590299917,-1.897051730202598,45.34085723601284,Sp1045-2607
-0.5,None,3.0250933076824085,-50.8885198414886,-16.59391850730717,-32.95662511405993,3.0250933076824085,Sp1046+4441
-0.5,None,42.146758924086456,-26.688651096044612,12.417854339051637,-7.86024481800339,42.146758924086456,Sp1046-1602
-0.5,None,45.4460642005118,4.572857008966754,27.03302805782967,14.866171950684514,45.4460642005118,Sp1046-5658
-0.5,None,-19.866290385305966,-38.421442922570755,-26.96708393161843,-32.93347627655138,-19.866290385305966,Sp1047+7613
-0.5,None,43.1836894538813,-25.174867898622388,13.549973244917892,-6.731951364324377,43.1836894538813,Sp1047-1815
-0.5,None,33.571864637720545,-38.546340677447006,4.585249634217717,-17.432851432812537,33.571864637720545,Sp1048+0111
-0.5,None,40.29062968355667,-30.22219673720279,10.514246503417448,-10.702549996936186,40.29062968355667,Sp1048-1120
-0.5,None,43.80479810221425,-24.45848361269957,14.236469574871021,-6.238573044985473,43.80479810221425,Sp1048-1925
-0.5,None,48.0429840541201,-8.877365926288787,22.39738460385298,5.383627194686153,48.0429840541201,Sp1048-3956
-0.5,None,46.71511276164891,1.2471761078035168,26.29948609365797,12.514677177477564,46.71511276164891,Sp1048-5254
-0.5,None,46.736027749529356,1.4975674053803003,26.517187500275337,12.636555763969305,46.736027749529356,Sp1049-5319
-0.5,None,0.20322341890009046,-50.80738049801043,-17.791114510380485,-34.32992823059884,0.20322341890009046,Sp1050+4907
-0.5,None,48.28755163115258,-4.964315635598305,24.540085168673993,8.025130428463134,48.28755163115258,Sp1050-4517
-0.5,None,-5.029581445828924,-48.77864686734432,-20.490973300686118,-34.96836862102231,-5.029581445828924,Sp1051+5613
-0.5,None,48.02125008857686,-2.374009659173461,25.682679496685164,9.792923542474815,48.02125008857686,Sp1051-4841
-0.5,None,48.949258377253294,-13.688998872667625,21.721059621508626,1.415183383272207,48.949258377253294,Sp1054-3445
-0.5,None,47.1652380895921,1.984691177558743,27.54023404141913,12.651715021427718,47.1652380895921,Sp1054-5431
-0.5,None,30.577539701129485,-44.02238290325655,2.671293260304735,-22.38721858154572,30.577539701129485,Sp1055+0808
-0.5,None,38.99656020881245,17.260372574790722,30.048206752231962,22.591160528046146,38.99656020881245,Sp1055-7356
-0.5,None,31.446858601417823,-43.53483045836921,3.385764165483432,-21.996191260624276,31.446858601417823,Sp1056+0700
-0.5,None,44.6237887794573,-28.813649934734375,14.853566462788832,-10.346350931863821,44.6237887794573,Sp1058-1548
-0.5,None,46.978582704757464,-24.923359392818707,17.453877346827078,-7.438019895540486,46.978582704757464,Sp1059-2113
-0.5,None,0.5853167738703693,-52.09789231377142,-16.730213567162128,-35.964808031798604,0.5853167738703693,Sp1100+4957
-0.5,None,-10.963486736808466,-45.77045348396479,-22.62529388527735,-35.80687568279631,-10.963486736808466,Sp1101+6508
-0.5,None,23.79424905898189,-51.37549460983165,-1.5947333155987724,-29.36437898245346,23.79424905898189,Sp1104+1959
-0.5,None,44.73278550152644,8.987369134354521,30.352121086891504,16.857122861123973,44.73278550152644,Sp1104-6412
-0.5,None,6.150992527574549,-54.46319316878214,-12.994288725576494,-36.16632556020404,6.150992527574549,Sp1105+4331
-0.5,None,34.95631963927186,-44.02761006447661,6.774695815439847,-22.879845845586324,34.95631963927186,Sp1106+0428
-0.5,None,-1.1554142614765304,-52.00640611065799,-17.17968158083568,-37.07711152819475,-1.1554142614765304,Sp1106+5259
-0.5,None,27.591047849161505,-50.574029030345024,1.4911751490750647,-28.612639787028236,27.591047849161505,Sp1108+1545
-0.5,None,47.22536802531225,-31.550838651497674,17.442351456234952,-13.457047094164677,47.22536802531225,Sp1112-1502
-0.5,None,5.715546798341995,-55.601639994253574,-12.491235676342546,-37.89060609631154,5.715546798341995,Sp1114+4516
-0.5,None,18.675338003556213,-56.408608321782154,-4.054663878310754,-34.90696176552336,18.675338003556213,Sp1115+2902
-0.5,None,51.43871104906808,-24.615367581286108,22.082899090686023,-8.381480368362123,51.43871104906808,Sp1115-2429
-0.5,None,43.96196323798718,11.09304561921849,31.62552892638765,17.795942601889703,43.96196323798718,Sp1115-6731
-0.5,None,34.801195519375476,-49.020170989391396,7.6805448420612095,-27.69244751928307,34.801195519375476,Sp1119+0820
-0.5,None,5.137462560219824,-56.13307695300982,-12.363087568444902,-38.951429088523284,5.137462560219824,Sp1119+4641
-0.5,None,48.38440053664291,-34.42143129579594,18.671480123243754,-16.382593937789064,48.38440053664291,Sp1121-1313
-0.5,None,38.4111471395889,-46.629210304485596,10.560285798505337,-25.900071892257994,38.4111471395889,Sp1122+0343
-0.5,None,12.57172647308074,-58.406803258758565,-7.380091556560661,-38.51245631037001,12.57172647308074,Sp1122+3755
-0.5,None,49.15221567854978,-33.51935417236514,19.399048617930163,-15.741468328808724,49.15221567854978,Sp1122-1431
-0.5,None,54.67466865956055,-13.282519723047352,28.488302972020932,-0.30927668928356994,54.67466865956055,Sp1122-3916
-0.5,None,45.63909934276076,9.063990567265511,32.296892362922335,16.088195108661314,45.63909934276076,Sp1122-6533
-0.5,None,44.29846074473732,-40.72455133511463,15.23091469472344,-21.359494957442912,44.29846074473732,Sp1123-0509
-0.5,None,12.564842184600048,-58.6576004151221,-7.2580507564004995,-38.812776929685256,12.564842184600048,Sp1124+3808
-0.5,None,54.75120899185081,-10.98762697692898,29.62406598445958,1.279613712168844,54.75120899185081,Sp1124-4213
-0.5,None,54.53152250300525,-23.926290870293574,25.393086709360993,-8.707436396421773,54.53152250300525,Sp1126-2706
-0.5,None,-8.189007798001517,-48.81772885490238,-19.53271578897228,-38.77168668177205,-8.189007798001517,Sp1127+6346
-0.5,None,40.88099339965538,-46.39832569560971,12.87766445895385,-26.11113620369218,40.88099339965538,Sp1128+0141
-0.5,None,51.575000086459966,-32.167548597712056,21.789851716599863,-15.135684025833656,51.575000086459966,Sp1128-1715
-0.5,None,4.426522151671854,-57.07099197635577,-11.896111727439688,-40.79161466540428,4.426522151671854,Sp1130+4848
-0.5,None,50.39696077621621,2.1272434101169635,32.93013360560751,10.723819692904351,50.39696077621621,Sp1130-5759
-0.5,None,46.843127654378634,7.917100058548935,33.221560737418756,14.880721851790016,46.843127654378634,Sp1131-6446
-0.5,None,35.4419099716793,-53.086627916566144,9.308784161048399,-31.7350360992987,35.4419099716793,Sp1133+1039
-0.5,None,43.02001627439889,-46.71245823300677,15.006768707903666,-26.838189738745857,43.02001627439889,Sp1134+0022
-0.5,None,44.77794777558207,-44.633109962878656,16.314051043567904,-25.20702946279912,44.77794777558207,Sp1134-0224
-0.5,None,48.61074537675702,-40.83491910285656,19.468540887916582,-22.467308841874992,48.61074537675702,Sp1136-0755
-0.5,None,52.52202005627267,-35.813035982166994,22.844248038946766,-18.75186265069865,52.52202005627267,Sp1138-1432
-0.5,None,57.49657887075673,-24.032856726563864,28.481172520531576,-9.731386321329152,57.49657887075673,Sp1138-2842
-0.5,None,46.26297516185711,-44.94322039511971,17.821349319595775,-25.846051787115304,46.26297516185711,Sp1139-0310
-0.5,None,56.5657139544577,-29.63112502430797,26.87168443217289,-14.277647792160385,56.5657139544577,Sp1141-2232
-0.5,None,41.93456657912369,-50.995916496145554,14.93441881536476,-30.78535805107865,41.93456657912369,Sp1143+0413
-0.5,None,-4.5689111392872555,-52.28822386402272,-16.343997350492526,-41.3593827653443,-4.5689111392872555,Sp1144+6043
-0.5,None,58.15942022352752,-12.06899809760609,33.3514741393142,-0.8914814262987505,58.15942022352752,Sp1144-4302
-0.5,None,56.627578517263665,-31.96015061090563,26.848388782165642,-16.385221034093735,56.627578517263665,Sp1145-2021
-0.5,None,18.040886496868556,-63.34383223585657,-1.5636002892356,-42.57822123770533,18.040886496868556,Sp1146+3431
-0.5,None,54.26095272392473,-2.159581534053097,35.13636909004617,6.559239169514486,54.26095272392473,Sp1147-5424
-0.5,None,59.05979600411533,-27.721220726745774,29.56798645242381,-13.374866560609007,59.05979600411533,Sp1148-2544
-0.5,None,59.75035112066766,-15.053598964923061,33.79420971394697,-3.5811400705428937,59.75035112066766,Sp1149-4012
-0.5,None,60.065308222222214,-25.20799131628655,30.964018700223214,-11.55829106313063,60.065308222222214,Sp1150-2850
-0.5,None,60.267382419485514,-22.664169747032055,31.706306981659754,-9.53115411509902,60.267382419485514,Sp1150-3139
-0.5,None,27.14437232084217,-63.536988456977916,5.327671572272549,-41.534201043127744,27.14437232084217,Sp1152+2438
-0.5,None,-15.774576822728317,-42.70769062865237,-22.41830864764258,-37.46395128420967,-15.774576822728317,Sp1152+7412
-0.5,None,41.53476859138086,-54.71389879387113,15.55526583483818,-34.35938516438212,41.53476859138086,Sp1153+0659
-0.5,None,45.68005396608056,-50.97441739166052,18.58931772513489,-31.606500269528926,45.68005396608056,Sp1154+0135
-0.5,None,42.622302127493384,-54.38618633504534,16.520128240487733,-34.26938972240944,42.622302127493384,Sp1155+0559
-0.5,None,59.57038093406277,-31.383586551482193,29.817401887729062,-16.769622397987444,59.57038093406277,Sp1155-2224
-0.5,None,61.293938148539745,-18.023936679968916,34.320729585100786,-6.320207539474406,61.293938148539745,Sp1155-3727
-0.5,None,58.391956378705814,-7.972482364069423,36.415807932974346,1.4318450451668208,58.391956378705814,Sp1157-4844
-0.5,None,36.76098431102879,-59.96403733250152,12.622107670992985,-38.670662566496006,36.76098431102879,Sp1158+1354
-0.5,None,14.681875150044194,-64.92094663171746,-2.698590315707132,-45.662491063530446,14.681875150044194,Sp1158+3953
-0.5,None,58.97283214131848,-34.726385856841794,29.21210908912363,-19.634350720115556,58.97283214131848,Sp1158-1900
-0.5,None,61.05844191030812,-28.697891440581504,31.505569932675485,-14.869064644248263,61.05844191030812,Sp1158-2545
-0.5,None,47.015330212786715,-51.324040812314664,20.00542756338609,-32.2931850089637,47.015330212786715,Sp1159+0057
-0.5,None,31.03661475650124,-63.870889149425665,8.765760972332655,-41.91813506903597,31.03661475650124,Sp1159+2105
-0.5,None,56.63591594117247,-4.3893899842997,36.87660861751684,4.144482619860372,56.63591594117247,Sp1159-5247
-0.5,None,31.334893162974556,-63.87992808785541,9.031151200726327,-41.943570702983024,31.334893162974556,Sp1200+2048
-0.5,None,21.115730772400333,-66.51601543855526,1.9682150670701835,-45.3447594045354,21.115730772400333,Sp1201+3248
-0.5,None,14.169148791653265,-65.19712450100913,-2.778331534924664,-46.27494541541607,14.169148791653265,Sp1201+4046
-0.5,None,56.12269390724131,-40.89654456866516,26.91681475236077,-24.612371467540324,56.12269390724131,Sp1201-1213
-0.5,None,62.25990341395034,-27.40706165526511,32.89131005036576,-14.15304786558471,62.25990341395034,Sp1201-2737
-0.5,None,62.60184846353786,-25.70782594521027,33.52392799221981,-12.83447525397476,62.60184846353786,Sp1201-2932
-0.5,None,13.13130895048194,-64.96764013741951,-3.3750401856759087,-46.53988665270494,13.13130895048194,Sp1202+4204
-0.5,None,52.71496605648599,-45.81698661103963,24.382017870022842,-28.413124960676516,52.71496605648599,Sp1202-0629
-0.5,None,48.258726109941826,-51.475187265469884,21.290303371082235,-32.780689626503396,48.258726109941826,Sp1203+0015
-0.5,None,21.978458087688914,-67.23530954932713,2.8924102834702294,-45.93974429524099,21.978458087688914,Sp1204+3212
-0.5,None,63.20127708229811,-27.48949193839176,33.84839818936797,-14.542022973990335,63.20127708229811,Sp1205-2758
-0.5,None,63.062697302612435,-16.96957912181078,36.888395601910474,-6.285969315700044,63.062697302612435,Sp1206-3937
-0.5,None,62.81980383849299,-16.328289828535556,36.91543854983729,-5.744436636777677,62.81980383849299,Sp1206-4017
-0.5,None,-16.304258159658282,-42.28606278967556,-22.146228063123534,-37.778145351553896,-16.304258159658282,Sp1207+7521
-0.5,None,-17.132435417517367,-41.482831168528875,-22.634571039513,-37.2937316491314,-17.132435417517367,Sp1207+7617
-0.5,None,63.21573672007298,-17.094033712330496,37.01272144363195,-6.436194070320278,63.21573672007298,Sp1207-3932
-0.5,None,44.96363220992603,-56.496633105411156,19.48575711694467,-36.94961194392177,44.96363220992603,Sp1209+0542
-0.5,None,40.81442471466527,-60.43031058047419,16.679819598804126,-39.89782366859909,40.81442471466527,Sp1210+1100
-0.5,None,46.550012345943124,-55.638223773236554,20.81061476219726,-36.51293421576979,46.550012345943124,Sp1211+0406
-0.5,None,58.63170611767716,-41.40719569005319,29.50622016814539,-25.904175831561453,58.63170611767716,Sp1211-1304
-0.5,None,16.772702882155322,-67.91266496177077,0.09562689714922525,-48.48121229342545,16.772702882155322,Sp1213+3900
-0.5,None,53.3091734657259,-48.897274501722215,25.716144949734147,-31.689506318793885,53.3091734657259,Sp1213-0432
-0.5,None,49.774358701622404,-53.74680657298428,23.50388561858376,-35.538727722025996,49.774358701622404,Sp1215+0050
-0.5,None,0.5077549514228639,-57.73099568713285,-10.911189697122897,-46.324161427838,0.5077549514228639,Sp1216+5709
-0.5,None,50.22467479700712,-53.77288257940738,23.97762606239846,-35.708932043272206,50.22467479700712,Sp1217+0035
-0.5,None,55.269825240310894,-48.574058654497136,27.6453876020481,-32.007417782468266,55.269825240310894,Sp1218-0550
-0.5,None,22.55505607625072,-70.47938245106575,4.814590688996501,-49.36229394490129,22.55505607625072,Sp1220+3315
-0.5,None,48.97111663257197,-56.270519011455136,23.515657715420055,-37.9026104709413,48.97111663257197,Sp1221+0257
-0.5,None,43.98600998874441,-60.85266432425443,20.013954950856288,-41.13164245184643,43.98600998874441,Sp1221+0857
-0.5,None,63.362852293556976,-12.215350031945441,40.30112216285756,-3.474608256134371,63.362852293556976,Sp1221-4548
-0.5,None,58.32622264253138,-46.41992524619854,30.237174386793956,-30.851304834567248,58.32622264253138,Sp1223-0858
-0.5,None,67.1602931448571,-29.102581199798244,37.678424633977905,-17.301881968512767,67.1602931448571,Sp1223-2757
-0.5,None,60.91224253084901,-43.25488124004646,32.15928699914503,-28.528618641218333,60.91224253084901,Sp1224-1238
-0.5,None,61.94947994524436,-42.08365023240907,32.98476313314582,-27.712484958610386,61.94947994524436,Sp1225-1402
-0.5,None,67.26912856403636,-32.911114010731616,37.49242630696755,-20.727091416383214,67.26912856403636,Sp1228-2415
-0.5,None,46.047549530021186,-61.434622817365735,22.388392037040955,-42.379415280373976,46.047549530021186,Sp1229+0752
-0.5,None,30.737868211167243,-72.38566456122032,11.883027830905505,-50.37113231236606,30.737868211167243,Sp1232+2528
-0.5,None,60.4436129214138,-46.54700945565358,32.487956706028356,-31.76901016533804,60.4436129214138,Sp1232-0951
-0.5,None,47.8639550341971,9.326861107030611,38.37566348101152,13.55686991226338,47.8639550341971,Sp1232-6856
-0.5,None,62.28272491218109,-8.502585709126127,42.13987379268453,-1.1233751530922778,62.28272491218109,Sp1233-5020
-0.5,None,41.995184895986135,-66.40884356554795,20.18343463855258,-46.33111003395446,41.995184895986135,Sp1235+1318
-0.5,None,35.13270694480926,-71.6058080707867,15.517134937574486,-50.00135724829661,35.13270694480926,Sp1237+2107
-0.5,None,50.50158585126575,-59.83823367861872,26.57650317297261,-42.316841546070975,50.50158585126575,Sp1239+0410
-0.5,None,3.4644918949671837,-61.186566879835205,-7.222931893434395,-50.01444293718486,3.4644918949671837,Sp1239+5515
-0.5,None,70.40256429795076,-31.20918074366575,40.72591127086486,-20.314928092103536,70.40256429795076,Sp1239-2658
-0.5,None,44.55890390370493,13.133802897310751,37.424549260094246,16.41771635626469,44.55890390370493,Sp1239-7304
-0.5,None,71.29057131075797,-26.66502687337731,42.431889996811016,-16.78350879558731,71.29057131075797,Sp1241-3152
-0.5,None,58.312219689445236,-2.214351848665885,42.95720237429873,3.446498967230873,58.312219689445236,Sp1245-5721
-0.5,None,48.724699755097454,-63.162520049907364,26.104790712280096,-45.31982750823254,48.724699755097454,Sp1246+0706
-0.5,None,26.056025783048888,-76.21947130275572,9.973209183795625,-54.75136824549744,26.056025783048888,Sp1246+3148
-0.5,None,17.875106723882674,-72.99341282994416,3.927281857002504,-54.85677351414482,17.875106723882674,Sp1246+4027
-0.5,None,72.27279135886887,-27.150379613926454,43.33609197077241,-17.553214607031443,72.27279135886887,Sp1246-3139
-0.5,None,19.340665146851162,-73.96333385836205,5.090679714671021,-55.134328008953865,19.340665146851162,Sp1247+3857
-0.5,None,6.148727776816211,-63.958621425555556,-4.526036793776539,-52.29066833875742,6.148727776816211,Sp1249+5255
-0.5,None,72.41333034858863,-32.48906820562733,42.65547513818494,-22.21469185496954,72.41333034858863,Sp1249-2617
-0.5,None,56.967149617809326,-55.69616109230617,32.12406919455798,-40.49578282400227,56.967149617809326,Sp1250-0149
-0.5,None,70.92597376134037,-37.332324840618334,41.371459742691755,-26.297821952705387,70.92597376134037,Sp1250-2121
-0.5,None,12.538250963899777,-69.55359184706046,0.3814003740283103,-54.70255765791897,12.538250963899777,Sp1251+4620
-0.5,None,71.51261528265887,-20.522501102015376,45.37144683016912,-12.397778899098151,71.51261528265887,Sp1251-3846
-0.5,None,53.19625280112132,-60.196858412731025,29.890505210365447,-43.988448884905964,53.19625280112132,Sp1252+0252
-0.5,None,73.50312584644361,-27.30713600354047,44.58743581724549,-18.157602734359784,73.50312584644361,Sp1252-3149
-0.5,None,18.141910830012307,-73.89024794511238,4.709446594058276,-56.05983635831392,18.141910830012307,Sp1253+4034
-0.5,None,59.082876634446656,-2.655047982836772,44.040625865615745,2.675534099957097,59.082876634446656,Sp1253-5709
-0.5,None,57.21108812524272,-56.56825180569457,32.865893774049425,-41.67778068737494,57.21108812524272,Sp1254-0122
-0.5,None,57.25319765934947,-0.44833207306369444,43.67681492309535,4.456386591196529,57.25319765934947,Sp1255-5928
-0.5,None,66.72786677327002,-45.73440207451366,39.074072800759936,-33.54124503033581,66.72786677327002,Sp1256-1257
-0.5,None,72.63599330804242,-21.145631220726116,46.39615698682373,-13.322228933812156,72.63599330804242,Sp1256-3822
-0.5,None,70.04957002980117,-16.109484953423973,46.90678214595952,-9.178792259766164,70.04957002980117,Sp1259-4336
-0.5,None,38.9736482804718,-74.89774014408103,20.936212349724624,-54.42223639161382,38.9736482804718,Sp1300+1912
-0.5,None,28.039884609387087,-79.14597948902839,12.798896701096606,-57.420895691251694,28.039884609387087,Sp1300+3038
-0.5,None,69.31391414966707,-43.986971501984165,41.33943333546403,-32.755714733796,69.31391414966707,Sp1301-1510
-0.5,None,-23.003452504619176,-35.61097822650745,-25.009986603844734,-34.36786478378915,-23.003452504619176,Sp1304+8336
-0.5,None,38.982303868083726,-75.97527188045248,21.513112459725235,-55.630799869452744,38.982303868083726,Sp1305+1934
-0.5,None,37.847093045724776,-76.82642070288188,20.689743069963995,-56.11003334452626,37.847093045724776,Sp1305+2046
-0.5,None,20.969934354127613,-77.25542834307393,8.060281735581956,-58.81378286972092,20.969934354127613,Sp1306+3820
-0.5,None,59.813697100995974,-2.7368015181728693,45.85030413521449,1.8718894999862485,59.813697100995974,Sp1307-5726
-0.5,None,50.693558151292024,-66.00018426605061,30.203372729605075,-49.95543023071725,50.693558151292024,Sp1308+0725
-0.5,None,7.164108868118224,-65.49868263497191,-2.345984210374359,-55.030641578368225,7.164108868118224,Sp1308+5239
-0.5,None,75.7109469551957,-36.240557967896805,46.1187599024871,-27.122943400469545,75.7109469551957,Sp1309-2330
-0.5,None,62.435057291605055,-5.550507598367478,46.95417530023871,-0.6926297708351069,62.435057291605055,Sp1309-5438
-0.5,None,23.025451171061725,-79.27396777129374,10.156950774330902,-60.0382310802123,23.025451171061725,Sp1311+3629
-0.5,None,16.2265055606147,-73.95010249909735,4.8994164076213575,-58.877833338516496,16.2265055606147,Sp1311+4328
-0.5,None,41.421207596478936,-75.37001293455303,24.094578784035992,-56.190394478408265,41.421207596478936,Sp1312+1731
-0.5,None,59.74181348279473,-2.4512373842979933,46.326315359625,1.8850354592447007,59.74181348279473,Sp1312-5750
-0.5,None,-6.0915916968725545,-52.578273219694246,-12.214556159921944,-47.53170866439544,-6.0915916968725545,Sp1314+6622
-0.5,None,78.00766864202738,-27.841261370361114,49.18199093330362,-20.388519498038836,78.00766864202738,Sp1314-3212
-0.5,None,27.047231366891054,-81.93014582119609,13.616172611170054,-60.81351709824104,27.047231366891054,Sp1315+3232
-0.5,None,78.18583354586451,-33.20975249835679,48.39990175264563,-25.123916062603318,78.18583354586451,Sp1315-2649
-0.5,None,40.470666370259984,-77.09934766076064,23.98454361600681,-57.803944835378985,40.470666370259984,Sp1317+1849
-0.5,None,11.456271100953426,-69.81303416000762,1.6636021897701787,-58.07904367905764,11.456271100953426,Sp1317+4833
-0.5,None,-12.88238079153207,-45.78412294236847,-17.23916562480768,-42.68027103921486,-12.88238079153207,Sp1318+7322
-0.5,None,38.625172419607146,-79.15987639592517,22.94277934871691,-59.23924314542273,38.625172419607146,Sp1319+2053
-0.5,None,54.80640038274841,-63.86531648306135,34.66076061520374,-50.17323418619453,54.80640038274841,Sp1320+0409
-0.5,None,49.24237082835638,-69.44027286804643,30.792279721249486,-53.90411831033337,49.24237082835638,Sp1320+0957
-0.5,None,17.369896305508266,-75.4585492403936,6.572956205957678,-60.65506358909418,17.369896305508266,Sp1320+4238
-0.5,None,75.88161143305051,-21.017004017152654,50.95436496209276,-14.928550585916915,75.88161143305051,Sp1320-3916
-0.5,None,65.6462521406409,-52.60259108981113,41.725516463754516,-41.81104450565837,65.6462521406409,Sp1321-0724
-0.5,None,20.964081300054584,-78.76164289280504,9.571270420145751,-61.81425626153208,20.964081300054584,Sp1322+3902
-0.5,None,29.668074257942568,-84.27850644209568,16.542796184461892,-62.454029186618854,29.668074257942568,Sp1323+3014
-0.5,None,54.047886725395855,-65.22973403499674,34.759939223770814,-51.75612494772378,54.047886725395855,Sp1325+0517
-0.5,None,80.68139479088535,-32.868897242417965,50.89600324734867,-25.808933242622942,80.68139479088535,Sp1326-2729
-0.5,None,78.73129639236218,-24.16332825409487,52.10217555965922,-18.165045296544818,78.73129639236218,Sp1326-3614
-0.5,None,57.529557652812464,-61.960842617435645,37.45062999856498,-49.752974271991995,57.529557652812464,Sp1327+0149
-0.5,None,79.23418453296323,-24.613116772861634,52.39871793016297,-18.686161056105373,79.23418453296323,Sp1327-3549
-0.5,None,75.10638952434968,-18.69019590853037,52.50629152753688,-13.504741466034915,75.10638952434968,Sp1329-4147
-0.5,None,40.04314650316096,-79.64715163931263,25.304170914336435,-61.1576558268502,40.04314650316096,Sp1330+1958
-0.5,None,24.78120243188358,-82.63478851494641,13.370607900113264,-63.868742686226234,24.78120243188358,Sp1330+3526
-0.5,None,64.11632066862428,-55.424053750719075,42.06260191752583,-45.10753417229018,64.11632066862428,Sp1330-0453
-0.5,None,26.118045103293113,-83.82860206282506,14.560599074712323,-64.21037303250603,26.118045103293113,Sp1331+3407
-0.5,None,60.81499956328979,-59.05977572562387,40.24435529161827,-48.173365623221805,60.81499956328979,Sp1331-0116
-0.5,None,53.49344901097656,4.645793784355785,45.16765517339257,7.3450439512093215,53.49344901097656,Sp1331-6513
-0.5,None,54.39757359834671,-65.73255541409706,36.09202508702565,-53.245582760804766,54.39757359834671,Sp1332+0525
-0.5,None,44.31383275009079,-75.76795824917664,28.744449814610896,-59.506149396480566,44.31383275009079,Sp1332+1542
-0.5,None,17.704644012482696,-76.24037440997846,7.9391415377018415,-62.79341490135083,17.704644012482696,Sp1332+4240
-0.5,None,64.11327459640978,-55.69890897492169,42.42249385404779,-45.63224125648699,64.11327459640978,Sp1332-0441
-0.5,None,61.897343400263566,-58.14193390893002,41.234951679482684,-47.72981002037967,61.897343400263566,Sp1333-0216
-0.5,None,55.76207860579063,2.372324475445111,46.601484126889545,5.175924387441111,55.76207860579063,Sp1334-6257
-0.5,None,22.71058284401887,-81.18764872090306,12.34423633928977,-64.82249520204843,22.71058284401887,Sp1336+3743
-0.5,None,12.657177354638357,-71.32156089590244,4.188052479920232,-61.261994806647444,12.657177354638357,Sp1336+4751
-0.5,None,10.898699382357599,-69.57193670286446,2.805369685318442,-60.42961709934368,10.898699382357599,Sp1337+4938
-0.5,None,18.829720255152097,-77.4583878177619,9.362084457805846,-64.11057963050104,18.829720255152097,Sp1338+4140
-0.5,None,77.54168502579712,-41.91839965808788,50.78216031206266,-34.88877596987983,77.54168502579712,Sp1338-1838
-0.5,None,76.99838873892094,-42.65713255815913,50.64727398052368,-35.60966772303202,76.99838873892094,Sp1339-1755
-0.5,None,52.21068827894276,-68.63939295901862,35.798312667686076,-56.63902949040941,52.21068827894276,Sp1341+0805
-0.5,None,5.466945598981762,-64.13090491964152,-1.3405286070621485,-57.59340950211829,5.466945598981762,Sp1341+5510
-0.5,None,51.952512028730354,-69.02246073886607,35.916578291922214,-57.252972325043245,51.952512028730354,Sp1343+0825
-0.5,None,84.69723205895951,-30.776495999258938,55.125156257828436,-25.533312917729493,84.69723205895951,Sp1343-2950
-0.5,None,7.590836519732949,-66.23192920969952,0.7709586336472656,-59.49544167042309,7.590836519732949,Sp1346+5306
-0.5,None,76.28360800914437,-44.222912089585094,51.41243271571951,-37.695665595977225,76.28360800914437,Sp1346-1624
-0.5,None,84.70522983076171,-28.813284881879518,56.011945914213904,-24.0156621300295,84.70522983076171,Sp1346-3149
-0.5,None,56.617798902641255,-64.5421096602144,40.018527968733196,-54.861877909900194,56.617798902641255,Sp1348+0353
-0.5,None,63.48511952344706,-57.56527176780189,44.52382277441823,-49.25662545319762,63.48511952344706,Sp1348-0304
-0.5,None,76.12177693213197,-18.177601261698044,55.98178743497322,-14.41501696360234,76.12177693213197,Sp1348-4227
-0.5,None,64.53397332863791,-6.250842725843876,52.34466624103685,-3.4288985353276664,64.53397332863791,Sp1348-5423
-0.5,None,33.833152155572996,-87.48899558976,22.829218080800203,-67.69939995952691,33.833152155572996,Sp1350+2650
-0.5,None,68.32748378394454,-10.023059159153007,54.28588166176861,-7.094215083542655,68.32748378394454,Sp1351-5036
-0.5,None,51.921076412857914,-69.39061802381651,37.44726703290689,-59.34892605917193,51.921076412857914,Sp1354+0846
-0.5,None,10.031869547949292,-68.58545925256534,3.421842436226099,-61.96885164060804,10.031869547949292,Sp1354+5044
-0.5,None,17.071668520326863,-75.57205790505978,9.555194884033183,-66.32160659796172,17.071668520326863,Sp1356+4342
-0.5,None,78.72616141834835,-42.402633993444134,54.380666899350544,-37.222725307428384,78.72616141834835,Sp1356-1812
-0.5,None,52.24228527089585,-69.08068727868094,38.12177805260569,-59.65142265766106,52.24228527089585,Sp1357+0830
-0.5,None,75.2757500926323,-45.95973117291215,52.97995364734495,-40.529458669776034,75.2757500926323,Sp1357-1438
-0.5,None,82.07686815501596,-39.028125191290954,56.04301838743748,-34.35202082294336,82.07686815501596,Sp1357-2134
-0.5,None,78.45655428770836,-20.019519449209504,58.42509582897692,-16.96059289897129,78.45655428770836,Sp1359-4034
-0.5,None,62.505870641955696,-4.00737616515974,52.56751911121455,-1.883953471052621,62.505870641955696,Sp1359-5636
-0.5,None,13.148812169130123,-71.57270934094602,6.539698709606292,-64.65821114555709,13.148812169130123,Sp1400+4739
-0.5,None,18.633919100982265,-76.94898037676121,11.337447399682178,-67.86156047794186,18.633919100982265,Sp1401+4211
-0.5,None,73.10605765864203,-48.212526010648716,52.59634065860743,-43.005539189975416,73.10605765864203,Sp1401-1220
-0.5,None,67.29779457694842,-54.021979958259635,49.41931350960978,-48.273026181694384,67.29779457694842,Sp1402-0630
-0.5,None,30.693004981373527,-86.97837299346624,21.732300644268406,-70.95259872625957,30.693004981373527,Sp1403+3007
-0.5,None,-23.007288817071963,-35.49531028256458,-24.107204333344715,-35.02656051863778,-23.007288817071963,Sp1405+8350
-0.5,None,29.312336692752453,-85.89878623610535,20.873736354599508,-71.5544537072982,29.312336692752453,Sp1406+3131
-0.5,None,49.20080083614025,9.359790291972248,44.78170424714689,10.464184331258716,49.20080083614025,Sp1406-6957
-0.5,None,-52.933997653243715,38.44416141118974,-68.72036281927852,51.03230306942256,38.44416141118974,Sp1407-0800
-0.5,None,74.55508824100968,-15.928662595159416,58.834693370946454,-13.647133571991962,74.55508824100968,Sp1407-4436
-0.5,None,66.03001147157792,-7.412642183315644,55.49349135084076,-5.606738711340479,66.03001147157792,Sp1408-5307
-0.5,None,62.721398692090936,-58.39860187895399,47.81415633890643,-53.21698606714221,62.721398692090936,Sp1409-0153
-0.5,None,85.18817254049812,-26.51442505969636,60.80097037227247,-23.799173919934763,85.18817254049812,Sp1409-3357
-0.5,None,16.929904766514003,-74.87512138061649,10.687764599880358,-68.34607561757467,16.929904766514003,Sp1410+4354
-0.5,None,69.1191429911135,-10.475578895622423,57.23224802807754,-8.643086550036486,69.1191429911135,Sp1410-5001
-0.5,None,21.220197668663104,-78.8426904350588,14.478096361911684,-70.65379308383356,21.220197668663104,Sp1411+3936
-0.5,None,77.59249383487966,-18.91805487450553,60.45915496112007,-16.811504378905514,77.6048614886517,Sp1411-4132
-0.5,None,44.27066486520934,-76.19844678851564,34.15721116251292,-67.88260904440045,44.27651951492031,Sp1412+1633
-0.5,None,36.922270261770066,-82.5931852111858,28.053973837456187,-71.60417600967486,36.9267620845534,Sp1412+2354
-0.5,None,61.40820658726236,-59.58755243563279,47.3375947442312,-54.64372291420861,61.41550336568359,Sp1412-0035
-0.5,None,65.76027475270926,-55.197140362166444,50.67703343244461,-51.02825230266717,65.79845647469061,Sp1413-0457
-0.5,None,14.199597984762162,-72.03869474287872,8.706917866048924,-67.26509305982857,14.215805310398355,Sp1415+4636
-0.5,None,46.98147091773239,-73.28896677805264,36.95432121687162,-66.76791753897876,47.02617194203995,Sp1416+1348
-0.5,None,83.15700951132506,-24.659154525955714,62.67295582405677,-22.824308150818194,83.48612517328516,Sp1418-3538
-0.5,None,29.151556373740988,-83.18287890357105,22.28123753185184,-74.46480247281318,29.209246359903336,Sp1419+3137
-0.5,None,42.26330196694745,-76.94022324796802,33.78602916965411,-70.77035412614693,42.37072248637316,Sp1421+1827
-0.5,None,76.7864066822823,-43.713000290220535,58.83901603467253,-41.35496863613073,77.1396207934563,Sp1421-1618
-0.5,None,87.03783625032564,-30.566991482453727,63.17569372261351,-28.77688908837253,89.53941331871802,Sp1421-2935
-0.5,None,52.20002526425008,-67.71800716263402,42.21789584231225,-63.709554125114366,52.3676095460335,Sp1422+0827
-0.5,None,46.22391594360776,-73.17204236807886,37.43663879511767,-68.46764404416436,46.383357050090076,Sp1423+1426
-0.5,None,8.99129794798543,-66.74596209981668,4.700393351897768,-64.22753630681092,9.054654841785018,Sp1423+5146
-0.5,None,68.65294923167221,-51.68274611854605,54.469323435837865,-49.140702054985226,68.9479567196856,Sp1423-0806
-0.5,None,83.00862251844083,-24.892488971495943,63.886368953034875,-23.537572268559554,83.9035300733122,Sp1424-3514
-0.5,None,35.00561075978073,-81.28028203653099,28.09180653703569,-75.01937837836901,35.157494374583855,Sp1425+2540
-0.5,None,-13.573022658561618,-44.75925810695438,-15.44321741993916,-44.173968400286384,-13.53924294460547,Sp1425+7422
-0.5,None,81.49419736671375,-23.27805909849292,63.93608120530642,-22.062145767141452,82.29192878085952,Sp1425-3650
-0.5,None,-0.19225797351993382,-57.80555843214243,-3.2993163624439035,-56.62811194492295,-0.11454168023834357,Sp1427+6056
-0.5,None,46.628060319022545,-72.23614876481133,38.44122992024093,-68.79689636076654,46.8925716105882,Sp1428+1356
-0.5,None,27.46465847282802,-80.87388491421503,21.803103351275126,-76.12455204739615,27.651341027353276,Sp1428+3310
-0.5,None,1.3384657962857358,-59.24687301615534,-1.8268127933368254,-58.09275122852452,1.434380781783385,Sp1428+5923
-0.5,None,67.06538033077805,-52.726642589033744,54.544351204739606,-50.91337102489383,67.57450536344106,Sp1428-0644
-0.5,None,13.837913550559584,-70.89075696492108,9.600671091488982,-68.77430293980328,13.987063041946984,Sp1429+4650
-0.5,None,56.292691843904166,2.3838768984746377,51.673390150956344,2.830032593479915,56.483274779426104,Sp1429-6240
-0.5,None,0.9873753975131325,-58.85332295637006,-2.0144827438943134,-57.91164247854256,1.1036564944031275,Sp1430+5943
-0.5,None,84.6247393615771,-28.618017365339398,65.3524564561859,-27.761050240358724,87.88975020105053,Sp1430-3114
-0.5,None,79.81612544229286,-39.15033011538176,62.925011761107875,-38.1572025051675,81.3080659517704,Sp1431-2029
-0.5,None,35.96179565145878,-79.23466526302315,29.91113990049794,-76.22577271007437,36.2870114593156,Sp1433+2432
-0.5,None,81.79468538829471,-35.94676351094591,64.79995073072956,-35.37826832652814,84.42286230380785,Sp1434-2335
-0.5,None,81.72605718005636,-35.98405857651359,64.83009982552765,-35.437772048405805,84.37669442941973,Sp1435-2333
-0.5,None,31.438207214463695,-79.90418983609726,26.241800012474556,-77.9971183245457,31.817402799031836,Sp1436+2900
-0.5,None,61.34879858966497,-2.716192961335568,56.129240047969496,-2.559051690395785,61.80590589521209,Sp1436-5721
-0.5,None,-3.4987335958903047,-54.37401603520274,-5.693653041913675,-54.172836004395585,-3.318677652390524,Sp1438+6408
-0.5,None,40.760199907237116,-75.03322708075052,35.05250538905757,-74.68596386522229,41.334789969735624,Sp1439+1929
-0.5,None,56.45985892129459,-60.996092889742506,49.40757133686344,-61.60630800453783,57.54534256387246,Sp1443+0316
-0.5,None,30.169530467598808,-78.17968715794254,26.07214037537,-79.79867175949153,30.78724850635357,Sp1444+3002
-0.5,None,77.91988580917241,-38.61716466158845,65.5541833072687,-39.0860561052666,81.14958304234251,Sp1444-2019
-0.5,None,-4.256307225617868,-53.478833970714675,-5.983057235662867,-53.81329672576992,-3.9770470529017303,Sp1445+6447
-0.5,None,59.06148741384644,-58.11834257876997,52.10588782015382,-59.15162931367448,60.406677679658095,Sp1446+0024
-0.5,None,76.70117308867518,-19.53263064153953,67.17491563201872,-20.019522345375258,79.27611709437431,Sp1446-3952
-0.5,None,6.808405776194956,-63.59589282852849,4.537380270101005,-64.45793455679423,7.235187636085501,Sp1447+5335
-0.5,None,81.06961586644861,-27.171849282684185,68.86742675578444,-27.830472799000532,87.12490305695648,Sp1447-3158
-0.5,None,20.76251162291358,-73.9583040449568,18.029047571799328,-77.00335048951287,21.47603449858499,Sp1450+3920
-0.5,None,9.085217693684893,-65.40140322947659,6.914940503913274,-66.81992855427637,9.613085888706388,Sp1450+5112
-0.5,None,77.69223564719357,-21.569217352070865,68.80366334969587,-22.474216840302375,81.62110904135224,Sp1451-3732
-0.5,None,45.68358897459434,-68.61151010097596,41.642264822361454,-72.16022625453198,47.036266732049725,Sp1453+1346
-0.5,None,45.13024624035399,-69.0130047875483,41.15551504686913,-72.67096555926548,46.47335720513805,Sp1453+1420
-0.5,None,22.423421141744253,-74.38500598710822,19.900883772761293,-78.67590085953177,23.262953925770503,Sp1453+3733
-0.5,None,52.400062348348875,6.234827517528227,50.58253180515959,5.673667610014561,53.08829895954381,Sp1454-6604
-0.5,None,33.37849213735693,-75.29910018025278,30.42565421517963,-81.47490990727682,34.494960237124296,Sp1455+2619
-0.5,None,78.87050759335088,-31.854683991576238,70.39109259086088,-33.550967101750814,87.34648980702099,Sp1456-2631
-0.5,None,79.3648087338525,-30.701487423481876,70.43558477243181,-32.26567402266506,88.57734028859933,Sp1456-2747
-0.5,None,79.29026518960399,-30.30807199509646,70.62700412042476,-31.921311600477164,88.96810906071302,Sp1456-2809
-0.5,None,14.693909542193012,-69.22387122152413,12.89384022286272,-72.72197770692834,15.531298554922042,Sp1457+4517
-0.5,None,3.526413276699071,-60.18658912068342,2.163794274241643,-62.040885735249965,4.161977289771827,Sp1457+5639
-0.5,None,30.928497305451728,-75.02253896508589,28.53504753406079,-82.81065116610607,32.15392387093146,Sp1458+2839
-0.5,None,52.65725266837956,-61.54451207708895,49.13761437049404,-65.57492908318147,54.738100772089645,Sp1459+0604
-0.5,None,39.74789824913137,-71.15064437565937,37.240345623939575,-77.9386406141359,41.35443159177017,Sp1500+1927
-0.5,None,17.479443704923145,-70.71977530157773,15.87210489987369,-75.62107582153321,18.486537061025764,Sp1500+4219
-0.5,None,58.87334128155767,-55.58550247316089,55.050772380939826,-59.1343598509174,61.472315265195284,Sp1500-0039
-0.5,None,36.45256292200387,-72.75683496401788,34.17828450216428,-80.64957234164278,37.97976869211973,Sp1501+2250
-0.5,None,74.47843132766319,-18.593572270940808,69.84338645118848,-20.281561683436827,79.10162645441669,Sp1501-4003
-0.5,None,76.38696609189135,-33.793724629706524,71.22816852787295,-36.35152973293989,84.7540681083427,Sp1504-2355
-0.5,None,-10.203913788109851,-47.481143381281115,-10.693096894986242,-48.682684044487615,-9.673859657726991,Sp1506+7029
-0.5,None,71.29782517510783,-40.47680538149536,68.17569595704133,-43.86823016122806,77.26242229437092,Sp1507-1627
-0.5,None,73.7029410983128,-37.21035401083671,70.16673008811892,-40.33342570412823,80.81189823695712,Sp1507-2000
-0.5,None,75.92695052622472,-23.223736354423465,72.98902010812569,-25.700078501346592,84.38852795430375,Sp1508-3445
-0.5,None,73.0498601963672,-37.48529943416668,70.29954441792931,-40.859383996020654,80.33990557504534,Sp1509-1932
-0.5,None,76.48039758094767,-28.703848021399352,73.60347094458287,-31.564488192405754,89.50062977332179,Sp1509-2853
-0.5,None,76.21776919690357,-29.18160117991768,73.73623116580094,-32.162748696362534,89.10280433093608,Sp1510+2818
-0.5,None,22.878872506453533,-71.73889376759097,22.1583068964821,-81.7585760603074,24.484261765974583,Sp1510+3619
-0.5,None,59.66770247137174,-52.625311235032115,58.084805229514494,-57.602904765737456,63.50120395281729,Sp1510-0241
-0.5,None,67.35545735439379,-44.509084361895695,65.40180930988456,-48.584515739786916,72.60251323116402,Sp1510-1147
-0.5,None,76.21804693671238,-29.18320501630303,73.73555435795433,-32.16423215658374,89.10120255782529,Sp1510-2818
-0.5,None,24.949237201742264,-71.81398535856647,24.454201668852548,-83.84138183391168,26.75067327747087,Sp1512+3403
-0.5,None,66.04270262970736,-45.401513364620804,64.81173265319764,-49.879506744338045,71.36247283164687,Sp1512-1032
-0.5,None,73.85508404003092,-34.12214871261682,72.80505649169814,-37.77996575438254,83.5309789883431,Sp1513-2243
-0.5,None,34.795683607832025,-70.31487410452546,34.44110581914507,-83.2251307372486,37.12730480722906,Sp1514+2341
-0.5,None,73.75954564604159,-33.882478541399266,73.05915765836762,-37.61757383797005,83.69099679280032,Sp1514-2254
-0.5,None,10.612829529331515,-64.667800972007,10.436590344354332,-70.28179761526835,12.016007812106869,Sp1515+4847
-0.5,None,57.10713476524721,-53.771942979221905,56.89923560476061,-59.935382754380036,61.32252115797311,Sp1515-0030
-0.5,None,47.75445324946104,-61.75535195377058,47.74271625302454,-70.08998005070711,51.10763028827055,Sp1516+0942
-0.5,None,73.62769941303291,-33.43502171348509,73.49427241192848,-37.28790611087051,84.05206263146073,Sp1516-2315
-0.5,None,64.19710131600974,-6.901732461615396,64.43019378158024,-9.144228297632699,67.7073969866809,Sp1517-5128
-0.5,None,74.03758912783297,-23.082991675598283,75.22777280217065,-26.482233398682258,85.0498002324264,Sp1519-3407
-0.5,None,43.98092516473658,14.673929966927838,44.15417293999547,13.619485597606992,44.90896145908646,Sp1519-7416
-0.5,None,73.35914994203627,-21.28814793889544,74.79652025509415,-24.632563431276804,83.18532618329152,Sp1520-3559
-0.5,None,8.335818377813554,-62.53602803135452,8.657704315797046,-68.346377610851,9.920381082408337,Sp1521+5053
-0.5,None,72.38304559295993,-32.3176148518745,75.1557114141196,-36.841428156678646,84.57636857098133,Sp1523-2347
-0.5,None,29.746203647514122,-69.17727371602953,30.80934460358617,-88.24677380193711,32.599301950196214,Sp1524+2812
-0.5,None,28.63817612323321,-69.45097751692258,29.60513588082555,-88.52736980705511,31.383522654016176,Sp1524+2925
-0.5,None,-2.043561162018992,-54.200764977568475,-1.5785881458053341,-57.75479440994227,-0.7397307725653892,Sp1524+6132
-0.5,None,63.677761126769326,-6.771756728498819,65.3534086594076,-9.487074822831381,68.00877580410577,Sp1525-5110
-0.5,None,36.663342767451745,-66.59900391245644,38.08962258863909,-81.33473058787197,40.0826843334803,Sp1526+2043
-0.5,None,62.84301591629817,-44.806101614453866,65.91036947669171,-51.358886058261966,70.11585220216055,Sp1527-0918
-0.5,None,72.28529450456298,-26.89362197683862,77.83999033875376,-31.54515536840451,89.26980058102532,Sp1529-2907
-0.5,None,46.58030689336934,-59.16678877249903,49.18334872494379,-70.11087323454248,51.370431557047276,Sp1530+0926
-0.5,None,61.231844767000936,-4.123712332587238,63.55325228889792,-6.961981622559822,65.47169051251036,Sp1530-5342
-0.5,None,39.93627484223038,-63.562859720181365,42.295935098950046,-77.36953140546991,44.115022196088646,Sp1531+1641
-0.5,None,43.50782427806562,-60.27430735890038,46.73279818480878,-72.98621100559876,48.47562147620581,Sp1534+1219
-0.5,None,65.0189453305129,-39.506782607098565,71.14197524127601,-46.35222206596585,75.1175437547404,Sp1534-1418
-0.5,None,64.07941188443094,-8.041209296214541,67.75976340343641,-11.435885867201455,69.95163912792064,Sp1534-4914
-0.5,None,27.158854069742517,-66.79644741664455,29.695593667108916,-88.57555969374799,30.80768525772266,Sp1536+2959
-0.5,None,68.80501438097794,-16.388553895131366,75.50033377700976,-20.75597914473601,79.27120280516922,Sp1537-3954
-0.5,None,-14.873111696306715,-42.66369335135304,-14.106065344950977,-44.68204893161719,-13.821438730854881,Sp1539+7437
-0.5,None,57.797868407378886,-46.423237586882735,63.84278970769776,-55.27044378835329,66.15225342341826,Sp1539-0520
-0.5,None,14.042759753668891,-63.735081244595996,16.284640123301372,-75.41588956435407,17.01566941796684,Sp1540+4347
-0.5,None,69.35172419848067,-28.418436265725585,79.72041152807034,-34.400665123236905,87.03606184459379,Sp1540-2613
-0.5,None,62.08908584973713,-5.977566736843407,66.66113406573555,-9.61749637015444,68.16210490692222,Sp1540-5101
-0.5,None,23.702481507154992,-65.20947927248949,27.036287381640975,-85.2653307967623,27.770080316227972,Sp1544+3301
-0.5,None,13.650925415025538,-62.85952062738906,16.379153855565782,-75.19289301165828,16.951713182569353,Sp1545+4350
-0.5,None,5.867928831526765,-58.79285701563712,8.079762975959877,-66.93873740483716,8.562898506406222,Sp1545+5214
-0.5,None,67.24378909935946,-30.77008956317564,79.16885681754717,-37.636561293611955,83.71858915397756,Sp1545-2255
-0.5,None,50.125113200015086,8.024811191851759,52.57077497893243,5.50533439577031,53.05287021536058,Sp1545-6608
-0.5,None,58.263263072241024,-1.4677481210185777,62.75584007571648,-5.026703412049596,63.61181752231331,Sp1546-5534
-0.5,None,62.07797416257635,-38.82844195347523,71.82107153694916,-47.212820700742675,74.0933734351716,Sp1547-1317
-0.5,None,67.2718919687516,-29.245270504257288,80.413638263637,-36.129001486577145,85.20087735726382,Sp1547-2423
-0.5,None,63.6571706950438,-35.802462843694165,74.92373793461608,-43.873751131993416,77.39885344123311,Sp1548-1636
-0.5,None,66.58654322151001,-15.35198625134228,77.06937912250334,-20.623900127621223,79.26459996576399,Sp1549-3954
-0.5,None,46.887581864103694,-53.47530394495601,53.52848133164156,-66.52852663540949,54.51671049851282,Sp1550+0616
-0.5,None,3.223135309561499,-56.55727847581395,5.774903304163894,-64.35425748016209,6.095261263058606,Sp1551+5442
-0.5,None,-6.2339444510205455,-49.702292916604044,-4.399201047577373,-54.23085942536247,-4.1542785254576104,Sp1551+6457
-0.5,None,66.71372817382343,-26.961759009201586,82.33760364023291,-34.047347497213686,87.17109792638968,Sp1552-2623
-0.5,None,39.89455564543645,-57.63552876181242,46.10667235795857,-73.85111549042331,46.78986668200789,Sp1553+1400
-0.5,None,37.51163936306944,-58.88490732776694,43.51686540455946,-76.29955294855684,44.135839692128634,Sp1554+1639
-0.5,None,43.126729441376334,-54.81642623862154,50.24105034395045,-69.76621034017555,50.89651756695035,Sp1555+0954
-0.5,None,58.39974158327686,-40.44270589809662,69.50834843882926,-50.31298672017895,70.73521855712605,Sp1555-0956
-0.5,None,36.038523226872876,-58.7216361614421,42.445433309486404,-77.06420469462861,42.91537129253087,Sp1557+1752
-0.5,None,-1.29335205520927,-53.058349448655065,1.3658414976602549,-59.73251477847202,1.55436457169264,Sp1557+5914
-0.5,None,64.05933363542741,-29.527451596405392,81.15072932051886,-37.78574476803119,83.22620729639927,Sp1559-2226
-0.5,None,64.22322351891341,-29.133916823634717,81.50918468883533,-37.32336043093925,83.69228863890197,Sp1559-2254
-0.5,None,34.054786984853116,-58.94102882595432,40.65414644630456,-78.37081058587894,41.02126377595287,Sp1600+1946
-0.5,None,65.65978562723174,-21.16373456765456,84.0297696570451,-28.1858112326344,87.10569975343611,Sp1600-3205
-0.5,None,62.46795892817051,-9.29770986317583,72.78882491936119,-14.657380382192525,73.47364678711064,Sp1600-4543
-0.5,None,65.40155372719092,-18.651345434195978,82.40374642967767,-25.364555305237193,84.28216187226157,Sp1601-3455
-0.5,None,48.83736187273902,-47.9195960947601,58.7958315841102,-61.21344667213776,59.26318210317726,Sp1602+0131
-0.5,None,-4.701315242972046,-50.338430732794706,-2.0270911927142605,-56.21696006442257,-1.9108392231838656,Sp1602+6242
-0.5,None,63.886072182094644,-27.78623153430666,82.84296536099306,-36.10264216772941,84.81908580917117,Sp1602-2401
-0.5,None,64.91099837601907,-24.417263150372694,84.9352344330754,-32.12770322230781,88.83095180084983,Sp1602-2803
-0.5,None,65.10724687592177,-18.491915325225236,82.59030588993387,-25.3127584143995,84.26063554828157,Sp1602-3455
-0.5,None,42.50421156206672,-52.58048700577579,51.32700126039962,-68.35926862854906,51.645281356365594,Sp1604+0908
-0.5,None,64.88126344033361,-19.941091538939936,84.14520556522702,-27.127875873720317,86.09320689067107,Sp1604-3303
-0.5,None,33.613499457311065,-57.64671699006835,41.05038719586686,-77.40742173105583,41.270012559579385,Sp1605+1931
-0.5,None,14.743647074993095,-60.00516712108189,19.748515382506152,-76.35502547590869,19.884779507332187,Sp1606+4054
-0.5,None,52.61404797966299,-42.57261472071357,65.14462110444023,-54.871462885456474,65.4970174059338,Sp1607-0442
-0.5,None,59.118390623111914,-34.4153282476457,75.43060335720321,-44.61199083005967,75.99570340624103,Sp1607-1512
-0.5,None,32.934872714885756,-57.29895946781815,40.66048126420595,-77.39170462662562,40.830239439417575,Sp1608+1957
-0.5,None,52.53445965348253,-42.475588421985194,65.18050783021776,-54.82504522170685,65.51407611275559,Sp1608-0443
-0.5,None,28.56799341377092,-58.84764894580136,35.69759919091626,-80.50536100961945,35.8397233236712,Sp1609+2457
-0.5,None,63.692942957304226,-18.099995376038965,83.78898638649957,-25.507251781914217,84.67583721976663,Sp1609-3431
-0.5,None,53.229394644361875,-40.64029455445921,67.0746333134326,-52.89343980185939,67.31292317059928,Sp1610-0631
-0.5,None,62.78575320170813,-14.566206332617659,80.4295983391021,-21.611126547902366,80.7829512890182,Sp1611-3823
-0.5,None,61.39206362207834,-27.13551436512497,83.4617749991739,-36.48106675733596,84.00196224647868,Sp1613-2313
-0.5,None,50.088195516823234,-42.745311143906,63.518782893711524,-56.19801326879992,63.640971636680035,Sp1614-0250
-0.5,None,43.49676918543703,-48.321219403539246,54.93808119306608,-64.2114748811357,55.01347789306304,Sp1615+0546
-0.5,None,18.260306876707556,-58.79178804712211,24.765044151757962,-78.50393539607019,24.806162526570763,Sp1615+3558
-0.5,None,42.08477616448282,-49.18106546250942,53.29767708199879,-65.64551296199897,53.357830118518855,Sp1616+0725
-0.5,None,56.2745248751625,-1.2445628233557346,65.62768613899154,-6.566234977387831,65.67570116113306,Sp1616-5331
-0.5,None,46.57374245900764,-44.39299936725668,59.92178714886645,-59.27442013566178,59.94287138588757,Sp1619+0050
-0.5,None,49.973481609773536,-40.67649694467863,65.03988397558513,-54.38064202381459,65.05928328035569,Sp1620-0416
-0.5,None,49.57078756943755,-40.74823467834061,64.71176847861625,-54.62251067432885,64.725863726694,Sp1621-0356
-0.5,None,61.18377172941336,-14.612437014380482,81.97442188531394,-22.458146545772472,82.00884878566909,Sp1621-3711
-0.5,None,43.60835983325233,14.60589660625951,47.343628511753295,11.578755429372547,47.34555030949591,Sp1621-7151
-0.5,None,5.728045269250688,-54.78184784041346,11.199812403580415,-67.48056985607852,11.203023220513286,Sp1622+4934
-0.5,None,49.87722168161862,-39.441250537011946,65.9217874192645,-53.278224708095074,65.92188708059035,Sp1623-0508
-0.5,None,57.13141867581378,-29.885607609145335,78.7636374182937,-41.03512166815911,78.76714285079599,Sp1623-1758
-0.5,None,56.56198726595702,-29.789240978645534,78.48941065159937,-41.16968309924364,78.47004676827935,Sp1625-1742
-0.5,None,29.62787442428736,-53.954864777153446,39.564309190306105,-75.19774285257395,39.5597942510695,Sp1626+2113
-0.5,None,26.256176045330513,-55.10176427515041,35.573816238412086,-77.02300184131867,35.56892273272478,Sp1626+2512
-0.5,None,50.466272195019286,-38.00133546711628,67.44357715371962,-51.67527093423503,67.431580610953,Sp1626-0639
-0.5,None,59.928510127134885,-13.130507282723162,80.99149259599088,-21.220729807617563,80.984152061458,Sp1626-3812
-0.5,None,-21.742279000343093,-36.06022643348996,-20.302446083932498,-37.93883077146159,-20.302082058304563,Sp1627+8105
55.19370947029286,None,58.63969386706255,-24.239692756113097,85.18920580886045,-34.56796989298355,85.19370947029286,Sp1627-2425
23.161548788256106,None,40.07092606390985,-46.94652204113675,53.15588648771024,-64.47692691916411,53.161548788256106,Sp1628+0737
52.11927292273664,None,57.02057379530002,-26.27490869997346,82.03131662600657,-37.37590880114116,82.11927292273664,Sp1630-2120
-1.6708898212412393,None,19.640710229063977,-55.46517667156122,28.313695797259896,-76.7531219936976,28.32911017875876,Sp1631+3227
-4.306837525331396,None,17.232602656600086,-55.288589767490734,25.671591595925403,-75.73643982544334,25.693162474668604,Sp1632+3505
37.302354745002276,None,49.034933392191576,-36.874869598205606,67.23911374363594,-51.185585098727316,67.30235474500228,Sp1632-0631
21.064346180812088,None,45.533156331814475,12.130698688441958,51.038090481883735,8.17310033501993,51.06434618081209,Sp1633-6808_1
21.06422065053846,None,45.53226898860557,12.131439556833612,51.037889079180054,8.173494374615489,51.06422065053846,Sp1633-6808_2
13.321504903907858,None,40.09609089700806,18.345112218971867,43.30588164604582,15.679767422782227,43.32150490390786,Sp1633-7553
30.15926188192951,None,43.4663199258614,-40.78994919514493,60.00812853373991,-57.196348039392895,60.15926188192951,Sp1637+0037
-4.815796586296269,None,16.350018839718146,-54.47408537184843,25.126473935258847,-74.77985104681767,25.18420341370373,Sp1637+3535
54.440996809210716,None,57.61977553494237,-14.469956395266417,83.68504615290084,-23.939943569164015,84.44099680921072,Sp1639-3444
54.32202314888093,None,57.354921628328796,-14.222941184534008,83.4572585949206,-23.76201860117683,84.32202314888093,Sp1640-3451
52.30012027285076,None,56.91995763599408,-12.340406542004885,81.45684503326352,-21.67123312669067,82.30012027285076,Sp1642-3654
0.707305545720299,None,19.893875909425276,-52.13409648825273,30.516962209828705,-73.88246394321256,30.7073055457203,Sp1645+3004
31.984238555667176,None,43.252298839084794,-38.14463028109631,61.57215826671312,-54.678195476143024,61.984238555667176,Sp1645-0112
44.106903028005206,None,50.30880602069106,-29.89502855757791,73.42961704456417,-43.73633314126307,74.1069030280052,Sp1645-1319
0.4951329433045686,None,19.582861997934735,-51.93510472563259,30.285740342684385,-73.6489093722276,30.49513294330457,Sp1646+3016
-3.808316719231229,None,16.087205377672404,-52.47535471747786,25.99977268858131,-73.19876253619523,26.19168328076877,Sp1646+3434
-0.5,None,3.136705845055817,-50.99420386749796,10.315164548870046,-64.68225275906306,10.445004409549838,Sp1646+5019
-0.5,None,10.530960987828642,-52.39213440848794,19.313346703703708,-70.49808081061546,19.487335146278983,Sp1647+4117
30.97668933591666,None,42.054067628515746,-38.221160361796514,60.46242345943554,-55.19408980974766,60.97668933591666,Sp1648-0012
59.456076695280785,None,55.166471886549004,-17.581443963138184,84.88503389757904,-28.619930980522547,89.45607669528079,Sp1648-2913
26.023242636656057,None,38.5846298849876,-41.07312771665842,55.547498291413994,-59.28174838693513,56.02324263665606,Sp1649+0444
2.4010036623087885,None,20.777775675719997,-51.009864800454906,32.12654423597555,-72.93470327896873,32.40100366230879,Sp1649+2822
28.78303451591703,None,48.60886216213285,7.113454877669608,58.46496479863278,1.2462295338488119,58.78303451591703,Sp1650-6026
30.76604688399182,None,40.9840446198151,-37.39248792996007,60.012425291064574,-54.740800007926715,60.76604688399182,Sp1653+0000
-0.5,None,-7.474516165195555,-45.6220754751739,-1.921884232990988,-54.19471517567855,-1.755459283769802,Sp1653+6231
-0.5,None,12.506817218763825,-50.970651374087495,22.633023069902254,-70.67575947088667,22.979788095444828,Sp1654+3747
50.878574246702826,None,54.55936438509027,-9.804414245802349,79.05307352257022,-19.625860574218454,80.87857424670283,Sp1654-3818
39.159818824683086,None,45.574557153476924,-31.522359103901458,67.97476261335865,-47.150411691275735,69.15981882468309,Sp1655-0823
45.15068861057311,None,48.465285018678955,-27.25611071796467,73.48181267176639,-41.68860988858698,75.15068861057311,Sp1656-1422
51.54455785348233,None,51.10080855637555,-22.66480584126391,78.94426793365835,-35.835633937637134,81.54455785348233,Sp1656-2046
19.864918031838734,None,32.75492765208251,-42.636721241015366,49.11534741708081,-62.701676972729885,49.864918031838734,Sp1657+1054
40.4404991800733,None,45.95502366485691,-30.388101514995075,69.05823971989474,-45.84760010664296,70.4404991800733,Sp1657-0940
-0.5,None,1.3992827673257502,-48.89160303068626,9.378374572884216,-62.792861941527185,9.709125656878019,Sp1658+5103
-0.5,None,-14.115194747382798,-41.35211493670889,-9.843686470310052,-47.09479137977078,-9.680978195781735,Sp1658+7027
-4.483439679691475,None,13.91979620134978,-49.81204350752909,25.010024594827275,-70.38734077442284,25.516560320308525,Sp1659+3515
47.67445962367225,None,48.76842803443814,-24.816518246760108,75.27278072472795,-39.00335285290555,77.67445962367225,Sp1700-1654
52.877439192502464,None,50.716074017383065,-21.061134778945824,79.32101732233758,-34.23731798302071,82.87743919250246,Sp1700-2207
51.99652701606962,None,50.27520304933814,-21.58469877551617,78.59947697665923,-34.97311716926115,81.99652701606962,Sp1701-2115
33.51052989145621,None,49.33578476464497,4.452771664881451,62.65812827139632,-2.7434063114897875,63.51052989145621,Sp1702-5542
36.04808779094465,None,41.72369363621178,-31.63886476298479,64.19153293119997,-48.59903141045889,66.04808779094465,Sp1705-0516
39.9277682590301,None,43.877494904873416,-29.139526541163544,67.78406653908918,-45.27571695455017,69.9277682590301,Sp1705-0909
34.5299216380039,None,49.27889171474776,3.9856409623106526,63.46725687505949,-3.539028037392911,64.5299216380039,Sp1705-5441
44.00838912303959,None,45.68581294098667,-26.196952993079456,71.30223463241103,-41.562957054465066,74.00838912303959,Sp1706-1314
-0.5,None,6.877961365511783,-48.50705868372588,17.09925049321587,-66.34289059779978,17.73943871257125,Sp1707+4301
-0.5,None,-10.101028105648423,-43.31627085662682,-4.240912547862664,-51.57004739137614,-3.893942664710524,Sp1707+6439
36.73643709392856,None,41.7938985816961,-30.893061243387194,64.69350222586564,-47.80135012642695,66.73643709392856,Sp1707-0558
46.163455664276086,None,51.550364531065526,-4.47539805621377,73.65215033437741,-14.259559605401908,76.16345566427609,Sp1708-4302
16.779594854006923,None,40.488719454588804,17.36264138155303,46.33946649776605,13.185160097423587,46.77959485400692,Sp1709-7226
2.7931677338850562,None,18.111626664951515,-46.32504341436568,31.788644271781326,-68.2070931722875,32.793167733885056,Sp1710+2758
-0.5,None,8.365150264095803,-47.753011950681206,19.46113368066389,-66.66393673257365,20.28071858188814,Sp1711+4028
34.15739052613215,None,39.357692078034276,-31.596654062924877,61.8621387103907,-49.317271644336245,64.15739052613215,Sp1712-0323
58.47479791677037,None,49.622582285330175,-15.105928726728623,79.39542632615334,-27.998904882180433,88.47479791677037,Sp1712-2742
18.571614506892274,None,29.02081979425352,-39.78723390966634,46.94875725834,-60.639057670182574,48.571614506892274,Sp1713+1211
49.35759058271856,None,50.748704797538906,-6.153971247034256,75.38926978971038,-16.816446555885417,79.35759058271856,Sp1713-3952
23.955393113908997,None,32.52280107668529,-36.93340130189345,52.05750185166483,-56.840892377344865,53.955393113909,Sp1714+0648
0.4323359393764932,None,15.70366736598056,-45.931886275254996,29.2809708100361,-67.5296151046445,30.432335939376493,Sp1714+3019
46.007804413843175,None,44.83151194578248,-23.362399997029968,71.87316739449373,-38.83454602860737,76.00780441384317,Sp1715-1515
49.73014075722057,None,50.430594967747574,-6.21776060103039,75.40971347947315,-17.045237377505167,79.73014075722057,Sp1715-3928
34.01657433363647,None,38.36439518755866,-30.782046240606487,61.300961234823546,-48.77075848446406,64.01657433363647,Sp1716-0315
-0.5,None,-8.21516187259651,-43.46581702663035,-1.0613309217583993,-53.54301116897544,-0.4434002889187827,Sp1717+6112
-0.5,None,-11.370525007494157,-42.04429306988054,-5.1963098552272795,-50.32209672118229,-4.680619924878502,Sp1717+6526
4.402840989790882,None,32.57851161251935,26.098085721778236,34.23173321344475,24.68496706599328,34.40284098979088,Sp1717-8449
-0.5,None,-13.404450858312636,-40.898214272907886,-7.769247727529123,-48.17026863720133,-7.282912381073317,Sp1718+6802
47.707570534817265,None,49.7096748467615,-4.267227044590248,73.52725225906936,-14.899831972137857,77.70757053481726,Sp1718-4131
42.60775757828421,None,49.248034006031716,-0.5740122743249929,69.65310683669084,-10.235665756544504,72.60775757828421,Sp1718-4637
41.63009931889603,None,49.03273987586343,0.18161598417844987,68.81439182973008,-9.312465304443133,71.63009931889603,Sp1719-4736
-0.5,None,4.047119205607731,-46.10509095481369,14.938050422889221,-63.4718179568967,15.990500880608778,Sp1720+4446
52.571764151585,None,46.01802964775224,-17.801640206254884,75.27351218358224,-32.357041966278466,82.571764151585,Sp1721-2149
-0.5,None,9.237932410613517,-45.31635470040518,21.98790313172426,-65.32974236630739,23.345846835728143,Sp1723+3724
35.018746584179155,None,36.91944007195031,-28.233988581514136,61.11645385830007,-46.510847385595184,65.01874658417915,Sp1726-0415
58.3916038537418,None,46.60916721102911,-12.965649303165158,76.3488868470126,-26.689676987330948,88.3916038537418,Sp1726-2737
31.941842287176932,None,34.84041503764229,-29.710926959432214,58.20456759654304,-48.65083104660979,61.94184228717693,Sp1727-0111
22.089085252147846,None,28.744610426122044,-34.98463234991545,49.17118542138678,-55.66325300376584,52.08908525214785,Sp1728+0839
-0.5,None,-19.259034782814307,-36.98676887672181,-15.036995328725574,-41.77178410821405,-14.556570514120784,Sp1728+7518
-0.5,None,7.864172282768718,-44.11293961361716,21.00034100574659,-63.93963099284603,22.654888847097503,Sp1729+3805
-0.5,None,-9.34667129714357,-42.09339010418164,-1.6720411170817542,-52.394619990427415,-0.7716168168703252,Sp1729+6131
14.421535265936122,None,23.151085562477153,-37.89952519842197,41.74546055098614,-59.60381273376869,44.42153526593612,Sp1731+1619
3.395577683687776,None,15.394289926833897,-41.672626503446416,31.228797978498594,-63.51805963449333,33.395577683687776,Sp1731+2721
0.6716200957162677,None,13.29979106598712,-42.17270693111722,28.558754518574187,-63.72082216941199,30.671620095716268,Sp1732+3004
4.499769484659083,None,15.937500823703118,-41.03299652911347,32.181270071111676,-62.94984925708705,34.49976948465908,Sp1733+2615
-0.9955218220144033,None,11.944426392714131,-42.327975347767314,26.895464405529154,-63.61867671684565,29.004478177985597,Sp1733+3144
47.66978914099728,None,41.504695262589884,-18.92128407032165,70.01223611857321,-35.11343294053097,77.66978914099728,Sp1733-1654
39.58592996862831,None,37.699792135941244,-23.92836056291074,63.947667131811436,-41.69889013922213,69.5859299686283,Sp1734-0849
42.61474054481742,None,39.09792324431043,-21.98391257279995,66.27139309119721,-39.19262101569814,72.61474054481742,Sp1734-1151
57.93690751534291,None,44.84668827403793,-12.016800344272077,74.58980186602088,-26.249663180186143,87.93690751534291,Sp1734-2711
30.544543877478525,None,32.477689027174556,-28.927794868812974,56.087283583278904,-48.43053208456088,60.544543877478525,Sp1735+0012
4.1724028329945,None,15.3570791123219,-40.65629247630375,31.71994307131651,-62.543525723969786,34.1724028329945,Sp1735+2634
58.470506116067085,None,44.824917657413565,-11.503061173073473,74.52273967341301,-25.667044349309073,88.47050611606709,Sp1735-2745
43.048217971547345,None,46.38072023830627,1.19211733476543,68.0750913885094,-9.373011033582573,73.04821797154734,Sp1735-4611
54.76681481105726,None,45.82326344324383,-6.7485450546366215,73.9185942751149,-19.691760827263465,84.76681481105726,Sp1736-3425
-0.5,None,0.3225187843524428,-43.06306952499273,11.945605430146047,-59.78173782287779,13.650052708095252,Sp1737+4705
5.838194568322606,None,15.839520975568247,-39.244981673304395,32.99615963396047,-61.20893600636195,35.838194568322606,Sp1739+2454
-0.5,None,-5.988980517457681,-42.003764558619274,3.735678392857769,-55.21158321417028,5.204778564417157,Sp1739+5532
21.06809780850574,None,25.488665959505976,-32.52937628005536,46.907505890051674,-53.67606074750497,51.06809780850574,Sp1741+0940
121.94727792539346,None,19.39008441111746,-36.00518481560449,38.582703041252515,-57.9550120433201,42.19472779253935,Sp1743+1832
92.92925037341313,None,17.47929097990579,-37.141477625532076,35.89950908402597,-59.1609951623263,39.29292503734131,Sp1743+2127
-0.5,None,-8.59985692779611,-40.9877240203728,0.5347782760434882,-52.90195504733641,2.011072012531428,Sp1743+5844
-0.5,None,-26.41574784586548,-31.664590131230778,-24.917842328102886,-33.103481038160986,-24.700333246273665,Sp1743+8526
306.73057399584707,None,43.055916806883836,10.472929786142167,57.61260097850844,2.1816452528158745,60.67305739958471,Sp1744-5834
474.22248795087864,None,38.81884127707337,-16.875478931901213,67.66563081488765,-33.70864445529513,77.42224879508787,Sp1745-1640
16.85718023621206,None,11.840504488172584,-38.963874436766076,28.558702102569008,-60.564443576147085,31.685718023621206,Sp1746+2903
-0.5,None,6.039204393765953,-40.86452194885716,20.61010131779388,-60.85758408663047,23.219266566381197,Sp1746+3731
-0.5,None,-3.1372211175970395,-41.53889622035895,8.215540481233681,-56.99442326400578,10.178315653243587,Sp1746+5034
366.10426221963405,None,33.57232023366294,-23.25869861317707,59.7540212316001,-42.1120058999115,66.61042622196341,Sp1746-0551
57.00930933031209,None,43.39594677053885,-6.66499123234267,72.2064953684528,-20.54737399507343,87.00930933031209,Sp1746-3214
80.58824349758069,None,15.56953299020838,-36.21972159303788,34.211025308356604,-58.22648882931495,38.05882434975807,Sp1749+2241
-0.5,None,0.682124739241946,-40.814508336542374,13.851494276191628,-58.68825815257744,16.3430377555535,Sp1750+4424
-0.5,None,6.112346690439763,-39.467081742456976,21.47746599210859,-59.780716852616536,24.55727347787192,Sp1751+3610
593.1169423349235,None,41.56175417099183,-7.211321898135671,70.88139212352004,-21.87323383279762,89.31169423349235,Sp1752-2949
444.6560047285824,None,43.53021343267023,2.4113534526574294,66.73121545184527,-9.19662688827786,74.46560047285824,Sp1752-4446
125.43644234710328,None,35.87691281308388,22.269652051519987,41.3842665889306,18.25246612588931,42.54364423471033,Sp1752-7642
539.438325381182,None,39.59100763962015,-11.380393363209365,69.3547570268135,-27.338617191186607,83.9438325381182,Sp1753-2312
232.53288467640942,None,39.90019082028705,16.011632858513117,50.75997281420455,9.167339041594648,53.25328846764094,Sp1753-6559
-0.5,None,-13.25058072923028,-38.63083470675663,-5.006650843785793,-48.487345686455626,-3.392658601479397,Sp1754+6408
-0.5,None,-9.510824894772021,-39.4953290199727,0.35494480710638343,-51.827825832432744,2.335253717340041,Sp1755+5824
321.77473810614026,None,29.29343564199933,-23.88576186643402,54.84195396048013,-43.79957491630358,62.177473810614025,Sp1755-0126
514.4278042408167,None,37.97806546025874,-12.325850857104589,67.60787055002739,-28.91600175310308,81.44278042408168,Sp1756-2042
578.5425138569408,None,40.18987608283166,-8.403175988164177,69.84910820694043,-23.740557130047144,87.85425138569408,Sp1756-2707
595.3309297641005,None,40.79380363083698,-6.820905478245516,70.13865896142194,-21.693472364973026,89.53309297641005,Sp1756-2933
439.43032679236705,None,42.82365168980612,3.2920340007266176,65.84934382095678,-8.38086279175769,73.94303267923671,Sp1756-4518
190.2462346301951,None,21.18674518454522,-30.056700806052188,43.35501969496404,-51.67030931528344,49.02462346301951,Sp1757+1142
-0.5,None,-17.7040464618879,-36.76890975669112,-11.261829426548875,-43.92613197591403,-9.95830488001278,Sp1757+7042
436.29105469492333,None,34.577054112600784,-16.89389684779866,63.02941966944472,-34.95702233252353,73.62910546949233,Sp1757-1253
449.1904249501699,None,42.57956472127613,2.837372148060257,66.19149847395305,-9.100115905712514,74.919042495017,Sp1757-4419
-12.190677957504654,None,8.054660794706699,-37.32649840972889,24.959410386150044,-58.451240898678904,28.780932204249535,Sp1758+3157
586.1262415369656,None,39.9568307986305,-7.398619018497618,69.50347099086211,-22.66033710182444,88.61262415369656,Sp1758-2804
593.5440804941874,None,40.11248779412556,-6.6808681312881975,69.51892215816905,-21.772112691160764,89.35440804941874,Sp1758-2904
281.4748714095168,None,26.130364373156752,-25.092407222845885,50.89937173106018,-45.71752712434964,58.14748714095168,Sp1759+0235
467.2590791586539,None,35.3794189250106,-14.563505420534252,64.46725828344583,-32.175097044330656,76.72590791586539,Sp1800-1559
-0.5,None,-20.4599299718646,-35.26144280177152,-15.121661367669809,-40.87453511203801,-13.96836090833872,Sp1801+7442
591.4821964060474,None,39.46720313744178,-6.71929424108342,68.95492625813563,-22.042385113292738,89.14821964060474,Sp1801-2825
449.518521240216,None,34.16895313154334,-15.226940053149518,63.0072505930429,-33.24256396049039,74.9518521240216,Sp1802-1412
465.6850697081384,None,34.522895508948864,-13.959220124573477,63.66421720616412,-31.749702825293614,76.56850697081384,Sp1803-1550
587.0604357561506,None,39.61836016068556,-5.085013809675957,68.74375715936733,-20.08094880697077,88.70604357561506,Sp1803-3031
470.02045966122796,None,34.481437106907116,-13.494411390364018,63.70831869560807,-31.248081092677456,77.0020459661228,Sp1804-1616
577.0252124920542,None,39.59394727668132,-4.274000217944371,68.50442439514732,-19.13438140563689,87.70252124920542,Sp1804-3129
571.6573208679273,None,39.56272795221068,-3.8327766721452856,68.34747944924845,-18.62368807651126,87.16573208679273,Sp1804-3200
450.9956768917701,None,33.44331307267453,-14.411936110362426,62.40251826984217,-32.54413949204383,75.09956768917701,Sp1805-1422
585.4013912375176,None,38.38767760971376,-6.208497020693433,67.90327082910838,-21.820673558535876,88.54013912375176,Sp1805-2758
13.34930149828974,None,8.319771636810954,-34.81758211960609,26.550982254715464,-56.25494258745368,31.334930149828974,Sp1806+2923
-0.5,None,-5.396944456935772,-38.18658901206752,7.353431067783605,-54.05272270643806,10.476865797650728,Sp1807+5015
371.64104021573706,None,29.42938631822956,-18.704679161183243,56.85051543682446,-38.210487223584245,67.1641040215737,Sp1807-0625
557.1533102622753,None,37.09602787957239,-7.721600740873885,66.84609423408283,-23.987669694372123,85.71533102622753,Sp1807-2459
-464.97031117218125,None,4.192777087562765,-36.07646965819865,20.969940451304346,-56.49757013069116,25.350296888278187,Sp1808+3523
584.0106164342446,None,37.60860961962076,-5.835910469603852,67.14198820827754,-21.652371321855494,88.40106164342447,Sp1808-2739
77.43115279627226,None,11.994883391148813,-32.19069004732041,32.07749397075765,-54.138585427735975,37.743115279627226,Sp1809+2259
252.0172002377456,None,21.95520334828024,-23.95859731652834,46.75346652601796,-45.19119954213768,55.20172002377456,Sp1812+0531
51.2875487106254,None,9.734293224721057,-32.36232221948961,29.394074210729705,-54.142375990126105,35.12875487106254,Sp1812+2536
564.1028731183912,None,35.93802572882356,-6.123280655151804,65.62334560975287,-22.52968722594441,86.41028731183913,Sp1813-2542
463.374124207605,None,32.021770377793914,-11.947440237389616,61.33621513522502,-30.20846197135827,76.3374124207605,Sp1814-1536
511.5363389706828,None,33.98430635854812,-9.161727271295486,63.71598897020161,-26.566788917938943,81.15363389706827,Sp1814-2025
438.93378735083263,None,39.69626502722692,5.787865758721296,63.12518798975612,-6.613184241942953,73.89337873508326,Sp1814-4522
533.6109049560271,None,34.528827042095664,-7.636096285981664,64.31388243136564,-24.687991197461848,83.36109049560271,Sp1815-2237
204.40685956582377,None,18.204999860793112,-25.164290982280452,42.11900394477423,-46.881353170667204,50.44068595658238,Sp1817+1017
-0.5,None,-1.1643663949215013,-35.01229065339853,14.894198035038542,-54.00135179891185,19.695081958745767,Sp1819+4101
-0.5,None,-16.491362084693357,-35.70098106277398,-7.747822351615322,-45.242054915534816,-5.285096537199655,Sp1819+6600
486.93404702435953,None,38.29500551807593,3.6557705978075856,64.10397242756133,-9.993074249126888,78.69340470243596,Sp1819-4032
313.5350264287973,None,38.569602226432835,13.78515869360456,55.0820536329327,4.121301948135719,61.35350264287973,Sp1819-5754
164.95191996756873,None,15.045333482337758,-26.007974756080305,38.24363203389322,-47.960174084814525,46.49519199675687,Sp1821+1414
282.3454555000145,None,37.976891997399015,15.70009863378521,52.74347830846592,6.777148544446288,58.23454555000145,Sp1821-6101
-0.5,None,-0.5691866593067244,-34.12049774491262,16.139402257264233,-53.54322680791087,21.365813207748314,Sp1822+3921
-0.5,None,-1.3251517686419076,-34.323663460746076,15.07582999275036,-53.43960499085443,20.195431240913866,Sp1822+4032
-0.5,None,-20.93058488443955,-34.09293562804914,-14.460926708026166,-40.642519246153945,-12.539095407790079,Sp1824+7316
357.42404199647183,None,24.874595740021128,-15.760929231514098,52.71614381370289,-35.991481982474006,65.74240419964718,Sp1824-0500
363.4246600978932,None,25.293885386113242,-15.558359649424089,53.23098435088029,-35.69252721038785,66.34246600978932,Sp1824-0536
542.0748684644058,None,36.34560237441597,1.2006979139283518,64.19135168071138,-13.792232220099935,84.20748684644057,Sp1824-3503
539.3928063447122,None,36.38904530729608,1.3702472609238905,64.15215643425896,-13.571168056806432,83.93928063447122,Sp1824-3519
-0.5,None,-8.31539374725423,-35.392997663195196,5.168704204849094,-50.991288832511295,9.356626214547479,Sp1825+5122
495.9913179554751,None,30.91870211270605,-7.869812010883732,60.634506642918836,-25.976803946604537,79.5991317955475,Sp1825-1853
4.866899795251811,None,4.519846146180189,-31.055213826708837,23.90265391179084,-52.24644650291356,30.48668997952518,Sp1826+3014
435.7598231363851,None,28.03165643364426,-10.948916685654023,57.22565927351688,-30.103189941367877,73.5759823136385,Sp1827-1251
284.6176987764699,None,20.121548349051814,-18.566432237589943,46.638941587809796,-39.75983903418353,58.461769877646994,Sp1829+0215
227.68198798205873,None,16.968926018651782,-21.315548919413196,42.20031169185454,-42.99767873038291,52.76819879820587,Sp1829+0757
47.14752432166698,None,6.4949684374631,-28.949428852130477,27.209861929579926,-50.594972179621344,34.7147524321667,Sp1829+2600
453.77223906785514,None,28.415068294224376,-9.580529361202053,57.840911690428705,-28.5098952381895,75.37722390678552,Sp1829-1439
494.380005305067,None,29.9238606025359,-7.141448796445905,59.6527368649112,-25.42867058662291,79.4380005305067,Sp1830-1842
246.7296655838173,None,36.344946580028015,18.5450435225955,49.399515566277536,10.302936878878912,54.67296655838173,Sp1831-6435
83.00342216205188,None,7.879308791214113,-26.747973305377588,29.78551040217896,-48.62325529367819,38.30034221620519,Sp1833+2225
553.468695193577,None,33.99933776165527,2.2776528043180577,62.117293105235014,-13.354377505116522,85.3468695193577,Sp1834-3353
260.49112883369435,None,17.492841636747308,-18.390477733277383,43.78175577140978,-39.89585068465387,56.04911288336943,Sp1835+0440
-22.760362067585653,None,1.2505052144443427,-29.983112693346502,20.510586125010416,-50.67312436311575,27.723963793241435,Sp1835+3259
541.5329424040477,None,33.819633862730605,3.383671404354545,61.57812674130496,-12.091139218771806,84.15329424040478,Sp1836-3507
147.5356931937369,None,10.843069782596876,-23.231695038422846,34.60564852340695,-45.25129038206181,44.75356931937369,Sp1837+1558
413.5008358140208,None,35.93842439586868,10.50351571760344,58.44020090423941,-2.1809724718249366,71.35008358140207,Sp1837-4755
8.4938665216497,None,2.424402970008802,-28.19862311344947,22.763909346822462,-49.33583279707099,30.84938665216497,Sp1839+2952
-0.5,None,-6.08626841897881,-32.10218248353364,10.226508018620605,-50.07043641820015,16.30790517148784,Sp1839+4424
63.500666471347884,None,5.227239139956305,-25.76781692292597,27.13668625353054,-47.470744616312125,36.35006664713479,Sp1841+2421
454.7243120493164,None,34.77458639969323,8.824129927870585,59.28823021736477,-4.943549602236921,75.47243120493164,Sp1841-4347
-0.5,None,-19.351936225129293,-33.32398328002162,-10.406648203499946,-42.39319489236697,-7.143299120590278,Sp1842+6751
309.56257434594966,None,18.773061502780934,-14.606111134551774,46.32408241254693,-35.75828053268811,60.95625743459497,Sp1842-0014
501.7074154586578,None,33.693610714189965,6.4669189946010315,60.11877348677169,-8.373642553819428,80.17074154586578,Sp1842-3905
380.30194448312034,None,35.45633958474486,12.899759377018066,56.30595056969923,0.8545976736280796,68.03019444831203,Sp1842-5114
191.84832871312068,None,12.173045646764203,-19.9981191335643,37.30111249006305,-41.95407386106015,49.18483287131207,Sp1843+1132
386.42638592631613,None,3.491370912091136,-26.353056964289536,24.856886869854794,-47.819539920089674,33.86426385926316,Sp1843+2651
-0.5,None,-4.506532628218544,-30.57809338708083,13.106195243185851,-49.56642804374677,20.04689544627066,Sp1843+4040
336.40629346120204,None,19.83743535884066,-12.941620212389264,47.92010134015062,-33.839006728337885,63.64062934612021,Sp1843-0255
235.19816158884936,None,14.156405145595214,-17.56329781373303,40.33653993837358,-39.34057689293636,53.519816158884936,Sp1845+0711
-0.5,None,-3.7868351058404226,-29.76405103142792,14.443590703421691,-49.17814121102537,21.829252220634682,Sp1845+3853
563.0347529382705,None,29.27709743495898,-0.42914486353526293,58.790718068735266,-18.032336892404356,86.30347529382705,Sp1845-2535
2531.4212557003734,None,34.983270835007886,19.50397049127538,48.774037301276444,10.750834566919211,55.314212557003735,Sp1845-6357
564.2048569161325,None,31.38264307790929,3.7086963842261653,59.677890066623846,-12.559264503197921,86.42048569161325,Sp1846-3250
548.9852749176772,None,31.468195660302314,4.804503910031133,59.372858262021396,-11.223916616810671,84.89852749176772,Sp1847-3419
2035.2398791455932,None,34.16459459525392,21.983339689633848,45.213674574104765,14.63394768465965,50.35239879145593,Sp1848-6855
703.5233839983455,None,31.508736776019237,27.056547540333984,35.36704431504754,24.132068133858297,37.035233839983455,Sp1848-8214
547.0012967345655,None,27.675574325593434,-0.37164543935479405,57.29330604347569,-18.417326836424152,84.70012967345654,Sp1849-2359
401.74644164465644,None,2.0513938631449586,-24.563595380349064,23.945807863503227,-45.98153810151915,34.017464416446565,Sp1851+2641
-0.5,None,-15.93675014857778,-32.33271105111618,-3.77385722773908,-44.926645881550165,1.1320030513364043,Sp1851+5935
-0.5,None,-12.610381758988941,-31.458874342491622,1.7918145921500095,-46.59286742264673,7.761019209429205,Sp1852+5257
338.14923933873564,None,18.014433971923296,-10.958434369778166,46.386082861549774,-31.996812984866654,63.814923933873565,Sp1852-0305
3214.2809493554446,None,34.168803368163495,17.189384391126605,52.01244663344125,6.328325555871069,62.142809493554445,Sp1852-5708
481.37812291152056,None,31.967307886942784,9.422409431608454,57.6065587793086,-5.382036342126395,78.13781229115206,Sp1853-4107
-0.5,None,-27.309533828919232,-30.51848202290105,-24.797125078270234,-32.694230852542525,-23.780152824274204,Sp1854+8429
3219.9385176471574,None,33.9111295896282,17.388400571246052,51.82399580737509,6.458541507909328,62.19938517647157,Sp1854-5704
2004.5290341697316,None,33.46739450379769,22.719303347919634,44.511618679663854,15.320838420380166,50.04529034169732,Sp1855-6914
-0.5,None,-18.660629995214432,-31.93359880663498,-7.810826550495348,-42.78727537638954,-3.237211695842152,Sp1856+6356
390.8431098622532,None,19.71751551267538,-7.409412784656212,48.886428985411875,-27.93764583964012,69.08431098622532,Sp1856-0822
1870.795279399448,None,9.021441579352382,-17.143461527712404,34.72818627786167,-39.149919222919245,48.70795279399448,Sp1857+1200
550.6037980977447,None,25.942544360655333,1.517394427945307,55.474862569426755,-16.74287090858823,85.06037980977447,Sp1858-2420
1893.041011985632,None,8.834434039153873,-16.718712749207693,34.65613415896165,-38.72473421291483,48.93041011985632,Sp1859+1146
1469.1160390839818,None,32.53549358214489,24.98358850862872,40.650821807044835,19.272675887496447,44.69116039083982,Sp1859-7435
607.9676190732783,None,0.9328508895517341,-21.25499974220939,24.009049497663632,-42.77935940984561,36.07967619073278,Sp1903+2437
-36713.86623717886,None,-4.2672638674672,-24.966608292548763,16.23262083481534,-45.169825839703414,26.328613376282114,Sp1903+3422
-46476.59792679381,None,-4.763327311660069,-25.32703021143179,15.457867261741859,-45.34842684409696,25.35234020732062,Sp1903+3521
467.89818710251353,None,30.37218302155449,11.792063565876918,55.45893229313157,-3.0511390803260547,76.78981871025135,Sp1904-4229
1303.397664012568,None,4.456975326123022,-18.081627199110613,29.251137772207855,-40.02505470492144,43.03397664012568,Sp1905+1740
4254.369107348756,None,31.138979209966013,13.943161819527612,54.430966403871246,0.06836983243405495,72.54369107348757,Sp1905-4644
-0.5,None,-7.958074211418829,-26.154496427625748,11.090109749351948,-45.09693100646367,20.52369459367526,Sp1906+4011
3596.1270764408,None,16.052530713448082,-6.888807660266836,45.042104479147184,-27.945252588810995,65.961270764408,Sp1906-0515
3081.4184913895238,None,32.446364092383924,19.388998253837446,49.7910024246502,8.534726670951,60.81418491389524,Sp1906-5828
2597.5457746348325,None,10.796186480500667,-11.578967991920955,38.32564998288007,-33.39611599610338,55.975457746348326,Sp1907+0443
805.5110067577886,None,1.0171958659369809,-19.379521600036174,24.836006046276438,-41.03011378881377,38.055110067577886,Sp1908+2238
1420.7394736407764,None,4.108110692287083,-16.519867698296924,29.391245552514487,-38.48291891627489,44.207394736407764,Sp1909+1629
503.0647683288592,None,21.875374157888846,1.1145749569107288,51.62419784819725,-18.199973944379007,80.30647683288592,Sp1909-1937
1562.1776336695639,None,4.7475225362351665,-15.771298080937042,30.361710166877774,-37.76601788089385,45.62177633669564,Sp1910+1504
1365.9713791977056,None,3.747208219082903,-16.690255766217067,28.924465544070966,-38.635374217151444,43.659713791977055,Sp1910+1702
-0.5,None,-16.65885190440611,-29.46542999273151,-2.6487647875074245,-43.30033861736156,4.131425040836436,Sp1910+5634
3339.427408672144,None,13.161082832748946,-6.551406063406227,41.98867508560279,-27.94823170609285,63.39427408672144,Sp1913-0241
-0.5,None,-22.119753992854264,-30.3619958687738,-12.277783399503761,-39.58619114143597,-7.439187414480471,Sp1914+6808
590.7228841337417,None,24.826760340951527,7.452120862516959,53.41137780347711,-10.243681633949139,89.07228841337417,Sp1914-3008
2983.1105843139485,None,10.848708490592996,-7.759295129248632,39.25689753885441,-29.43671824619633,59.83110584313948,Sp1916+0051
2554.679392140928,None,8.52879957355258,-9.691841044368545,36.292889927755425,-31.587851852939142,55.54679392140928,Sp1916+0509
5882.2990673378345,None,24.33526938495188,8.055320104471859,52.855997167213786,-9.68749100880315,88.82299067337834,Sp1917-3019
5804.068294147545,None,24.213846709932234,8.929923019787827,52.52490994631675,-8.704309981653543,88.04068294147545,Sp1919-3115
627.1510026141882,None,-2.303783038369849,-17.579594748571086,21.670235299879934,-38.97807828393038,36.27151002614188,Sp1921+2425
5961.3503103616795,None,23.0580455702404,8.37599516859748,51.72293855278846,-9.684925834093624,89.6135031036168,Sp1921-2915
2139.7912651385504,None,4.993933673128038,-10.227452220903263,32.257599239732706,-32.241422819496684,51.397912651385504,Sp1923+0917
5609.429591071341,None,24.017868602025747,10.638612070348648,51.86330198579959,-6.758757131852854,86.09429591071341,Sp1923-3308
1061.6149913385564,None,-0.7335895772020622,-14.991239992776414,24.39748359813975,-36.712038246726976,40.61614991338556,Sp1924+2004
731.7553177058613,None,-2.443397282552232,-16.413752457396292,21.93751828001596,-37.87974433087139,37.31755317705861,Sp1924+2322
-0.5,None,-25.507972941097236,-29.92872978357978,-18.557523217300957,-36.05397661982801,-14.85184240925618,Sp1924+7533
3738.467468815972,None,29.011971385012338,19.05635633927378,49.95125652513319,5.928431133199319,67.38467468815972,Sp1924-5154
2368.8279308517585,None,5.817557070284906,-8.791442334616441,33.52388779907085,-30.77573175438455,53.688279308517586,Sp1925+0700
2105.934109652775,None,4.418451847604273,-9.982586686043685,31.68304971556998,-32.00039769942434,51.05934109652775,Sp1925+0938
4611.583327260121,None,26.682718974390145,15.6489520348739,51.411393803135034,0.30896244873089657,76.11583327260121,Sp1926-4310
507.5796913050034,None,-4.086975671889541,-16.845978700355413,19.873794306405706,-38.06606277518703,35.075796913050034,Sp1927+2537
4073.379326259952,None,27.82556196164117,18.14016807784122,50.32493467022354,4.0649521677511204,70.73379326259952,Sp1927-4833
1766.541814551679,None,2.0708225154705553,-10.946697858460675,28.811695109691044,-32.93828681443833,47.66541814551679,Sp1928+1301
704.7685980358829,None,-3.2739632918604924,-15.804599619032276,21.198015660988858,-37.21487907968532,37.04768598035883,Sp1928+2339
-33.6249897567836,None,-8.606547209394854,-19.945363303692595,13.26075093552323,-39.93776445600142,26.63750102432164,Sp1928+3403
4535.287022348158,None,26.417923923170555,16.420816707412005,50.83977799598184,1.181214939288069,75.35287022348157,Sp1928-4356
4228.5622145667585,None,27.30673787973661,17.63495922040043,50.48173570897855,3.147616334865128,72.28562214566759,Sp1928-4700
1966.1825838517295,None,2.8182385739128435,-9.730224384156555,29.973129973763594,-31.74552799325296,49.661825838517295,Sp1929+1101
3567.177842449011,None,10.79490118705858,-1.9604377167942582,40.133765504984595,-23.376472892211797,65.67177842449011,Sp1929-0458
4603.761670178551,None,15.424915113529927,3.384895058152916,45.206905406558725,-17.003816772227875,76.03761670178551,Sp1930-1521
2031.725515304354,None,2.4343131139374248,-8.69228959344387,29.813112498612167,-30.70892874227089,50.31725515304354,Sp1933+1022
1095.3092569104108,None,-2.3674916139386104,-12.96472841134049,23.203276048279072,-34.64467557036431,40.95309256910411,Sp1933+1944
886.3693911937289,None,-3.4145110486943855,-13.905012857109918,21.69789238768404,-35.42869337433679,38.86369391193729,Sp1933+2150
3887.048071120748,None,11.5221733017629,0.4081065724826085,41.12720139311381,-20.78885653805633,68.87048071120748,Sp1933-0810
5931.294216756578,None,19.954041800630986,10.922192712097516,48.53446924872093,-7.607506175645021,89.31294216756578,Sp1935-2846
3561.9789869554993,None,9.248396972822727,-0.4745367910274659,38.669878191811975,-21.976075783896334,65.61978986955499,Sp1936-0455
4467.264748609644,None,13.40551412973451,4.080509464228434,43.18959390440396,-16.589924627035455,74.67264748609644,Sp1937-1359
-0.5,None,-14.709366942700646,-21.543766992892902,4.91721475411921,-39.39341041690722,17.336231567226964,Sp1938+4321
4664.292954091303,None,24.26496867697645,17.575005687968552,49.090484949742745,1.7609305069538577,76.64292954091303,Sp1939-4239
3146.1942223627298,None,27.993117165457452,23.25181628579673,46.01807453766027,11.427584914732606,61.4619422236273,Sp1939-5750
1807.064824968856,None,-0.16103437457470826,-8.263755747971944,27.043667730865913,-30.2322754200587,48.07064824968856,Sp1940+1237
2174.9867203828726,None,29.24070170982557,26.18297348202801,41.97650367876823,17.44158040218265,51.74986720382873,Sp1941-6733
1146.2885262127131,None,-4.034299837534146,-10.756810443216871,22.002242580424642,-32.401078973235514,41.46288526212713,Sp1942+1913
4804.826315641784,None,23.212362500559813,17.58562080510136,48.49737369497594,1.3625714581698227,78.04826315641785,Sp1942-4115
2787.4237030146096,None,28.18587865106555,24.773870914779263,44.333165327752674,13.977555335187523,57.8742370301461,Sp1943-6125
2888.6309023609547,None,4.301626347025732,-2.1155563090134244,33.19664716776122,-24.033417709016852,58.88630902360955,Sp1944+0147
1072.6979076687023,None,-4.670515590290787,-10.813355856287098,21.26385651775665,-32.39404687729638,40.72697907668702,Sp1944+1957
-0.5,None,-20.35711559351696,-24.06363647262571,-4.185273529209865,-38.53841368899588,6.210024412217355,Sp1945+5428
5660.174777653765,None,16.849557605032363,11.528373743133967,45.754014041744476,-7.701433996604097,86.60174777653765,Sp1945-2557
4021.9427212012447,None,25.12914320244299,21.04302172436255,47.351252283715006,6.645856433911861,70.21942721201245,Sp1945-4904
1175.5202286596173,None,-4.594369776695682,-9.90295494973001,21.625243619990574,-31.54094812876896,41.75520228659617,Sp1946+1856
4244.405187097669,None,10.263108351432574,5.06982013832342,40.043366637515184,-15.991747839458844,72.4440518709767,Sp1946-1145
1347.2428200931447,None,-4.415262909538538,-8.42969458088845,22.250476968604165,-30.154747596261945,43.472428200931446,Sp1949+1713
5937.967108786751,None,-8.123559265353402,-11.854980149399328,16.98043314688073,-32.93616486332277,35.93796710878675,Sp1949+2445
6074.5964177500655,None,-8.207771319221257,-11.64010333824563,16.95600064952542,-32.72832340493111,36.074596417750065,Sp1950+2436
-354.82963581711255,None,-13.194673151735547,-15.351977801863029,9.700905439714862,-35.00499155577684,26.451703641828875,Sp1953+3414
-0.5,None,-17.62237750255295,-19.40056917540133,2.3026921312077837,-36.80384448853776,16.273542569028727,Sp1953+4424_1
-0.5,None,-17.624377488614776,-19.39916453712162,2.3008566122516467,-36.802111799974696,16.27277348812674,Sp1953+4424_2
1265.5048194769797,None,-5.901636429724687,-7.718469443945059,20.77982989939572,-29.35164962295544,42.6550481947698,Sp1954+1801
-0.5,None,-19.67636639521602,-21.133393865676073,-1.373000513435946,-37.14634579408197,11.29938802019373,Sp1954+4923
1982.0682468962814,None,-2.517415589054646,-4.172095797089709,25.412280721154175,-26.135230720194443,49.820682468962815,Sp1955+1052
4395.6811783816875,None,9.114538803749612,7.641043419275931,38.88541734247881,-13.401053690609686,73.95681178381687,Sp1955-1316
1787.2231185341227,None,28.50953127882882,28.117426461413036,39.155829158394475,20.585523250232303,47.87223118534123,Sp1955-7126
2980.693854241253,None,2.0464603515654587,1.0391112276082233,31.24035727035247,-20.905817002247108,59.80693854241253,Sp1956+0052
1625.1839850201457,None,-4.495089164887393,-5.6602649868574355,22.88674576600744,-27.489521905324416,46.251839850201456,Sp1956+1426
4859.223411911765,None,11.088911162003033,10.005283085192035,40.68360040479503,-10.552559877396398,78.59223411911765,Sp1956-1754
65434.84582098124,None,-9.469330387318172,-9.929270094187427,16.0712444302998,-30.98687269188026,36.543484582098124,Sp1957+2408
82977.68190931599,None,-9.014618849659284,-8.737826970291163,16.965341468275902,-29.95911248977035,38.2977681909316,Sp1959+2223
-275.9156674385821,None,-12.99636020897261,-12.646720273979975,11.017133406787092,-32.7644080476256,29.724084332561418,Sp2000+3057
2389.3230603787238,None,-1.993937041498451,-0.7150879969413605,26.655322188709405,-22.729189708529912,53.89323060378724,Sp2001+0647
3604.9074588662224,None,3.7305606459569645,5.440984513023485,33.40594948119103,-16.284723939322493,66.04907458866222,Sp2002-0521
4476.359357156543,None,20.837457145527384,22.276359853997857,44.72710401053126,6.326833511921952,74.76359357156544,Sp2002-4433
34882.848018638426,None,24.147992178445985,25.217768467737194,43.87378115820781,11.92233602613235,64.88284801863843,Sp2002-5425
4494.569242646255,None,7.559029580746198,10.142390615356268,37.27556145186248,-10.938198782535945,74.94569242646254,Sp2004-1416
3955.2250651032596,None,4.6437321853145,7.92525799808194,34.42167501723379,-13.617247931519886,69.5522506510326,Sp2006-0852
2410.390031212667,None,-3.764565835215547,1.2552865936568764,25.074048105982108,-20.748822418341835,54.10390031212667,Sp2010+0634
17898.113277041397,None,-7.233487579754655,-1.3370336617077263,20.84794445017748,-23.143910752926157,47.898113277041396,Sp2012+1246
14223.006019283644,None,-8.952899961850576,-3.1763989931381476,18.54765000940056,-24.76767321569137,44.223006019283645,Sp2012+1627
32555.252006069062,None,23.087561572135378,27.583804225849807,41.64216906861696,14.747994526788101,62.55525200606906,Sp2015-5645
13357.786211110564,None,-10.177071869827355,-2.805597985340469,17.280167649166074,-24.298095630691872,43.357786211110565,Sp2016+1719
4144.518217459805,None,3.3185579742976783,11.069866059941232,33.08459742131746,-10.446939640163722,71.44518217459805,Sp2016-1045
3080.948681380668,None,-2.1245518886320682,6.188302438569904,27.398958506826478,-15.80303716822279,60.80948681380668,Sp2018-0007
3769.3341355127345,None,1.1086067465644547,9.67431102291799,30.884681479157546,-12.086207408248201,67.69334135512734,Sp2018-0701
31038.357382401053,None,22.999494337173378,28.47152259055,40.79619711917504,16.040042829026724,61.03835738240105,Sp2019-5816
-0.5,None,-18.905661066386166,-11.307059593368844,4.498650827807769,-30.22171277387911,24.61554282898275,Sp2020+3603
84022.17041285311,None,-13.503964416184052,-4.229071907055553,13.19618142543478,-25.205003905388626,38.40221704128531,Sp2021+2216
4957.355060455711,None,15.661715021493977,24.052877919980425,40.885235249279745,6.577110903902148,79.57355060455711,Sp2022-3944
4623.773853695702,None,16.86970655135306,25.302359347745178,40.99488245890546,8.563651363789718,76.23773853695702,Sp2023-4305
3926.142559111314,None,0.33100625674221135,11.985408170835813,30.109200555227016,-9.746969710025288,69.26142559111314,Sp2025-0835
2600.707691217346,None,-6.328527057576452,5.664432864315375,22.94359159236121,-16.334902291919562,56.00707691217346,Sp2026+0439
59289.265748448255,None,10.436482501528584,21.262987210512204,38.10945307853326,1.7964572211299479,89.28926574844826,Sp2026-2943
474.7856001257901,None,-16.196854361290338,-4.9974173572560945,9.920904516165711,-25.458547816788528,34.7478560012579,Sp2027+2555
30847.89355214673,None,-4.325390869718302,8.427571939716811,25.285192311330505,-13.582379773352544,60.84789355214673,Sp2028-0010
-0.5,None,-27.09719474990097,-19.622862552825715,-10.861404875902576,-32.57993944367158,2.832133794519977,Sp2029+5750
198064.6002240698,None,-10.340464403260654,3.5493075701463117,18.380881770506726,-18.228735329539518,49.80646002240698,Sp2031+1052
-0.5,None,-23.181745462319512,-12.063106298095317,-1.08842329768775,-29.514908503498816,18.746831693956732,Sp2032+4155
20009.689089088035,None,25.011856635943506,31.041690199486048,36.99343430617255,22.358151233139303,50.009689089088035,Sp2032-6918
2275.139685584534,None,-18.440095780009297,-5.099148435577883,7.318151342903164,-25.117931317055987,32.275139685584534,Sp2033+2823
-66.07226928153658,None,-19.586678221355903,-6.610835695097022,5.480823330054696,-26.165317105431452,29.339277307184634,Sp2033+3119
222130.84415927803,None,-9.891316116706875,5.459658324522045,19.14633270367442,-16.407098264581563,52.2130844159278,Sp2034+0827
-0.5,None,-25.219455950346905,-14.14391745794236,-4.755912721538144,-30.246938554281275,13.528665254281657,Sp2034+4708
58089.425043478666,None,9.393675127119332,23.617686788881148,36.60445776443652,4.224653313145957,88.08942504347867,Sp2035-3110
45497.46154250326,None,15.175754528536984,27.64204156661157,38.84330493239896,10.844065245208112,75.49746154250326,Sp2035-4349
39456.35803343114,None,-1.9220090689203935,14.459762281987105,27.8298544103862,-7.341216294873843,69.45635803343114,Sp2036-0847
42302.42665782528,None,-0.5831069410330226,15.872118091763477,29.07390303798567,-5.777034142683995,72.30242665782528,Sp2037-1137
48989.23568919067,None,13.064144739194406,27.267695066985524,37.80735845710962,9.597627482044658,78.98923568919066,Sp2038-4020
36944.88230222083,None,18.406075079119645,29.985500439013297,38.732869107928664,15.444413732016772,66.94488230222083,Sp2038-5223
59620.76905731703,None,7.793867307151417,23.806133544493694,35.288743980236355,4.0605176922527875,89.62076905731703,Sp2039-2926
-1757.796773158521,None,-21.920165910411527,-5.396245178239106,3.1774948327204555,-24.59253651303408,28.24220322684148,Sp2042+3225
35668.24126499174,None,-5.1025227108074445,13.95919821980678,24.680684827493778,-8.005532092410675,65.66824126499174,Sp2042-0500
39018.99281449623,None,-3.3272649498067723,15.469775646383663,26.41667099628393,-6.384619045552036,69.01899281449623,Sp2042-0821
15375.398170471413,None,-15.224132273276004,3.9878297305803025,13.187660774661117,-17.378395325444142,45.37539817047141,Sp2044+1517
25797.515196181594,None,21.932573304530965,32.10438140533496,36.948126846316946,21.153538611040737,55.79751519618159,Sp2045-6332
16299.422818997826,None,-15.407757862423578,5.05095373361077,13.178172588492759,-16.3595023778078,46.299422818997826,Sp2047+1421
38797.3209431056,None,-4.555326056881092,16.503793817192168,25.175422603788384,-5.387444556331687,68.7973209431056,Sp2047-0808
-1617.825379029803,None,-23.10218147153069,-4.196553037844455,2.214315969046226,-23.30285901729916,28.382174620970197,Sp2049+3216
-2950.398994402992,None,-23.61704279348453,-4.868836551270027,1.3732562144359004,-23.73059556673847,27.049601005597008,Sp2049+3336
47924.946263311795,None,-0.397009376339711,21.153604502578233,28.73581993623921,-0.21035174492197467,77.9249462633118,Sp2049-1716
50389.33548993974,None,0.9814585297979744,22.082857122257025,29.850045060845233,0.9500445379740823,80.38933548993974,Sp2049-1944
25490.40909731559,None,-12.266662604305575,10.987453232056891,17.25062304074315,-10.905681091361412,55.49040909731559,Sp2052+0510
-0.5,None,-31.047948274980612,-22.789886931686553,-20.53351692713536,-30.701307170745714,-10.413993255846352,Sp2052+7104
53967.48396097783,None,2.2457447524127687,24.121454409962684,30.587616978136456,3.33497382431048,83.96748396097783,Sp2052-2318
41356.165556364074,None,14.431206304683554,31.435174852924558,36.29536837578433,15.418946063433644,71.35616555636408,Sp2052-4758
24816.197625947574,None,21.52479267995066,32.966557000765924,35.98164816436475,22.312083944043682,54.816197625947574,Sp2052-6431
27601.633512652385,None,-11.477980118882558,12.308952642225453,18.158777758160234,-9.644273914433617,57.601633512652384,Sp2053+0303
-26.606235145699344,None,-24.28225903493556,-4.026970834146616,0.8925566512721066,-22.866478980790554,27.339376485430066,Sp2053+3319
35174.26274234655,None,17.160284897410772,32.43410870658884,36.515082745918924,18.219792131819478,65.17426274234656,Sp2053-5409
33536.57167321016,None,-9.439311654369696,16.206192891907865,20.343669903834343,-5.811980065114453,63.536571673210155,Sp2057-0252
56715.75618835959,None,5.514240487106171,29.093966796113197,31.89556498681689,9.525589998796502,86.71575618835959,Sp2100-3236
27541.20828621234,None,-13.102363639886692,13.845266752703862,16.57658392859855,-8.075873965974427,57.54120828621234,Sp2101+0307
23285.59931314563,None,-15.950421369619114,12.378023423512852,13.540336500539414,-9.335332582355027,53.28559931314563,Sp2104+0722
-355.73336112009815,None,-25.67523577799962,-0.8133336183048162,0.35408379784902794,-19.845832444908325,29.644266638879902,Sp2104+3100
41282.151586555585,None,-6.818569150758049,21.31249565754659,22.696038921120678,-0.5715303444463844,71.28215158655559,Sp2104-1037
-0.5,None,-30.601332657658894,-10.192116985914673,-9.668604004018794,-25.41748153866132,12.38552608184034,Sp2105+4816
47502.045707947545,None,-4.051577777563069,24.60975419333297,24.90038034363577,3.0477314127682122,77.50204570794754,Sp2106-1650
48592.63468804656,None,8.706742635469238,32.425611457479135,32.7438152054745,14.383452666505494,78.59263468804656,Sp2106-4044
33784.23888707175,None,-11.385611625023055,18.41534297811115,18.38715076033347,-3.601066642666412,63.784238887071744,Sp2107-0307
55372.74453839984,None,4.96002472194051,30.912357220312703,30.85497975956808,11.471689990369232,85.37274453839984,Sp2107-3357
43601.67861035296,None,11.033230427453075,33.65329591216481,33.39621051866329,16.80854816561443,73.60167861035296,Sp2107-4544
336610.9736338295,None,15.65118545327919,35.040846484333805,34.06470091759511,21.117219862952236,63.66109736338295,Sp2110-5540
-0.5,None,-30.56005841393037,-27.27326192960288,-27.359387187293983,-29.622832033745347,-23.7969781664381,Sp2112+8427
26959.060363034892,None,-16.668236878485008,16.748701670577685,13.063186356391181,-5.065185866868114,56.959060363034894,Sp2116+0341
80081.25700804996,None,-25.0641624786038,6.126320251564042,2.8893893893261384,-13.96366816793093,38.008125700804996,Sp2116+2238
-381.36493835353315,None,-29.446512035863755,-0.49416337268150046,-3.9174430027407494,-18.60584913854192,26.18635061646467,Sp2117+3428
44243.67547575766,None,9.111031202391072,35.40206228733925,31.44695235072264,18.24655390465483,74.24367547575766,Sp2118-4505
20289.818492573177,None,-20.803855257214426,14.014836983675178,8.638345974521819,-7.33515828528016,50.289818492573175,Sp2120+1021
47835.27722639157,None,6.8010192601522546,35.25759157301438,30.24959906551479,17.18123690035614,77.83527722639157,Sp2120-4130
5136.209334807084,None,-28.432913436777614,6.434379167294664,-0.7509476208627676,-13.020807076268303,35.136209334807084,Sp2126+2531
57617.93608815379,None,0.37098815461450146,34.14511827754139,26.338202824271438,14.049398796335478,87.61793608815378,Sp2126-3143
7673.012797754829,None,26.066050943566722,32.47624440477205,30.96500771667297,28.83640012706035,37.67301279775483,Sp2126-8140
13782.238607734584,None,-25.20750751384151,11.689281253188048,3.735988677227656,-8.917583429879256,43.782238607734584,Sp2127+1652
-0.5,None,-34.73768123071667,-11.774587381638892,-16.41137955331319,-24.41670086199641,4.768616323353134,Sp2127+5553
47092.553177953945,None,6.201533687224131,36.583992352831046,29.24586427868289,18.59891884855878,77.09255317795395,Sp2127-4215
142059.13676970993,None,23.234649329339735,34.50654449420744,31.795340831215146,28.046894095636016,44.205913676970994,Sp2127-7508
241672.97015053016,None,18.463265322539485,36.65423073069926,32.200515130834795,26.084629745816613,54.167297015053016,Sp2128-6510
39394.0190431092,None,-13.340917687963211,26.202384291101943,16.045331134555113,4.190992122823287,69.3940190431092,Sp2130-0845
16949.076393616564,None,-24.842848601715726,14.442858307409766,4.466902583312664,-6.435815686727172,46.949076393616565,Sp2132+1341
7285.279704983985,None,-28.963836725565038,8.853174108034997,-0.8004758435227022,-10.793262283919212,37.285279704983985,Sp2133+2321
65836.54592266945,None,-29.53110879660259,8.690012473380836,-1.4538199074868516,-10.820118249317025,36.583654592266946,Sp2134+2404
-0.5,None,-33.73331798336756,-0.3727749845966837,-8.952124007624544,-17.232814186607524,22.004527884824263,Sp2134+3838
58630.18174672336,None,-1.8641898778393873,35.782698356283426,24.099876227709824,15.404139523158639,88.63018174672337,Sp2135-3040
57448.30257314021,None,-1.0344396307173718,35.96663499276724,24.664036792371725,15.787036442714466,87.44830257314021,Sp2135-3153
15800.931489534129,None,-26.42918650663643,14.742997785432411,2.8388375463286697,-5.9286090323282865,45.80093148953413,Sp2137+1450
36104.457826677375,None,-16.488432129132022,26.007455277548356,13.050914832205265,4.009471344697983,66.10445782667738,Sp2137-0527
219514.72911475442,None,18.767951149724873,37.18902489805463,31.27672299885165,27.502170234849906,51.95147291147544,Sp2137-6723
191093.2293561008,None,20.238031514048195,36.50741462065115,31.31182260224051,27.9931730429715,49.10932293561008,Sp2137-7014
-0.5,None,-36.220076904201804,-8.747837846731057,-16.45410413459493,-21.99309263771519,7.6946678498389804,Sp2138+5257
-0.5,None,-34.80787142834703,-0.251506918933757,-10.198134528823882,-16.791224342184165,21.072602286943646,Sp2139+3934
31480.59284108082,None,-19.53194007032823,24.209530436118516,10.190145108591443,2.3535972413224293,61.48059284108082,Sp2140-0050
380380.02051010705,None,9.36951300523893,39.680901930444485,28.86341306739282,24.078144976174894,68.03800205101071,Sp2141-5118
5732.351593946774,None,26.406698020811852,32.24163527797345,30.146339767736457,29.485175569754453,35.732351593946774,Sp2143-8337
494240.5440131725,None,-10.455758070871378,33.649511373187636,17.559706413526037,11.920395726435807,79.42405440131725,Sp2144-1847
-0.5,None,-35.72087775436139,2.2539655293154457,-10.312191387578164,-14.57543136393363,23.314953965997564,Sp2146+3719
258533.86157628527,None,-24.262342398839387,22.91284575648632,5.5197613998922685,1.465489565706519,55.85338615762853,Sp2148+0447
23989.07153264451,None,-25.24252303525203,21.899776679808276,4.524623918851328,0.6054131317633629,53.98907153264451,Sp2148+0639
312660.8230487053,None,12.502536390273628,40.1753513684522,29.086239611359453,26.862209390135643,61.26608230487053,Sp2149-5805
231767.44682605154,None,17.06890540712604,38.67948222607477,29.97447617565333,28.514065282536304,53.176744682605154,Sp2150-6610
7176.353086424853,None,-32.84337521778787,12.009658849174755,-4.388520900286187,-7.210854220902463,37.176353086424854,Sp2151+2328
423258.90030770365,None,-15.866806804206771,32.01520326932863,12.965915686091114,10.006226789262776,72.32589003077037,Sp2151-1141
490486.4674653548,None,1.3909430392880089,40.807016986256954,24.349636275579996,22.074829987811786,79.04864674653548,Sp2151-4017
8104.659995224104,None,-35.41169129057925,8.328729843660389,-8.03570136284046,-9.754235315727385,30.81046599952241,Sp2153+2950
442717.4262023927,None,3.7085993302481937,42.01464095516773,25.00893671229498,24.452568143109065,74.27174262023927,Sp2156-4505
-0.5,None,-34.885198511931435,-21.121760978717166,-26.562465869884356,-26.700163496855364,-14.983014375328345,Sp2157+7537
580291.3449969591,None,-7.647774751272852,39.48362930771527,18.42393082336877,18.416151217141692,88.02913449969591,Sp2157-2726
337753.3414182461,None,10.037360504014872,41.710245595260155,27.438820088276703,27.47063115760049,63.77533414182461,Sp2157-5534
-0.5,None,-38.772539841444,-10.224527071680873,-21.318584341856088,-21.388965315312593,2.036966837307865,Sp2158+5836
464704.4489207241,None,-14.787798807910484,35.355766403531895,13.378452500513133,13.416078400796778,76.47044489207241,Sp2158-1550
-0.5,None,-39.341585547135075,-8.01817004875826,-20.45149555232198,-19.995190480433475,5.044341774781969,Sp2200+5536
32408.00256588019,None,-23.583592754760854,29.244759614445343,5.959185754672837,7.498908923188513,62.40800256588019,Sp2201-0145
-0.5,None,-39.78954029403684,-6.124625150715653,-19.75598962272201,-18.73739704846499,7.547615753563908,Sp2202+5305
325744.309199602,None,10.097971096478247,42.39013891683311,26.84114863646158,28.580428684219946,62.5744309199602,Sp2204-5646
41707.07157176332,None,-19.0940928516776,34.85623903594907,9.5534435814426,12.840918068595297,71.70707157176332,Sp2205-1104
513909.12778637017,None,-13.316750607006314,39.126351427154795,13.839155772932124,17.377054117597172,81.39091277863702,Sp2206-2047
470541.7957298054,None,0.4506098452071921,43.82088523751659,22.306448968224075,25.429263463562926,77.05417957298054,Sp2206-4217
522250.5284911024,None,-3.285869388525212,43.861035015361125,20.008831125190753,24.253157378284776,82.22505284911024,Sp2209-3707
402409.6715964684,None,-21.02555127615608,35.298008093934094,7.698875373682564,13.309193572036412,70.24096715964684,Sp2210-0936
465820.50661023613,None,-0.1856808475789236,45.094794268269304,21.288348403782084,26.771550330761542,76.58205066102362,Sp2213-4245
344981.7328356917,None,7.8185858014106095,44.082107884245595,25.047518587688213,29.570448796294414,64.49817328356917,Sp2213-5451
256549.9758503317,None,13.5825896809225,41.79243644781831,27.14203716560089,30.709638672607475,55.65499758503317,Sp2213-6342
439651.3702233298,None,-19.530514499394073,37.905600332153774,8.623930061916383,15.888552206975376,73.96513702233298,Sp2214-1319
452978.2187789331,None,-19.60198873700378,39.53355368430542,8.238408995882699,17.519997332116922,75.29782187789331,Sp2219-1440
186637.18814255908,None,-34.9065210812892,25.035359016264454,-5.155013277515531,4.917627510783666,48.66371881425591,Sp2221+1158
-0.5,None,-41.8363414577164,-8.174133618359543,-24.422964974164305,-18.63270162339675,1.6898019790164966,Sp2222+5857
320432.48696382996,None,8.525539430317888,44.75136611776922,24.514137424870757,31.178877464380353,62.043248696382996,Sp2222-5719
81288.05348870579,None,-39.77257433959474,18.405710797368272,-10.720697254947375,-0.05493549613274683,38.12880534887058,Sp2224+2230
503403.77721054776,None,-4.218186417639686,46.99455380276855,17.995278492800047,27.66593308988121,80.34037772105478,Sp2224-3901
-0.5,None,-41.69067919600997,-9.76718384243919,-25.672968790184143,-19.3445552458846,-1.0246695141711302,Sp2226+6139
143002.89740253688,None,20.036436537965958,38.00763913846937,28.015395414682,31.821254977509835,44.30028974025369,Sp2226-7503
440500.99151322455,None,-22.13982760482887,40.987645342283656,5.65854904538236,18.977314253308844,74.05009915132246,Sp2228-1325
374810.1355513853,None,-26.444927486806996,37.941907003314334,2.2445240540732603,16.150280713832714,67.48101355513853,Sp2229-0650
418834.8758622344,None,0.9662869775879196,47.704052143138675,20.322285880700946,30.667220579830285,71.88348758622344,Sp2229-4728
553873.584915643,None,-8.660743575645368,47.81421089616682,14.708580270007806,27.39521683869185,85.3873584915643,Sp2230-3358
356150.74877708126,None,5.3211474950935695,46.6428232368656,22.445298226963985,31.75496775396936,65.61507487770812,Sp2230-5344
214754.356552898,None,-35.808923445525586,28.79869749149996,-6.036219703642208,8.55770438795899,51.4754356552898,Sp2232+0909
-335.61923296169346,None,-44.63089384475893,11.520238158838792,-17.502364064668274,-4.513436095647216,26.643807670383065,Sp2233+3359
-0.5,None,-44.89665024444801,10.18518722555671,-18.228252587651337,-5.4801575349233955,24.841146504885877,Sp2233+3547
66359.32125301039,None,-42.32826577397691,18.897123238307593,-13.344779776197093,0.9936503275555886,36.63593212530104,Sp2234+2359
578859.2714293965,None,-13.768772863206726,47.20480912530764,11.128372848085435,25.80549318650251,87.88592714293965,Sp2234-2720
263161.7455183007,None,-34.079888329948155,32.60949446448574,-4.4862678557389986,11.85688287846503,56.316174551830066,Sp2235+0418
119592.02646210855,None,-40.79684560592012,22.949817577865705,-11.273336428935593,4.198395363638575,41.959202646210855,Sp2235+1840
-0.5,None,-45.97220575589702,7.991427481327263,-20.285510422442933,-6.785181242974761,21.261567684993913,Sp2237+3922
-0.5,None,-46.15524648411122,4.642672852893851,-21.993643740624556,-9.11657986908713,16.751432988917962,Sp2238+4353
-0.5,None,-46.638102710639956,7.687772221901727,-21.206901567666623,-6.768751909189617,20.324850851884193,Sp2240+4018
464704.37701481686,None,-3.6314579298998164,50.01442195784257,16.790775196889946,31.5744304587839,76.47043770148169,Sp2240-4253
563146.3139452717,None,-10.95503857458718,49.90630200710989,12.251066302644974,29.223428072330552,86.31463139452717,Sp2241-3258
301026.14001531777,None,8.104375468519205,46.490001506226676,22.730691083153346,33.810181268387446,60.10261400153178,Sp2241-5915
280337.86298531084,None,9.61345355797261,45.65467460160823,23.42149600828693,33.81947148884017,58.03378629853108,Sp2241-6119
143561.58173308976,None,19.268803591099495,38.861019986851,27.03828641143966,32.80417633178601,44.35615817330898,Sp2241-7500
49181.10062953097,None,-44.71589442819186,18.983729516299622,-15.858846048646887,1.6858755503269327,34.9181100629531,Sp2242+2542
298260.16236141184,None,8.187725107449504,46.54329411833377,22.65960914027341,33.990623442825715,59.826016236141186,Sp2243-5932
585950.847742349,None,-13.008802498030132,50.21564496777235,10.641284496000646,29.160623371624865,88.5950847742349,Sp2244-3045
-0.5,None,-45.083500593321475,-5.31911292026673,-27.115763814638555,-15.413302892054483,2.7901264762308458,Sp2245+5750
10710.91904808823,None,-43.71808262239229,23.893750814760566,-14.19765898003534,5.7161304986166295,40.71091904808823,Sp2247+1955
118061.04887999837,None,20.79412554231211,37.60999627537484,27.248713707537185,32.678596143453596,41.80610488799984,Sp2247-7733
-14650.746086241177,None,-47.500622333240216,15.065400297769974,-19.711111125898807,-0.7805552613702826,28.534925391375882,Sp2249+3205
336387.7159733853,None,4.711658845253733,48.88200396141355,20.377880682864408,34.87085709627149,63.63877159733853,Sp2250-5543
326824.5617021121,None,5.472856041398404,48.466356248778204,20.804272244124835,34.82940755010504,62.68245617021121,Sp2250-5640
481369.99504013883,None,-23.599860613560438,47.81778243448519,2.7561560616089067,25.80096242066839,78.13699950401389,Sp2252-1730
41335.028912923786,None,-1.3207636267277871,51.48259453920615,16.93099697428823,34.63517099589422,71.33502891292379,Sp2253-4801
591383.9643013314,None,-16.026537925567318,51.95505618279232,7.726953952363974,30.550206415791937,89.13839643013314,Sp2254-2840
321456.9115517077,None,5.409999461529873,48.908722330247365,20.35501549315395,35.5421342266719,62.14569115517077,Sp2255-5713
301036.50163128314,None,-36.21687965314872,39.0433005889903,-7.189414444690674,18.279731527851826,60.103650163128314,Sp2256+0031
-0.5,None,-41.68583059755193,-13.272762376738477,-29.859419155762723,-20.073972454480415,-8.265121731631393,Sp2256+6854
48852.39477517065,None,-7.479566452688749,53.269756234929325,12.956856459947703,34.118969789395386,78.85239477517065,Sp2257-4030
42719.77193764684,None,-2.8905291323793456,52.5551952553903,15.614433372254453,35.25172179666362,72.71977193764684,Sp2257-4638
294021.7575917072,None,-37.072900721855355,39.00034259926979,-8.007588715338187,18.371134394721423,59.402175759170724,Sp2258+0113
-0.5,None,-35.5400119214532,-21.96157849007376,-30.22566019582809,-25.262097647117642,-19.583409820793822,Sp2259+8013
35025.86784387547,None,2.8728828979980463,50.51269039635756,18.7184018307306,36.03785256125749,65.02586784387547,Sp2259-5420
9612.995529007421,None,-47.61600113715924,25.569548057305955,-18.056540322539163,8.173709615255872,39.61299552900742,Sp2303+2100
356737.2854154196,None,-34.62649786886652,44.40840085970243,-6.538214176990349,23.205946278629906,65.67372854154196,Sp2306-0502
39220.362965754604,None,-1.1401737184974319,53.093509100748335,15.819816518702012,37.07966457964826,69.2203629657546,Sp2306-5008
57971.73998568682,None,-18.95851353451709,54.54408457274001,4.526527513900876,32.91002846973173,87.97173998568682,Sp2308-2722
48588.64122475944,None,-26.280189867766616,51.938469223820086,-0.7199763671913615,29.931758935962193,78.58864122475944,Sp2310-1759
-0.5,None,-42.62167018942964,-12.946692027358274,-31.476258896050254,-19.124110732222285,-9.023487484117274,Sp2314+6939
370891.1583328296,None,-35.41753991065568,47.13435893288881,-7.8364235727031435,25.94517874172579,67.08911583328296,Sp2315-0627
52298.15857052128,None,-24.544279372355245,54.80100082364228,-0.10193607558775485,32.80047700718745,82.29815857052128,Sp2316-2141
-0.5,None,-45.78171861261384,-8.396234853102861,-31.682308238827552,-15.875815008573957,-3.7588918310519666,Sp2317+6423
332277.5361720312,None,-38.26560969147475,44.99945560360149,-10.102720097961924,24.30650001242399,63.22775361720312,Sp2317-0236
-0.5,None,-38.507640625935785,-18.607160172602153,-31.475289746593,-22.697415656293995,-16.125934836754823,Sp2319+7645
440713.9564983153,None,-31.394517089688364,52.12974076114163,-5.330059225707914,30.373293098386974,74.07139564983153,Sp2321-1326
57777.43847015344,None,-17.69970235269088,58.36513724780343,3.995409007455304,37.16295972584996,87.77743847015344,Sp2322-3133
31068.65467927198,None,3.84499075807194,51.85233062309492,17.256399208967256,39.407278192380495,61.06865467927198,Sp2324-5817
-0.5,None,-54.86002190232258,10.553094107402638,-29.98375918413139,-1.5296898488451334,17.768925285506764,Sp2325+4251
48321.23931473774,None,-29.205732634069665,55.48783914463828,-4.338647423787567,33.53842861169367,78.32123931473774,Sp2327-1741
3561.5239562288893,None,-55.09023305528322,24.28709783409937,-25.925328892369286,9.185958800433605,33.56152395622889,Sp2329+2704
-0.5,None,-54.733429827689484,7.8166978034177585,-31.376203141002367,-3.349315665212817,14.190215500620445,Sp2329+4626
467554.4149773381,None,-30.76086434984636,55.26792224288438,-5.653980378285827,33.40815797128336,76.75544149773381,Sp2329-1607
35221.16090564862,None,0.05232230706158092,54.59312259572093,14.677089601354298,40.48233502848695,65.22116090564862,Sp2329-5408
41754.43022487798,None,-5.442929874133238,57.55972360568255,11.243362652458273,40.821546652322894,71.75443022487798,Sp2330-4736
147513.8506755362,None,-51.70744149410838,33.77695758150702,-21.951952460563152,16.646699070671932,44.75138506755362,Sp2331+1552
347258.1696611094,None,-39.76921360890115,48.55952726734231,-12.276147071503264,28.00220086031774,64.72581696611094,Sp2331-0406
58292.168545839646,None,-21.798984723533096,59.66004527978558,0.4151844559153279,37.938640777643656,88.29216854583964,Sp2331-2749
-0.5,None,-40.38282655447415,-16.604188722854364,-32.55995642877904,-20.94964102594461,-14.302904539867004,Sp2333+7456
52186.948764582085,None,-27.116599786939563,58.399967378223806,-3.4656162140949993,36.38361839060781,82.18694876458208,Sp2333-2133
110808.04161296591,None,-53.95316281640171,31.222565904336125,-24.1832663070537,14.93815180371906,41.08080416129659,Sp2334+1933
330192.88120560715,None,-41.704682496738485,48.16385173857178,-14.047517984356796,27.981056831694964,63.01928812056072,Sp2335-0223
120476.88392106806,None,-53.91498506960023,32.23616533606834,-24.134024506303412,15.846209949977796,42.04768839210681,Sp2336+1835
87366.04549047761,None,-55.264107147605166,29.550366527126396,-25.564561621461614,13.81834967373465,38.73660454904776,Sp2336+2153
-0.5,None,-56.688137331361865,10.557334520831603,-32.314500467582306,-0.7384864712351142,16.539871963324025,Sp2337+4405
401800.46609385114,None,-36.9159348098165,53.21805010910145,-10.727735833118508,32.071567125658184,70.18004660938512,Sp2337-0933
-0.5,None,-47.95048765382129,-6.787347821102598,-33.96284894176251,-13.761801794591774,-3.2455355772007968,Sp2338+6352
433832.77953700867,None,-34.74971727265908,55.41200202917488,-9.327061669917471,33.925129358024634,73.38327795370087,Sp2338-1246
51087.67935088355,None,-28.68028196563695,59.08074072999074,-5.035899621833373,37.08161576424689,81.08767935088355,Sp2338-2029
41924.905862561136,None,-6.33105092384239,58.8809690490849,9.998849519265747,42.179440455313284,71.92490586256113,Sp2338-4726
-44915.7306599999,None,-58.17721744743054,18.568162483298195,-30.577477096268524,5.560750210565861,25.50842693400001,Sp2339+3507
59606.23948177555,None,-22.293560573908948,62.5138124450567,-1.0903633919142006,40.86169710509857,89.60623948177555,Sp2343-2906
174127.99378687475,None,-53.19460251552082,37.802116479088056,-23.660691686290676,20.8032185070866,47.412799378687474,Sp2344+1312
38182.76482020528,None,-39.5308265870282,53.27812411587741,-13.224136711661918,32.5602354979495,68.18276482020528,Sp2344-0733
-0.5,None,-45.91054126434147,-10.037075008899738,-34.450921787484475,-15.820558289152535,-7.347037588591645,Sp2345+6758
191403.65062470586,None,-52.690694624456796,39.50568582264754,-23.334597538688875,22.277804281725793,49.140365062470586,Sp2346+1129
35955.13252614097,None,-59.08026658731624,26.461845453907543,-29.750017846406998,12.297853631493988,33.5955132526141,Sp2347+2702
37273.33995783805,None,-40.831958803704936,53.37785164149431,-14.500990799845061,32.903151616857436,67.27333995783805,Sp2347-0638
57795.04026242511,None,-20.811692289433175,63.824785283136734,-0.5516937173655907,42.48665746739877,87.7950402624251,Sp2348-3134
44365.03831998159,None,-35.65571831254803,58.142966763397695,-11.000064130269312,36.72057199114809,74.3650383199816,Sp2349-1344
225225.799306153,None,-51.49869268102006,42.80825421040437,-22.613095429790405,25.121141663888675,52.5225799306153,Sp2350+0806
448.76438929166085,None,-60.41390649706455,24.106329158633855,-31.54469405554285,10.759524904510434,30.44876438929166,Sp2351+3010
50750.30788685643,None,-30.88556956820538,61.95670301678265,-7.948255610130534,40.018143568778136,80.75030788685643,Sp2352-2009
39180.27276804244,None,-40.35787923225003,55.783064659031496,-14.734945620575312,35.17967068326566,69.18027276804244,Sp2353-0833
18105.003130973004,None,-60.976563005220484,25.662243466176147,-31.84075330500283,12.244418005805088,31.8105003130973,Sp2354+2849
49496.248036542296,None,-32.23795863287641,61.858367967331176,-9.113451776976278,40.0104885280009,79.4962480365423,Sp2354-1852
56069.54921835692,None,-19.986045371050967,65.0502581228449,-0.5271642667537954,43.99756872524979,86.06954921835693,Sp2354-3316
26168.547342138914,None,6.093795474767806,51.42129629935523,16.605041189957056,41.858136984688144,56.168547342138915,Sp2354-6312
31372.32279040559,None,1.476436753732315,55.200616460344214,13.653168069808695,43.417930769966134,61.37232279040559,Sp2355-5800
54937.98792053398,None,-19.199905653383606,65.41846722281734,-0.17961248737297766,44.608826691406556,84.93798792053398,Sp2356-3426
50910.64612087511,None,-15.772375088987493,64.96279033720363,2.1054825437696314,45.23709487506036,80.91064612087511,Sp2356-3827
-0.5,None,-61.132824013546525,15.692924122016612,-35.17265297897336,4.596896317288239,20.43993699733661,Sp2357+4011
-0.5,None,-53.7219992882592,0.002685610270131563,-36.55294428803376,-7.681991275495006,3.1677411597596614,Sp2357+5727
26610.049632138434,None,5.473602566830755,52.074903722847644,15.956525321440774,42.46022902919093,56.610049632138434,Sp2358-6245
6985.789533846962,None,-60.71598701565563,30.690164070961533,-31.00747863796821,16.514860518647907,36.98578953384696,Sp2359+2338
50721.6188336797,None,-31.84408598340397,63.46569859096166,-9.333932823081694,41.56965217539708,80.7216188336797,Sp2359-2007
5939.420244345325,None,-23.731883401344337,65.92581386125607,-3.5876698971678747,44.24830419669743,89.39420244345325,Sp2359-2932
